seq,subj,item,cond,R1,R2,R3,R4,R5,R6,R7,R8
23,1,1,1,1836,1366,135,,85,1762,,
0,1,1,0,,,,,,,,
0,1,1,0,,,,,,,,
0,1,2,0,,,,,,,,
0,1,2,0,,,,,,,,
11,1,2,2,3006,2372,2580,2426,1404,2850,,
39,1,3,1,2328,1254,1750,1676,1523,1424,,
0,1,3,0,,,,,,,,
0,1,3,0,,,,,,,,
0,1,4,0,,,,,,,,
0,1,4,0,,,,,,,,
13,1,4,2,4232,701,1382,1806,1267,1332,,
5,1,5,1,3190,1513,1321,1384,1188,1647,,
0,1,5,0,,,,,,,,
0,1,5,0,,,,,,,,
0,1,6,0,,,,,,,,
0,1,6,0,,,,,,,,
9,1,6,2,1505,2364,1598,1749,957,1565,,
41,1,7,1,3101,1989,2688,1809,365,88,,
0,1,7,0,,,,,,,,
0,1,7,0,,,,,,,,
0,1,8,0,,,,,,,,
0,1,8,0,,,,,,,,
17,1,8,2,1754,1726,1609,1411,2303,169,,
43,1,9,1,2379,442,638,771,,384,,
0,1,9,0,,,,,,,,
0,1,9,0,,,,,,,,
0,1,10,0,,,,,,,,
0,1,10,0,,,,,,,,
47,1,10,2,2347,1335,1013,369,208,1372,,
52,1,11,1,855,2113,176,151,161,141,,
0,1,11,0,,,,,,,,
0,1,11,0,,,,,,,,
0,1,12,0,,,,,,,,
56,1,12,2,546,719,510,167,358,1007,,
0,1,12,0,,,,,,,,
64,1,13,1,731,582,167,1383,155,256,,
0,1,13,0,,,,,,,,
0,1,13,0,,,,,,,,
0,1,14,0,,,,,,,,
16,1,14,2,3707,1554,727,948,148,1262,,
0,1,14,0,,,,,,,,
31,1,15,1,1899,,303,1570,1232,1463,,
0,1,15,0,,,,,,,,
0,1,15,0,,,,,,,,
0,1,16,0,,,,,,,,
7,1,16,2,2780,2789,3275,1438,1124,1433,,
0,1,16,0,,,,,,,,
32,1,17,1,1891,,272,208,1164,1400,,
0,1,17,0,,,,,,,,
0,1,17,0,,,,,,,,
0,1,18,0,,,,,,,,
62,1,18,2,1046,2433,1686,1929,1661,2943,,
0,1,18,0,,,,,,,,
61,1,19,1,871,943,2777,2127,2263,2134,,
0,1,19,0,,,,,,,,
0,1,19,0,,,,,,,,
0,1,20,0,,,,,,,,
40,1,20,2,2867,2079,3253,1294,124,1824,,
0,1,20,0,,,,,,,,
19,1,21,1,4887,1946,1355,1305,1547,1472,,
0,1,21,0,,,,,,,,
0,1,21,0,,,,,,,,
0,1,22,0,,,,,,,,
26,1,22,2,2442,1335,1292,1014,1784,1179,,
0,1,22,0,,,,,,,,
44,1,23,1,1989,1442,1733,1273,1119,1579,,
0,1,23,0,,,,,,,,
0,1,23,0,,,,,,,,
0,1,24,0,,,,,,,,
20,1,24,2,2551,1277,,228,,559,,
0,1,24,0,,,,,,,,
35,1,25,1,1612,4621,1550,2413,1306,1432,,
0,1,25,0,,,,,,,,
0,1,25,0,,,,,,,,
0,1,26,0,,,,,,,,
8,1,26,2,2951,1385,1679,1314,1636,1682,,
0,1,26,0,,,,,,,,
28,1,27,1,965,144,1445,134,1439,1594,,
0,1,27,0,,,,,,,,
0,1,27,0,,,,,,,,
0,1,28,0,,,,,,,,
15,1,28,2,3743,1788,1774,2634,445,2610,,
0,1,28,0,,,,,,,,
24,1,29,1,863,1132,295,1546,225,2139,,
0,1,29,0,,,,,,,,
0,1,29,0,,,,,,,,
0,1,30,0,,,,,,,,
29,1,30,2,3001,1965,1643,1739,2109,2322,,
0,1,30,0,,,,,,,,
59,1,31,1,856,1865,117,1192,1396,2023,,
0,1,31,0,,,,,,,,
0,1,31,0,,,,,,,,
0,1,32,0,,,,,,,,
63,1,32,2,460,145,469,121,389,161,,
0,1,32,0,,,,,,,,
23,2,1,0,,,,,,,,
0,2,1,0,,,,,,,,
30,2,1,2,2186,116,165,653,682,810,,
13,2,2,1,1961,1612,1390,992,1005,735,,
0,2,2,0,,,,,,,,
11,2,2,0,,,,,,,,
39,2,3,0,,,,,,,,
0,2,3,0,,,,,,,,
41,2,3,2,2712,1273,1069,634,744,1032,,
28,2,4,1,738,1110,220,155,648,1630,,
0,2,4,0,,,,,,,,
13,2,4,0,,,,,,,,
5,2,5,0,,,,,,,,
0,2,5,0,,,,,,,,
20,2,5,2,769,1195,1191,257,693,686,,
44,2,6,1,689,1633,1082,844,591,161,,
0,2,6,0,,,,,,,,
9,2,6,0,,,,,,,,
41,2,7,0,,,,,,,,
0,2,7,0,,,,,,,,
39,2,7,2,2328,137,,151,777,746,,
64,2,8,1,910,1132,285,669,425,520,,
0,2,8,0,,,,,,,,
17,2,8,0,,,,,,,,
43,2,9,0,,,,,,,,
0,2,9,0,,,,,,,,
48,2,9,2,1479,1423,479,283,,183,,
50,2,10,1,1437,732,1230,493,506,888,,
0,2,10,0,,,,,,,,
47,2,10,0,,,,,,,,
52,2,11,0,,,,,,,,
34,2,11,2,676,1425,,179,,211,,
0,2,11,0,,,,,,,,
55,2,12,1,924,1548,2443,638,,178,,
56,2,12,0,,,,,,,,
0,2,12,0,,,,,,,,
64,2,13,0,,,,,,,,
66,2,13,2,886,,193,770,853,508,,
0,2,13,0,,,,,,,,
53,2,14,1,942,883,819,732,602,751,,
16,2,14,0,,,,,,,,
0,2,14,0,,,,,,,,
31,2,15,0,,,,,,,,
56,2,15,2,769,645,700,232,704,175,,
0,2,15,0,,,,,,,,
17,2,16,1,900,538,593,636,613,655,,
7,2,16,0,,,,,,,,
0,2,16,0,,,,,,,,
32,2,17,0,,,,,,,,
6,2,17,2,1039,382,421,1092,529,1930,,
0,2,17,0,,,,,,,,
33,2,18,1,881,3098,1258,977,321,1204,,
62,2,18,0,,,,,,,,
0,2,18,0,,,,,,,,
61,2,19,0,,,,,,,,
52,2,19,2,1252,1065,788,686,479,1911,,
0,2,19,0,,,,,,,,
46,2,20,1,1276,579,940,1227,904,815,,
40,2,20,0,,,,,,,,
0,2,20,0,,,,,,,,
19,2,21,0,,,,,,,,
62,2,21,2,1758,783,580,529,1524,1257,,
0,2,21,0,,,,,,,,
59,2,22,1,1550,634,734,526,206,1027,,
26,2,22,0,,,,,,,,
0,2,22,0,,,,,,,,
44,2,23,0,,,,,,,,
54,2,23,2,1049,1184,812,754,693,965,,
0,2,23,0,,,,,,,,
32,2,24,1,1302,634,1031,489,,522,,
20,2,24,0,,,,,,,,
0,2,24,0,,,,,,,,
35,2,25,0,,,,,,,,
67,2,25,2,1737,1001,1309,1062,823,1274,,
0,2,25,0,,,,,,,,
43,2,26,1,1786,994,1026,773,600,792,,
8,2,26,0,,,,,,,,
0,2,26,0,,,,,,,,
28,2,27,0,,,,,,,,
23,2,27,2,1506,1474,1190,518,187,315,,
0,2,27,0,,,,,,,,
15,2,28,1,2301,666,282,697,220,1533,,
15,2,28,0,,,,,,,,
0,2,28,0,,,,,,,,
24,2,29,0,,,,,,,,
37,2,29,2,2394,705,330,1033,744,817,,
0,2,29,0,,,,,,,,
27,2,30,1,1235,328,1190,82,797,620,,
29,2,30,0,,,,,,,,
0,2,30,0,,,,,,,,
59,2,31,0,,,,,,,,
26,2,31,2,1139,698,366,125,626,861,,
0,2,31,0,,,,,,,,
5,2,32,1,1374,2713,,276,865,544,,
63,2,32,0,,,,,,,,
0,2,32,0,,,,,,,,
36,3,1,1,1820,3528,,144,569,579,,
0,3,1,0,,,,,,,,
30,3,1,0,,,,,,,,
13,3,2,0,,,,,,,,
0,3,2,0,,,,,,,,
7,3,2,2,2349,168,169,846,160,142,,
29,3,3,1,2804,,1502,136,260,170,,
0,3,3,0,,,,,,,,
41,3,3,0,,,,,,,,
28,3,4,0,,,,,,,,
0,3,4,0,,,,,,,,
14,3,4,2,1123,2877,159,263,1499,1180,,
61,3,5,1,535,198,1564,1709,2067,811,,
0,3,5,0,,,,,,,,
20,3,5,0,,,,,,,,
44,3,6,0,,,,,,,,
0,3,6,0,,,,,,,,
9,3,6,2,1262,186,828,146,575,102,,
48,3,7,1,1913,1290,266,141,422,457,,
0,3,7,0,,,,,,,,
39,3,7,0,,,,,,,,
64,3,8,0,,,,,,,,
0,3,8,0,,,,,,,,
58,3,8,2,954,1636,178,1110,407,520,,
44,3,9,1,466,129,,127,237,594,,
0,3,9,0,,,,,,,,
48,3,9,0,,,,,,,,
50,3,10,0,,,,,,,,
0,3,10,0,,,,,,,,
40,3,10,2,774,134,739,186,295,2027,,
39,3,11,1,3554,1003,467,648,,116,,
34,3,11,0,,,,,,,,
0,3,11,0,,,,,,,,
55,3,12,0,,,,,,,,
67,3,12,2,543,104,775,2459,142,175,,
0,3,12,0,,,,,,,,
35,3,13,1,2080,,775,995,109,566,,
66,3,13,0,,,,,,,,
0,3,13,0,,,,,,,,
53,3,14,0,,,,,,,,
64,3,14,2,2111,523,856,156,347,1751,,
0,3,14,0,,,,,,,,
57,3,15,1,503,1247,561,2923,106,1045,,
56,3,15,0,,,,,,,,
0,3,15,0,,,,,,,,
17,3,16,0,,,,,,,,
16,3,16,2,250,443,461,417,363,509,,
0,3,16,0,,,,,,,,
38,3,17,1,718,820,419,1134,607,165,,
6,3,17,0,,,,,,,,
0,3,17,0,,,,,,,,
33,3,18,0,,,,,,,,
19,3,18,2,1018,145,123,814,695,1382,,
0,3,18,0,,,,,,,,
27,3,19,1,774,357,249,506,758,1977,,
52,3,19,0,,,,,,,,
0,3,19,0,,,,,,,,
46,3,20,0,,,,,,,,
47,3,20,2,1704,152,100,283,549,1161,,
0,3,20,0,,,,,,,,
43,3,21,1,462,184,269,878,194,243,,
62,3,21,0,,,,,,,,
0,3,21,0,,,,,,,,
59,3,22,0,,,,,,,,
22,3,22,2,563,2316,,136,130,1029,,
0,3,22,0,,,,,,,,
68,3,23,1,562,731,330,1953,1232,515,,
54,3,23,0,,,,,,,,
0,3,23,0,,,,,,,,
32,3,24,0,,,,,,,,
6,3,24,2,1189,439,221,757,220,253,,
0,3,24,0,,,,,,,,
60,3,25,1,2538,,205,349,1380,1180,,
67,3,25,0,,,,,,,,
0,3,25,0,,,,,,,,
43,3,26,0,,,,,,,,
33,3,26,2,3051,,517,632,762,840,,
0,3,26,0,,,,,,,,
66,3,27,1,3186,1065,207,722,156,2724,,
23,3,27,0,,,,,,,,
0,3,27,0,,,,,,,,
15,3,28,0,,,,,,,,
42,3,28,2,857,718,243,3067,603,252,,
0,3,28,0,,,,,,,,
13,3,29,1,1165,185,184,153,,114,,
37,3,29,0,,,,,,,,
0,3,29,0,,,,,,,,
27,3,30,0,,,,,,,,
11,3,30,2,1331,157,1684,92,178,142,,
0,3,30,0,,,,,,,,
34,3,31,1,870,371,341,311,142,1115,,
26,3,31,0,,,,,,,,
0,3,31,0,,,,,,,,
5,3,32,0,,,,,,,,
24,3,32,2,1345,376,294,999,1346,185,,
0,3,32,0,,,,,,,,
36,4,1,0,,,,,,,,
0,4,1,0,,,,,,,,
60,4,1,2,3636,286,380,143,515,1543,,
42,4,2,1,4271,1236,1514,131,204,143,225,
0,4,2,0,,,,,,,,
7,4,2,0,,,,,,,,
29,4,3,0,,,,,,,,
0,4,3,0,,,,,,,,
23,4,3,2,988,,276,1350,202,135,,
38,4,4,1,5482,417,293,1478,1070,1424,,
0,4,4,0,,,,,,,,
14,4,4,0,,,,,,,,
61,4,5,0,,,,,,,,
0,4,5,0,,,,,,,,
54,4,5,2,4202,1131,1493,1015,994,2186,,
43,4,6,1,12046,,899,808,2749,721,,
0,4,6,0,,,,,,,,
9,4,6,0,,,,,,,,
48,4,7,0,,,,,,,,
0,4,7,0,,,,,,,,
24,4,7,2,6590,1467,1731,300,189,2286,,
18,4,8,1,4948,1986,2776,373,199,262,,
0,4,8,0,,,,,,,,
58,4,8,0,,,,,,,,
44,4,9,0,,,,,,,,
0,4,9,0,,,,,,,,
53,4,9,2,8573,123,2207,395,204,1420,,
13,4,10,1,3433,3482,2169,1886,2406,1889,,
0,4,10,0,,,,,,,,
40,4,10,0,,,,,,,,
39,4,11,0,,,,,,,,
57,4,11,2,5161,314,925,257,302,,,
0,4,11,0,,,,,,,,
65,4,12,1,3651,693,1622,455,343,345,,
67,4,12,0,,,,,,,,
0,4,12,0,,,,,,,,
35,4,13,0,,,,,,,,
9,4,13,2,7444,1059,3684,2389,259,118,,
0,4,13,0,,,,,,,,
61,4,14,1,5901,128,199,403,225,582,,
64,4,14,0,,,,,,,,
0,4,14,0,,,,,,,,
57,4,15,0,,,,,,,,
39,4,15,2,4508,899,1692,217,1020,138,,
0,4,15,0,,,,,,,,
20,4,16,1,2491,238,2582,1847,2165,1016,,
16,4,16,0,,,,,,,,
0,4,16,0,,,,,,,,
38,4,17,0,,,,,,,,
12,4,17,2,1763,615,1795,1920,1259,2915,,
0,4,17,0,,,,,,,,
55,4,18,1,2420,489,829,1226,196,871,,
19,4,18,0,,,,,,,,
0,4,18,0,,,,,,,,
27,4,19,0,,,,,,,,
36,4,19,2,4377,1613,2032,189,141,1158,,
0,4,19,0,,,,,,,,
62,4,20,1,3438,324,617,788,1181,,,
47,4,20,0,,,,,,,,
0,4,20,0,,,,,,,,
43,4,21,0,,,,,,,,
32,4,21,2,4013,1358,562,,189,1750,,
0,4,21,0,,,,,,,,
16,4,22,1,5732,3252,1285,555,533,216,,
22,4,22,0,,,,,,,,
0,4,22,0,,,,,,,,
68,4,23,0,,,,,,,,
45,4,23,2,536,324,946,516,262,963,,
0,4,23,0,,,,,,,,
28,4,24,1,5569,1157,998,1496,,602,,
6,4,24,0,,,,,,,,
0,4,24,0,,,,,,,,
60,4,25,0,,,,,,,,
22,4,25,2,6054,1317,138,984,228,129,,
0,4,25,0,,,,,,,,
17,4,26,1,,414,1393,1673,150,1197,,
33,4,26,0,,,,,,,,
0,4,26,0,,,,,,,,
66,4,27,0,,,,,,,,
15,4,27,2,4362,1537,456,2025,228,375,,
0,4,27,0,,,,,,,,
7,4,28,1,14163,1160,2080,268,279,275,,
42,4,28,0,,,,,,,,
0,4,28,0,,,,,,,,
13,4,29,0,,,,,,,,
59,4,29,2,4115,227,477,213,262,613,,
0,4,29,0,,,,,,,,
37,4,30,1,5529,780,2824,1622,1852,836,,
11,4,30,0,,,,,,,,
0,4,30,0,,,,,,,,
34,4,31,0,,,,,,,,
48,4,31,2,6384,1314,190,417,1275,776,,
0,4,31,0,,,,,,,,
46,4,32,1,6078,584,1168,325,372,534,,
24,4,32,0,,,,,,,,
0,4,32,0,,,,,,,,
41,5,1,1,1934,217,1762,270,150,279,,
0,5,1,0,,,,,,,,
60,5,1,0,,,,,,,,
42,5,2,0,,,,,,,,
0,5,2,0,,,,,,,,
5,5,2,2,3738,253,1251,643,1236,941,,
8,5,3,1,2750,330,1514,955,286,1130,,
0,5,3,0,,,,,,,,
23,5,3,0,,,,,,,,
38,5,4,0,,,,,,,,
0,5,4,0,,,,,,,,
62,5,4,2,1104,119,826,,320,592,,
30,5,5,1,2978,,1099,697,,587,,
0,5,5,0,,,,,,,,
54,5,5,0,,,,,,,,
43,5,6,0,,,,,,,,
0,5,6,0,,,,,,,,
17,5,6,2,2118,485,345,704,654,1060,,
38,5,7,1,2458,226,,340,258,81,,
0,5,7,0,,,,,,,,
24,5,7,0,,,,,,,,
18,5,8,0,,,,,,,,
0,5,8,0,,,,,,,,
55,5,8,2,1801,353,861,808,951,772,,
21,5,9,1,2088,382,194,1028,744,849,,
0,5,9,0,,,,,,,,
53,5,9,0,,,,,,,,
13,5,10,0,,,,,,,,
0,5,10,0,,,,,,,,
24,5,10,2,1423,424,605,1289,1207,974,,
35,5,11,1,2606,,230,,414,843,,
57,5,11,0,,,,,,,,
0,5,11,0,,,,,,,,
65,5,12,0,,,,,,,,
7,5,12,2,1770,271,1279,1597,1035,476,,
0,5,12,0,,,,,,,,
10,5,13,1,3718,490,1920,1532,1328,515,,
9,5,13,0,,,,,,,,
0,5,13,0,,,,,,,,
61,5,14,0,,,,,,,,
12,5,14,2,83,102,1395,480,819,745,,
0,5,14,0,,,,,,,,
32,5,15,1,1809,237,164,833,336,268,,
39,5,15,0,,,,,,,,
0,5,15,0,,,,,,,,
20,5,16,0,,,,,,,,
47,5,16,2,4564,237,1342,,717,745,,
0,5,16,0,,,,,,,,
16,5,17,1,1358,522,716,179,1713,1619,,
12,5,17,0,,,,,,,,
0,5,17,0,,,,,,,,
55,5,18,0,,,,,,,,
29,5,18,2,85,,141,638,,137,,
0,5,18,0,,,,,,,,
64,5,19,1,2837,635,1512,945,377,965,,
36,5,19,0,,,,,,,,
0,5,19,0,,,,,,,,
62,5,20,0,,,,,,,,
13,5,20,2,2805,526,886,585,453,466,,
0,5,20,0,,,,,,,,
52,5,21,1,1898,946,85,326,,156,,
32,5,21,0,,,,,,,,
0,5,21,0,,,,,,,,
16,5,22,0,,,,,,,,
53,5,22,2,2002,437,1776,514,207,171,,
0,5,22,0,,,,,,,,
28,5,23,1,2822,,791,482,830,1093,,
45,5,23,0,,,,,,,,
0,5,23,0,,,,,,,,
28,5,24,0,,,,,,,,
61,5,24,2,684,301,345,173,340,1417,,
0,5,24,0,,,,,,,,
23,5,25,1,1694,1191,564,725,499,1193,,
22,5,25,0,,,,,,,,
0,5,25,0,,,,,,,,
17,5,26,0,,,,,,,,
46,5,26,2,2506,,314,706,1081,1209,,
0,5,26,0,,,,,,,,
15,5,27,1,740,663,196,408,763,1549,,
15,5,27,0,,,,,,,,
0,5,27,0,,,,,,,,
7,5,28,0,,,,,,,,
37,5,28,2,2419,,117,796,1457,1150,,
0,5,28,0,,,,,,,,
14,5,29,1,4443,485,541,167,357,235,,
59,5,29,0,,,,,,,,
0,5,29,0,,,,,,,,
37,5,30,0,,,,,,,,
59,5,30,2,2107,204,876,922,821,422,,
0,5,30,0,,,,,,,,
26,5,31,1,1187,514,173,,123,1493,,
48,5,31,0,,,,,,,,
0,5,31,0,,,,,,,,
46,5,32,0,,,,,,,,
68,5,32,2,2725,445,754,151,836,621,461,
0,5,32,0,,,,,,,,
41,6,1,0,,,,,,,,
0,6,1,0,,,,,,,,
16,6,1,2,716,296,170,3089,,339,,
9,6,2,1,3021,787,3744,4444,3601,1753,,
0,6,2,0,,,,,,,,
5,6,2,0,,,,,,,,
8,6,3,0,,,,,,,,
0,6,3,0,,,,,,,,
11,6,3,2,3360,2107,1942,2500,,376,,
23,6,4,1,2293,2650,1249,142,1665,1699,,
0,6,4,0,,,,,,,,
62,6,4,0,,,,,,,,
30,6,5,0,,,,,,,,
0,6,5,0,,,,,,,,
35,6,5,2,968,441,136,335,1621,1358,,
39,6,6,1,5128,2513,2068,2690,2008,173,,
0,6,6,0,,,,,,,,
17,6,6,0,,,,,,,,
38,6,7,0,,,,,,,,
0,6,7,0,,,,,,,,
64,6,7,2,2754,,295,1563,224,2413,,
19,6,8,1,2177,683,274,2006,1843,233,,
0,6,8,0,,,,,,,,
55,6,8,0,,,,,,,,
21,6,9,0,,,,,,,,
0,6,9,0,,,,,,,,
61,6,9,2,2113,2090,1676,1274,95,224,,
25,6,10,1,95,163,2148,2644,2891,2012,,
0,6,10,0,,,,,,,,
24,6,10,0,,,,,,,,
35,6,11,0,,,,,,,,
27,6,11,2,2681,2464,420,1794,172,131,,
0,6,11,0,,,,,,,,
29,6,12,1,647,562,1989,1875,,175,,
7,6,12,0,,,,,,,,
0,6,12,0,,,,,,,,
10,6,13,0,,,,,,,,
15,6,13,2,826,149,238,173,,210,,
0,6,13,0,,,,,,,,
60,6,14,1,837,218,1562,1650,163,1278,,
12,6,14,0,,,,,,,,
0,6,14,0,,,,,,,,
32,6,15,0,,,,,,,,
48,6,15,2,602,865,174,756,223,1650,,
0,6,15,0,,,,,,,,
6,6,16,1,3762,4015,3813,1613,1257,1250,,
47,6,16,0,,,,,,,,
0,6,16,0,,,,,,,,
16,6,17,0,,,,,,,,
58,6,17,2,452,1011,2895,2000,237,266,,
0,6,17,0,,,,,,,,
41,6,18,1,506,511,962,514,1562,2976,,
29,6,18,0,,,,,,,,
0,6,18,0,,,,,,,,
64,6,19,0,,,,,,,,
51,6,19,2,3209,2675,3329,1754,2044,2517,,
0,6,19,0,,,,,,,,
43,6,20,1,677,221,899,3815,,243,,
13,6,20,0,,,,,,,,
0,6,20,0,,,,,,,,
52,6,21,0,,,,,,,,
22,6,21,2,4065,,410,3428,1809,373,,
0,6,21,0,,,,,,,,
42,6,22,1,1200,208,294,389,357,1982,,
53,6,22,0,,,,,,,,
0,6,22,0,,,,,,,,
28,6,23,0,,,,,,,,
53,6,23,2,403,1016,1364,2945,1729,3224,,
0,6,23,0,,,,,,,,
54,6,24,1,4364,2560,2261,1694,,153,,
61,6,24,0,,,,,,,,
0,6,24,0,,,,,,,,
23,6,25,0,,,,,,,,
5,6,25,2,5204,3528,3510,3324,,172,,
0,6,25,0,,,,,,,,
44,6,26,1,3014,2151,2330,1597,1891,2001,,
46,6,26,0,,,,,,,,
0,6,26,0,,,,,,,,
15,6,27,0,,,,,,,,
62,6,27,2,3264,2418,468,416,562,138,,
0,6,27,0,,,,,,,,
32,6,28,1,444,170,323,109,515,704,,
37,6,28,0,,,,,,,,
0,6,28,0,,,,,,,,
14,6,29,0,,,,,,,,
49,6,29,2,693,97,715,141,366,1845,,
0,6,29,0,,,,,,,,
50,6,30,1,2967,141,3266,3887,588,2200,,
59,6,30,0,,,,,,,,
0,6,30,0,,,,,,,,
26,6,31,0,,,,,,,,
18,6,31,2,2364,158,869,444,1770,2028,,
0,6,31,0,,,,,,,,
59,6,32,1,2131,2682,1662,2466,1901,1425,,
68,6,32,0,,,,,,,,
0,6,32,0,,,,,,,,
59,7,1,1,2073,1604,128,1085,,111,,
0,7,1,0,,,,,,,,
16,7,1,0,,,,,,,,
9,7,2,0,,,,,,,,
0,7,2,0,,,,,,,,
54,7,2,2,2075,1757,1606,1209,437,752,,
47,7,3,1,2604,993,1028,163,,242,,
0,7,3,0,,,,,,,,
11,7,3,0,,,,,,,,
23,7,4,0,,,,,,,,
0,7,4,0,,,,,,,,
35,7,4,2,1526,2385,1138,1072,196,110,,
41,7,5,1,1890,951,941,797,1154,1382,,
0,7,5,0,,,,,,,,
35,7,5,0,,,,,,,,
39,7,6,0,,,,,,,,
0,7,6,0,,,,,,,,
45,7,6,2,1455,3231,1502,1137,973,,161,
48,7,7,1,1720,1079,297,1365,1460,947,,
0,7,7,0,,,,,,,,
64,7,7,0,,,,,,,,
19,7,8,0,,,,,,,,
0,7,8,0,,,,,,,,
13,7,8,2,1012,149,221,861,533,556,,
28,7,9,1,4382,1027,1724,666,205,160,,
0,7,9,0,,,,,,,,
61,7,9,0,,,,,,,,
25,7,10,0,,,,,,,,
0,7,10,0,,,,,,,,
63,7,10,2,1072,1723,1216,710,885,1099,,
6,7,11,1,1662,1045,227,203,253,141,,
27,7,11,0,,,,,,,,
0,7,11,0,,,,,,,,
29,7,12,0,,,,,,,,
9,7,12,2,1297,613,1299,2030,178,465,331,
0,7,12,0,,,,,,,,
65,7,13,1,1645,1051,1258,183,,172,,
15,7,13,0,,,,,,,,
0,7,13,0,,,,,,,,
60,7,14,0,,,,,,,,
52,7,14,2,1174,1461,2821,899,1347,665,,
0,7,14,0,,,,,,,,
15,7,15,1,1181,327,1701,891,228,411,,
48,7,15,0,,,,,,,,
0,7,15,0,,,,,,,,
6,7,16,0,,,,,,,,
20,7,16,2,1378,224,875,1800,379,932,,
0,7,16,0,,,,,,,,
53,7,17,1,2167,2065,1085,166,906,1640,,
58,7,17,0,,,,,,,,
0,7,17,0,,,,,,,,
41,7,18,0,,,,,,,,
43,7,18,2,1301,2628,852,1415,627,852,,
0,7,18,0,,,,,,,,
5,7,19,1,3105,2140,1269,1118,1541,1303,,
51,7,19,0,,,,,,,,
0,7,19,0,,,,,,,,
43,7,20,0,,,,,,,,
16,7,20,2,1552,149,2329,1020,691,1173,,
0,7,20,0,,,,,,,,
39,7,21,1,1729,870,605,1065,1088,1505,,
22,7,21,0,,,,,,,,
0,7,21,0,,,,,,,,
42,7,22,0,,,,,,,,
57,7,22,2,1121,1115,205,1163,913,187,,
0,7,22,0,,,,,,,,
44,7,23,1,1581,1113,196,630,1079,1239,,
53,7,23,0,,,,,,,,
0,7,23,0,,,,,,,,
54,7,24,0,,,,,,,,
55,7,24,2,1749,2573,1226,920,,188,,
0,7,24,0,,,,,,,,
27,7,25,1,1271,911,791,1207,,214,,
5,7,25,0,,,,,,,,
0,7,25,0,,,,,,,,
44,7,26,0,,,,,,,,
38,7,26,2,1467,1491,1162,1240,896,1290,,
0,7,26,0,,,,,,,,
7,7,27,1,,91,1450,1157,231,347,,
62,7,27,0,,,,,,,,
0,7,27,0,,,,,,,,
32,7,28,0,,,,,,,,
26,7,28,2,2495,989,127,1208,193,232,,
0,7,28,0,,,,,,,,
37,7,29,1,2050,143,2084,1151,198,130,,
49,7,29,0,,,,,,,,
0,7,29,0,,,,,,,,
50,7,30,0,,,,,,,,
8,7,30,2,560,101,1576,1833,1287,1023,,
0,7,30,0,,,,,,,,
12,7,31,1,1639,414,104,1929,1129,797,,
18,7,31,0,,,,,,,,
0,7,31,0,,,,,,,,
59,7,32,0,,,,,,,,
50,7,32,2,1158,1068,1875,697,1442,467,,
0,7,32,0,,,,,,,,
59,8,1,0,,,,,,,,
0,8,1,0,,,,,,,,
45,8,1,2,604,135,143,,727,1651,,
22,8,2,1,1252,2277,337,546,1666,131,108,
0,8,2,0,,,,,,,,
54,8,2,0,,,,,,,,
47,8,3,0,,,,,,,,
0,8,3,0,,,,,,,,
48,8,3,2,1911,106,453,223,496,2779,,
65,8,4,1,2073,2929,842,1185,,3765,,
0,8,4,0,,,,,,,,
35,8,4,0,,,,,,,,
41,8,5,0,,,,,,,,
0,8,5,0,,,,,,,,
40,8,5,2,1215,451,506,487,388,2287,,
14,8,6,1,531,855,187,156,1047,518,,
0,8,6,0,,,,,,,,
45,8,6,0,,,,,,,,
48,8,7,0,,,,,,,,
0,8,7,0,,,,,,,,
20,8,7,2,1952,378,711,,506,94,,
26,8,8,1,3430,171,1221,,213,234,,
0,8,8,0,,,,,,,,
13,8,8,0,,,,,,,,
28,8,9,0,,,,,,,,
0,8,9,0,,,,,,,,
11,8,9,2,864,1538,1528,472,158,1564,,
50,8,10,1,691,,132,301,,669,250,
0,8,10,0,,,,,,,,
63,8,10,0,,,,,,,,
6,8,11,0,,,,,,,,
62,8,11,2,1514,313,942,647,,227,,
0,8,11,0,,,,,,,,
42,8,12,1,491,133,343,437,,755,143,
9,8,12,0,,,,,,,,
0,8,12,0,,,,,,,,
65,8,13,0,,,,,,,,
18,8,13,2,1917,201,419,210,317,293,345,
0,8,13,0,,,,,,,,
55,8,14,1,712,,,122,156,289,190,
52,8,14,0,,,,,,,,
0,8,14,0,,,,,,,,
15,8,15,0,,,,,,,,
5,8,15,2,1115,932,1874,967,993,810,,
0,8,15,0,,,,,,,,
7,8,16,1,1161,264,312,641,558,542,,
20,8,16,0,,,,,,,,
0,8,16,0,,,,,,,,
53,8,17,0,,,,,,,,
28,8,17,2,1479,831,151,,748,3738,,
0,8,17,0,,,,,,,,
54,8,18,1,359,,191,242,735,923,,
43,8,18,0,,,,,,,,
0,8,18,0,,,,,,,,
5,8,19,0,,,,,,,,
56,8,19,2,1881,,350,586,,4007,,
0,8,19,0,,,,,,,,
32,8,20,1,125,82,184,138,164,4427,,
16,8,20,0,,,,,,,,
0,8,20,0,,,,,,,,
39,8,21,0,,,,,,,,
57,8,21,2,117,102,431,90,481,2441,,
0,8,21,0,,,,,,,,
13,8,22,1,747,235,738,301,676,168,,
57,8,22,0,,,,,,,,
0,8,22,0,,,,,,,,
44,8,23,0,,,,,,,,
58,8,23,2,849,160,796,1058,227,2605,,
0,8,23,0,,,,,,,,
67,8,24,1,1407,639,1118,164,277,155,,
55,8,24,0,,,,,,,,
0,8,24,0,,,,,,,,
27,8,25,0,,,,,,,,
34,8,25,2,947,162,1252,512,,135,,
0,8,25,0,,,,,,,,
59,8,26,1,1508,494,511,442,200,3170,,
38,8,26,0,,,,,,,,
0,8,26,0,,,,,,,,
7,8,27,0,,,,,,,,
6,8,27,2,1522,713,,231,161,252,,
0,8,27,0,,,,,,,,
53,8,28,1,1455,201,282,,795,2858,,
26,8,28,0,,,,,,,,
0,8,28,0,,,,,,,,
37,8,29,0,,,,,,,,
37,8,29,2,459,100,1030,,132,658,,
0,8,29,0,,,,,,,,
33,8,30,1,697,281,220,378,242,165,,
8,8,30,0,,,,,,,,
0,8,30,0,,,,,,,,
12,8,31,0,,,,,,,,
63,8,31,2,1378,180,1000,244,475,1444,,
0,8,31,0,,,,,,,,
30,8,32,1,692,916,760,,934,505,145,
50,8,32,0,,,,,,,,
0,8,32,0,,,,,,,,
24,9,1,1,2040,1910,1808,1403,,184,,
0,9,1,0,,,,,,,,
45,9,1,0,,,,,,,,
22,9,2,0,,,,,,,,
0,9,2,0,,,,,,,,
22,9,2,2,2326,2069,1903,1637,1507,832,,
66,9,3,1,2153,2403,2425,1763,,100,,
0,9,3,0,,,,,,,,
48,9,3,0,,,,,,,,
65,9,4,0,,,,,,,,
0,9,4,0,,,,,,,,
41,9,4,2,3352,2978,1593,2008,1458,1670,,
59,9,5,1,2991,1744,2149,438,1418,2017,,
0,9,5,0,,,,,,,,
40,9,5,0,,,,,,,,
14,9,6,0,,,,,,,,
0,9,6,0,,,,,,,,
51,9,6,2,1610,2339,1904,1797,2520,168,,
63,9,7,1,2672,2039,2023,1685,195,186,,
0,9,7,0,,,,,,,,
20,9,7,0,,,,,,,,
26,9,8,0,,,,,,,,
0,9,8,0,,,,,,,,
34,9,8,2,1487,1910,1724,1044,1270,324,,
49,9,9,1,1582,2378,2550,1456,270,374,,
0,9,9,0,,,,,,,,
11,9,9,0,,,,,,,,
50,9,10,0,,,,,,,,
0,9,10,0,,,,,,,,
19,9,10,2,1358,1589,1498,1182,1337,845,,
69,9,11,1,1501,1261,297,132,260,244,,
62,9,11,0,,,,,,,,
0,9,11,0,,,,,,,,
42,9,12,0,,,,,,,,
30,9,12,2,1425,2525,134,2136,,160,,
0,9,12,0,,,,,,,,
43,9,13,1,1810,1416,1323,491,1337,1093,,
18,9,13,0,,,,,,,,
0,9,13,0,,,,,,,,
55,9,14,0,,,,,,,,
62,9,14,2,1544,996,1293,567,137,530,,
0,9,14,0,,,,,,,,
54,9,15,1,1457,1066,1481,2041,171,166,,
5,9,15,0,,,,,,,,
0,9,15,0,,,,,,,,
7,9,16,0,,,,,,,,
40,9,16,2,1667,1538,2325,1854,999,986,,
0,9,16,0,,,,,,,,
37,9,17,1,1458,1693,2206,1613,857,1429,,
28,9,17,0,,,,,,,,
0,9,17,0,,,,,,,,
54,9,18,0,,,,,,,,
53,9,18,2,1923,1975,1820,1306,1251,1541,,
0,9,18,0,,,,,,,,
6,9,19,1,2714,3102,1916,1086,1618,1765,,
56,9,19,0,,,,,,,,
0,9,19,0,,,,,,,,
32,9,20,0,,,,,,,,
21,9,20,2,1661,2026,1395,139,1099,912,,
0,9,20,0,,,,,,,,
16,9,21,1,1987,1109,1239,1546,,374,,
57,9,21,0,,,,,,,,
0,9,21,0,,,,,,,,
13,9,22,0,,,,,,,,
38,9,22,2,1131,1508,1924,1131,1687,2236,,
0,9,22,0,,,,,,,,
58,9,23,1,2415,1441,1138,1330,1460,1061,,
58,9,23,0,,,,,,,,
0,9,23,0,,,,,,,,
67,9,24,0,,,,,,,,
56,9,24,2,2493,1803,1741,1485,283,360,,
0,9,24,0,,,,,,,,
57,9,25,1,1901,3297,2035,1670,863,1364,,
34,9,25,0,,,,,,,,
0,9,25,0,,,,,,,,
59,9,26,0,,,,,,,,
5,9,26,2,2491,1831,1602,1873,1396,1694,,
0,9,26,0,,,,,,,,
10,9,27,1,2930,,114,1910,154,155,,
6,9,27,0,,,,,,,,
0,9,27,0,,,,,,,,
53,9,28,0,,,,,,,,
33,9,28,2,2173,1205,1967,285,1418,1852,,
0,9,28,0,,,,,,,,
55,9,29,1,2321,2029,1912,1867,3322,1796,,
37,9,29,0,,,,,,,,
0,9,29,0,,,,,,,,
33,9,30,0,,,,,,,,
17,9,30,2,1968,1485,1622,1977,1263,1699,,
0,9,30,0,,,,,,,,
9,9,31,1,1963,3369,2439,2030,1231,1470,,
63,9,31,0,,,,,,,,
0,9,31,0,,,,,,,,
30,9,32,0,,,,,,,,
48,9,32,2,1872,1840,,151,,134,,
0,9,32,0,,,,,,,,
29,10,1,1,223,816,839,230,122,876,,
0,10,1,0,,,,,,,,
45,10,1,0,,,,,,,,
22,10,2,0,,,,,,,,
0,10,2,0,,,,,,,,
19,10,2,2,1375,181,363,373,293,,108,
56,10,3,1,845,514,252,756,358,922,,
0,10,3,0,,,,,,,,
48,10,3,0,,,,,,,,
65,10,4,0,,,,,,,,
0,10,4,0,,,,,,,,
58,10,4,2,322,316,309,690,865,850,,
46,10,5,1,1016,839,819,582,174,106,,
0,10,5,0,,,,,,,,
40,10,5,0,,,,,,,,
14,10,6,0,,,,,,,,
0,10,6,0,,,,,,,,
27,10,6,2,1029,1018,762,834,272,854,,
51,10,7,1,410,202,191,1173,1141,567,,
0,10,7,0,,,,,,,,
20,10,7,0,,,,,,,,
26,10,8,0,,,,,,,,
0,10,8,0,,,,,,,,
63,10,8,2,1878,1110,873,642,947,1333,,
9,10,9,1,1442,1818,1419,1760,,412,,
0,10,9,0,,,,,,,,
11,10,9,0,,,,,,,,
50,10,10,0,,,,,,,,
0,10,10,0,,,,,,,,
34,10,10,2,1054,940,849,704,648,316,,
45,10,11,1,1453,713,105,149,153,215,,
62,10,11,0,,,,,,,,
0,10,11,0,,,,,,,,
42,10,12,0,,,,,,,,
38,10,12,2,1396,1050,728,1108,503,,117,
0,10,12,0,,,,,,,,
16,10,13,1,712,430,1031,980,,331,211,
18,10,13,0,,,,,,,,
0,10,13,0,,,,,,,,
55,10,14,0,,,,,,,,
67,10,14,2,368,787,241,146,817,662,,
0,10,14,0,,,,,,,,
42,10,15,1,293,138,425,935,155,202,,
5,10,15,0,,,,,,,,
0,10,15,0,,,,,,,,
7,10,16,0,,,,,,,,
15,10,16,2,3750,1795,1171,723,535,658,,
0,10,16,0,,,,,,,,
61,10,17,1,196,163,119,707,665,1021,,
28,10,17,0,,,,,,,,
0,10,17,0,,,,,,,,
54,10,18,0,,,,,,,,
31,10,18,2,1161,504,211,,364,224,,
0,10,18,0,,,,,,,,
55,10,19,1,972,1096,142,165,1140,876,,
56,10,19,0,,,,,,,,
0,10,19,0,,,,,,,,
32,10,20,0,,,,,,,,
33,10,20,2,1519,120,384,205,583,919,,
0,10,20,0,,,,,,,,
25,10,21,1,389,894,213,230,157,147,,
57,10,21,0,,,,,,,,
0,10,21,0,,,,,,,,
13,10,22,0,,,,,,,,
66,10,22,2,244,654,507,168,252,277,,
0,10,22,0,,,,,,,,
40,10,23,1,852,373,239,727,,170,,
58,10,23,0,,,,,,,,
0,10,23,0,,,,,,,,
67,10,24,0,,,,,,,,
37,10,24,2,490,228,780,468,,157,,
0,10,24,0,,,,,,,,
14,10,25,1,1211,2111,1056,2466,709,580,,
34,10,25,0,,,,,,,,
0,10,25,0,,,,,,,,
59,10,26,0,,,,,,,,
65,10,26,2,803,2042,370,314,938,639,,
0,10,26,0,,,,,,,,
36,10,27,1,2282,144,1485,1293,151,151,,
6,10,27,0,,,,,,,,
0,10,27,0,,,,,,,,
53,10,28,0,,,,,,,,
41,10,28,2,489,588,742,115,984,1741,,
0,10,28,0,,,,,,,,
44,10,29,1,1131,337,149,904,686,1102,,
37,10,29,0,,,,,,,,
0,10,29,0,,,,,,,,
33,10,30,0,,,,,,,,
62,10,30,2,1377,1746,1261,1454,91,464,,
0,10,30,0,,,,,,,,
60,10,31,1,799,172,2533,603,,161,,
63,10,31,0,,,,,,,,
0,10,31,0,,,,,,,,
30,10,32,0,,,,,,,,
26,10,32,2,681,161,149,1245,145,407,,
0,10,32,0,,,,,,,,
29,11,1,0,,,,,,,,
0,11,1,0,,,,,,,,
57,11,1,2,1792,886,813,101,193,,,
47,11,2,1,,499,125,961,140,464,109,
0,11,2,0,,,,,,,,
19,11,2,0,,,,,,,,
56,11,3,0,,,,,,,,
0,11,3,0,,,,,,,,
6,11,3,2,,1252,1779,2107,,169,,
39,11,4,1,1238,273,213,202,188,,,
0,11,4,0,,,,,,,,
58,11,4,0,,,,,,,,
46,11,5,0,,,,,,,,
0,11,5,0,,,,,,,,
17,11,5,2,709,371,106,937,1046,1412,,
10,11,6,1,2293,98,2235,95,121,488,251,
0,11,6,0,,,,,,,,
27,11,6,0,,,,,,,,
51,11,7,0,,,,,,,,
0,11,7,0,,,,,,,,
33,11,7,2,1480,112,237,164,120,290,,
8,11,8,1,6487,1655,364,138,101,318,,
0,11,8,0,,,,,,,,
63,11,8,0,,,,,,,,
9,11,9,0,,,,,,,,
0,11,9,0,,,,,,,,
59,11,9,2,814,1032,880,681,114,,84,
26,11,10,1,968,147,89,,249,383,158,
0,11,10,0,,,,,,,,
34,11,10,0,,,,,,,,
45,11,11,0,,,,,,,,
46,11,11,2,1083,,298,181,381,,227,
0,11,11,0,,,,,,,,
68,11,12,1,534,,508,383,575,198,103,
38,11,12,0,,,,,,,,
0,11,12,0,,,,,,,,
16,11,13,0,,,,,,,,
45,11,13,2,2481,119,967,145,144,1276,,
0,11,13,0,,,,,,,,
42,11,14,1,1922,195,868,942,355,,176,
67,11,14,0,,,,,,,,
0,11,14,0,,,,,,,,
42,11,15,0,,,,,,,,
41,11,15,2,1172,,239,181,111,133,89,
0,11,15,0,,,,,,,,
14,11,16,1,2843,1279,1786,1128,,276,,
15,11,16,0,,,,,,,,
0,11,16,0,,,,,,,,
61,11,17,0,,,,,,,,
21,11,17,2,2846,2065,1588,1541,1833,1653,,
0,11,17,0,,,,,,,,
32,11,18,1,1260,1967,140,87,414,146,,
31,11,18,0,,,,,,,,
0,11,18,0,,,,,,,,
55,11,19,0,,,,,,,,
12,11,19,2,1228,86,111,,106,2572,,
0,11,19,0,,,,,,,,
54,11,20,1,2813,846,603,181,,487,,
33,11,20,0,,,,,,,,
0,11,20,0,,,,,,,,
25,11,21,0,,,,,,,,
16,11,21,2,3683,244,141,556,703,417,,
0,11,21,0,,,,,,,,
55,11,22,1,637,389,440,150,205,459,,
66,11,22,0,,,,,,,,
0,11,22,0,,,,,,,,
40,11,23,0,,,,,,,,
24,11,23,2,1284,1147,,396,233,183,,
0,11,23,0,,,,,,,,
62,11,24,1,582,132,,143,411,108,181,
37,11,24,0,,,,,,,,
0,11,24,0,,,,,,,,
14,11,25,0,,,,,,,,
66,11,25,2,542,306,986,764,713,124,,
0,11,25,0,,,,,,,,
48,11,26,1,1190,120,552,250,596,1281,,
65,11,26,0,,,,,,,,
0,11,26,0,,,,,,,,
36,11,27,0,,,,,,,,
67,11,27,2,713,1646,679,220,456,176,,
0,11,27,0,,,,,,,,
25,11,28,1,753,176,121,135,415,322,,
41,11,28,0,,,,,,,,
0,11,28,0,,,,,,,,
44,11,29,0,,,,,,,,
19,11,29,2,1013,686,401,563,133,112,,
0,11,29,0,,,,,,,,
31,11,30,1,870,456,228,97,116,136,,
62,11,30,0,,,,,,,,
0,11,30,0,,,,,,,,
60,11,31,0,,,,,,,,
53,11,31,2,1997,1071,166,254,223,122,143,
0,11,31,0,,,,,,,,
56,11,32,1,1758,1720,629,774,144,190,162,
26,11,32,0,,,,,,,,
0,11,32,0,,,,,,,,
57,12,1,1,1058,4402,1179,4716,,441,,
0,12,1,0,,,,,,,,
57,12,1,0,,,,,,,,
47,12,2,0,,,,,,,,
0,12,2,0,,,,,,,,
25,12,2,2,760,1807,698,3300,1456,243,,
46,12,3,1,3281,2180,2428,267,,96,,
0,12,3,0,,,,,,,,
6,12,3,0,,,,,,,,
39,12,4,0,,,,,,,,
0,12,4,0,,,,,,,,
23,12,4,2,878,3752,1107,720,1764,397,,
10,12,5,1,2680,1012,557,282,2239,1038,,
0,12,5,0,,,,,,,,
17,12,5,0,,,,,,,,
10,12,6,0,,,,,,,,
0,12,6,0,,,,,,,,
66,12,6,2,473,360,254,121,302,142,,
18,12,7,1,1690,221,229,1930,1217,1724,,
0,12,7,0,,,,,,,,
33,12,7,0,,,,,,,,
8,12,8,0,,,,,,,,
0,12,8,0,,,,,,,,
32,12,8,2,1431,3154,1199,1258,1287,2294,,
8,12,9,1,1618,2101,2131,1031,164,214,,
0,12,9,0,,,,,,,,
59,12,9,0,,,,,,,,
26,12,10,0,,,,,,,,
0,12,10,0,,,,,,,,
56,12,10,2,1545,2288,2152,1640,1583,657,,
20,12,11,1,2540,1662,470,211,181,222,,
46,12,11,0,,,,,,,,
0,12,11,0,,,,,,,,
68,12,12,0,,,,,,,,
51,12,12,2,1705,2509,2287,1673,,636,,
0,12,12,0,,,,,,,,
49,12,13,1,4318,106,2475,4784,,136,,
45,12,13,0,,,,,,,,
0,12,13,0,,,,,,,,
42,12,14,0,,,,,,,,
31,12,14,2,2453,1757,205,897,160,941,,
0,12,14,0,,,,,,,,
7,12,15,1,1823,2007,317,359,112,200,,
41,12,15,0,,,,,,,,
0,12,15,0,,,,,,,,
14,12,16,0,,,,,,,,
67,12,16,2,1599,354,1322,149,854,743,,
0,12,16,0,,,,,,,,
14,12,17,1,2265,1542,257,1194,1331,2780,,
21,12,17,0,,,,,,,,
0,12,17,0,,,,,,,,
32,12,18,0,,,,,,,,
22,12,18,2,2232,2861,713,140,1772,1241,,
0,12,18,0,,,,,,,,
12,12,19,1,1498,584,4109,1009,1357,3541,,
12,12,19,0,,,,,,,,
0,12,19,0,,,,,,,,
54,12,20,0,,,,,,,,
42,12,20,2,1202,332,201,1526,,235,,
0,12,20,0,,,,,,,,
15,12,21,1,3322,,296,2911,,213,,
16,12,21,0,,,,,,,,
0,12,21,0,,,,,,,,
55,12,22,0,,,,,,,,
52,12,22,2,1861,1896,185,305,1147,131,,
0,12,22,0,,,,,,,,
50,12,23,1,2335,1829,2251,1133,1096,1366,,
24,12,23,0,,,,,,,,
0,12,23,0,,,,,,,,
62,12,24,0,,,,,,,,
43,12,24,2,6137,1899,2714,1247,,186,,
0,12,24,0,,,,,,,,
48,12,25,1,2766,2188,1360,1399,854,1259,,
66,12,25,0,,,,,,,,
0,12,25,0,,,,,,,,
48,12,26,0,,,,,,,,
65,12,26,2,2087,2610,2094,1317,2365,1075,,
0,12,26,0,,,,,,,,
63,12,27,1,2360,619,291,188,214,172,,
67,12,27,0,,,,,,,,
0,12,27,0,,,,,,,,
25,12,28,0,,,,,,,,
54,12,28,2,3266,1922,1568,988,135,714,,
0,12,28,0,,,,,,,,
13,12,29,1,2282,472,3072,1664,218,1050,,
19,12,29,0,,,,,,,,
0,12,29,0,,,,,,,,
31,12,30,0,,,,,,,,
41,12,30,2,3926,2592,2577,3014,2030,1602,,
0,12,30,0,,,,,,,,
39,12,31,1,801,512,2049,1010,1477,1412,,
53,12,31,0,,,,,,,,
0,12,31,0,,,,,,,,
56,12,32,0,,,,,,,,
53,12,32,2,1843,1936,261,274,1863,432,,
0,12,32,0,,,,,,,,
57,13,1,0,,,,,,,,
0,13,1,0,,,,,,,,
49,13,1,2,3167,4174,1253,1989,1140,1859,,
16,13,2,1,4536,1671,6309,2578,2095,399,,
0,13,2,0,,,,,,,,
25,13,2,0,,,,,,,,
46,13,3,0,,,,,,,,
0,13,3,0,,,,,,,,
12,13,3,2,1886,1633,1457,2203,,193,,
58,13,4,1,2664,382,1522,1363,991,1004,,
0,13,4,0,,,,,,,,
23,13,4,0,,,,,,,,
10,13,5,0,,,,,,,,
0,13,5,0,,,,,,,,
5,13,5,2,4165,2762,1478,1644,3071,1052,,
22,13,6,1,1461,3610,1233,1889,1549,2321,,
0,13,6,0,,,,,,,,
66,13,6,0,,,,,,,,
18,13,7,0,,,,,,,,
0,13,7,0,,,,,,,,
14,13,7,2,4213,2250,2300,183,337,1407,,
35,13,8,1,1522,1854,2036,648,2387,3181,,
0,13,8,0,,,,,,,,
32,13,8,0,,,,,,,,
8,13,9,0,,,,,,,,
0,13,9,0,,,,,,,,
26,13,9,2,2725,2193,1241,2438,216,225,,
52,13,10,1,1227,2109,1972,305,1307,1381,,
0,13,10,0,,,,,,,,
56,13,10,0,,,,,,,,
20,13,11,0,,,,,,,,
54,13,11,2,1638,4596,667,1350,,369,,
0,13,11,0,,,,,,,,
64,13,12,1,1244,2609,1850,1470,200,162,,
51,13,12,0,,,,,,,,
0,13,12,0,,,,,,,,
49,13,13,0,,,,,,,,
32,13,13,2,2527,1701,1290,2277,2529,1633,,
0,13,13,0,,,,,,,,
67,13,14,1,1690,1852,3968,3634,303,732,,
31,13,14,0,,,,,,,,
0,13,14,0,,,,,,,,
7,13,15,0,,,,,,,,
44,13,15,2,1188,1133,800,393,1377,259,,
0,13,15,0,,,,,,,,
51,13,16,1,1491,1873,1369,1451,1013,1250,,
67,13,16,0,,,,,,,,
0,13,16,0,,,,,,,,
14,13,17,0,,,,,,,,
56,13,17,2,1925,2819,2473,337,1555,2243,,
0,13,17,0,,,,,,,,
8,13,18,1,2130,102,1896,352,1786,2011,,
22,13,18,0,,,,,,,,
0,13,18,0,,,,,,,,
12,13,19,0,,,,,,,,
9,13,19,2,2490,135,,115,2224,3076,,
0,13,19,0,,,,,,,,
66,13,20,1,4348,379,1444,2788,1273,1287,,
42,13,20,0,,,,,,,,
0,13,20,0,,,,,,,,
15,13,21,0,,,,,,,,
45,13,21,2,3293,2258,2337,1799,2132,1752,,
0,13,21,0,,,,,,,,
63,13,22,1,1919,1135,851,1279,1673,994,,
52,13,22,0,,,,,,,,
0,13,22,0,,,,,,,,
50,13,23,0,,,,,,,,
62,13,23,2,1741,1497,564,734,1182,1113,,
0,13,23,0,,,,,,,,
18,13,24,1,2765,1788,2091,1148,,493,,
43,13,24,0,,,,,,,,
0,13,24,0,,,,,,,,
48,13,25,0,,,,,,,,
34,13,25,2,3665,2345,2016,3330,320,132,,
0,13,25,0,,,,,,,,
10,13,26,1,2289,2649,2532,5322,2196,2345,,
65,13,26,0,,,,,,,,
0,13,26,0,,,,,,,,
63,13,27,0,,,,,,,,
7,13,27,2,3113,2938,185,1170,635,264,,
0,13,27,0,,,,,,,,
33,13,28,1,7470,1716,1544,924,,170,,
54,13,28,0,,,,,,,,
0,13,28,0,,,,,,,,
13,13,29,0,,,,,,,,
55,13,29,2,7830,162,1068,1767,1354,1340,,
0,13,29,0,,,,,,,,
20,13,30,1,3352,98,2811,1190,1456,1840,,
41,13,30,0,,,,,,,,
0,13,30,0,,,,,,,,
39,13,31,0,,,,,,,,
24,13,31,2,4397,393,3451,1636,1121,1699,,
0,13,31,0,,,,,,,,
57,13,32,1,1348,3239,1871,925,192,1063,,
53,13,32,0,,,,,,,,
0,13,32,0,,,,,,,,
57,14,1,0,,,,,,,,
0,14,1,0,,,,,,,,
13,14,1,2,5221,2653,1238,2321,1083,534,,
8,14,2,1,4599,1491,1738,2645,1546,2181,,
0,14,2,0,,,,,,,,
25,14,2,0,,,,,,,,
46,14,3,0,,,,,,,,
0,14,3,0,,,,,,,,
62,14,3,2,2788,189,335,144,1581,1451,,
11,14,4,1,3364,2851,188,1549,122,2101,241,
0,14,4,0,,,,,,,,
23,14,4,0,,,,,,,,
10,14,5,0,,,,,,,,
0,14,5,0,,,,,,,,
58,14,5,2,4980,,122,,163,169,,
64,14,6,1,100,162,241,1101,245,271,,
0,14,6,0,,,,,,,,
66,14,6,0,,,,,,,,
18,14,7,0,,,,,,,,
0,14,7,0,,,,,,,,
35,14,7,2,5059,2667,738,2855,823,143,,
55,14,8,1,1466,3015,3174,1246,1227,1836,,
0,14,8,0,,,,,,,,
32,14,8,0,,,,,,,,
8,14,9,0,,,,,,,,
0,14,9,0,,,,,,,,
50,14,9,2,1847,2611,1598,1339,176,134,,
17,14,10,1,5569,1816,2080,1346,1292,1030,,
0,14,10,0,,,,,,,,
56,14,10,0,,,,,,,,
20,14,11,0,,,,,,,,
46,14,11,2,3211,803,240,873,693,610,,
0,14,11,0,,,,,,,,
39,14,12,1,1294,2703,1528,1240,,93,,
51,14,12,0,,,,,,,,
0,14,12,0,,,,,,,,
49,14,13,0,,,,,,,,
26,14,13,2,2426,262,2035,1296,,178,,
0,14,13,0,,,,,,,,
32,14,14,1,1872,1858,1627,1273,1091,708,,
31,14,14,0,,,,,,,,
0,14,14,0,,,,,,,,
7,14,15,0,,,,,,,,
22,14,15,2,1687,161,230,752,775,217,,
0,14,15,0,,,,,,,,
23,14,16,1,2222,1423,382,512,919,1159,,
67,14,16,0,,,,,,,,
0,14,16,0,,,,,,,,
14,14,17,0,,,,,,,,
28,14,17,2,4397,2677,309,1709,1026,1301,,
0,14,17,0,,,,,,,,
49,14,18,1,4016,4594,,,,141,,
22,14,18,0,,,,,,,,
0,14,18,0,,,,,,,,
12,14,19,0,,,,,,,,
30,14,19,2,4696,1958,2045,1405,435,2183,,
0,14,19,0,,,,,,,,
45,14,20,1,3161,4608,3085,3516,1308,450,,
42,14,20,0,,,,,,,,
0,14,20,0,,,,,,,,
15,14,21,0,,,,,,,,
31,14,21,2,4742,1437,1618,1710,1830,697,,
0,14,21,0,,,,,,,,
16,14,22,1,1285,1728,228,161,535,119,,
52,14,22,0,,,,,,,,
0,14,22,0,,,,,,,,
50,14,23,0,,,,,,,,
61,14,23,2,2141,230,1249,537,910,1135,,
0,14,23,0,,,,,,,,
37,14,24,1,3152,2884,1111,931,,480,,
43,14,24,0,,,,,,,,
0,14,24,0,,,,,,,,
48,14,25,0,,,,,,,,
38,14,25,2,3685,4203,1785,2243,1607,1013,,
0,14,25,0,,,,,,,,
40,14,26,1,5241,900,1461,1489,1237,1455,,
65,14,26,0,,,,,,,,
0,14,26,0,,,,,,,,
63,14,27,0,,,,,,,,
27,14,27,2,3048,1560,102,193,203,280,,
0,14,27,0,,,,,,,,
66,14,28,1,3897,1865,3482,147,1103,2228,,
54,14,28,0,,,,,,,,
0,14,28,0,,,,,,,,
13,14,29,0,,,,,,,,
5,14,29,2,3867,2148,127,88,203,1138,,
0,14,29,0,,,,,,,,
10,14,30,1,,87,1208,1588,1268,1933,,
41,14,30,0,,,,,,,,
0,14,30,0,,,,,,,,
39,14,31,0,,,,,,,,
53,14,31,2,1547,2618,,129,1501,1135,,
0,14,31,0,,,,,,,,
54,14,32,1,2003,,203,1538,1230,684,,
53,14,32,0,,,,,,,,
0,14,32,0,,,,,,,,
57,15,1,0,,,,,,,,
0,15,1,0,,,,,,,,
36,15,1,2,439,568,456,2006,,,,
24,15,2,1,1524,149,2475,1202,1342,1359,,
0,15,2,0,,,,,,,,
25,15,2,0,,,,,,,,
46,15,3,0,,,,,,,,
0,15,3,0,,,,,,,,
14,15,3,2,2221,2085,2006,1247,,255,,
55,15,4,1,1639,1993,2158,1921,,126,,
0,15,4,0,,,,,,,,
23,15,4,0,,,,,,,,
10,15,5,0,,,,,,,,
0,15,5,0,,,,,,,,
10,15,5,2,2095,1764,1893,1837,1572,2582,,
46,15,6,1,1561,1884,1962,2271,1123,425,,
0,15,6,0,,,,,,,,
66,15,6,0,,,,,,,,
18,15,7,0,,,,,,,,
0,15,7,0,,,,,,,,
34,15,7,2,2083,1730,,281,1120,1068,,
20,15,8,1,1026,185,619,877,1062,1570,,
0,15,8,0,,,,,,,,
32,15,8,0,,,,,,,,
8,15,9,0,,,,,,,,
0,15,9,0,,,,,,,,
48,15,9,2,1748,1314,1421,1171,,414,,
52,15,10,1,1344,2873,301,703,133,1114,,
0,15,10,0,,,,,,,,
56,15,10,0,,,,,,,,
20,15,11,0,,,,,,,,
56,15,11,2,1657,1260,142,1124,196,245,,
0,15,11,0,,,,,,,,
44,15,12,1,1413,2337,1523,1276,,220,,
51,15,12,0,,,,,,,,
0,15,12,0,,,,,,,,
49,15,13,0,,,,,,,,
64,15,13,2,2271,1328,3055,1096,,143,,
0,15,13,0,,,,,,,,
16,15,14,1,2003,1534,1909,1393,1057,1758,,
31,15,14,0,,,,,,,,
0,15,14,0,,,,,,,,
7,15,15,0,,,,,,,,
28,15,15,2,1037,215,1351,153,1565,547,,
0,15,15,0,,,,,,,,
12,15,16,1,1216,314,102,339,494,1149,,
67,15,16,0,,,,,,,,
0,15,16,0,,,,,,,,
14,15,17,0,,,,,,,,
41,15,17,2,1611,2053,1659,1394,1236,1208,,
0,15,17,0,,,,,,,,
40,15,18,1,1420,2339,2044,1915,1097,1067,,
22,15,18,0,,,,,,,,
0,15,18,0,,,,,,,,
12,15,19,0,,,,,,,,
7,15,19,2,3227,1905,2793,1489,1302,3375,,
0,15,19,0,,,,,,,,
62,15,20,1,1820,1776,1297,817,957,858,,
42,15,20,0,,,,,,,,
0,15,20,0,,,,,,,,
15,15,21,0,,,,,,,,
51,15,21,2,1472,1332,1013,2758,1616,1222,,
0,15,21,0,,,,,,,,
38,15,22,1,1241,1790,1383,1393,1710,1693,,
52,15,22,0,,,,,,,,
0,15,22,0,,,,,,,,
50,15,23,0,,,,,,,,
13,15,23,2,2873,1704,1693,884,204,1351,,
0,15,23,0,,,,,,,,
58,15,24,1,2483,1905,940,1060,,359,,
43,15,24,0,,,,,,,,
0,15,24,0,,,,,,,,
48,15,25,0,,,,,,,,
61,15,25,2,1637,1357,1587,1813,1628,1222,,
0,15,25,0,,,,,,,,
47,15,26,1,2418,1401,1699,1532,1354,1312,,
65,15,26,0,,,,,,,,
0,15,26,0,,,,,,,,
63,15,27,0,,,,,,,,
9,15,27,2,3707,2238,625,141,,542,,
0,15,27,0,,,,,,,,
42,15,28,1,2756,1306,1644,1557,241,157,,
54,15,28,0,,,,,,,,
0,15,28,0,,,,,,,,
13,15,29,0,,,,,,,,
17,15,29,2,2971,2181,370,454,1595,1682,,
0,15,29,0,,,,,,,,
19,15,30,1,3595,427,202,2398,1545,1896,,
41,15,30,0,,,,,,,,
0,15,30,0,,,,,,,,
39,15,31,0,,,,,,,,
60,15,31,2,1246,2074,1746,1235,1148,919,,
0,15,31,0,,,,,,,,
39,15,32,1,1620,2150,183,1897,1060,861,,
53,15,32,0,,,,,,,,
0,15,32,0,,,,,,,,
57,16,1,0,,,,,,,,
0,16,1,0,,,,,,,,
54,16,1,2,1461,578,738,563,646,195,,
41,16,2,1,3407,,234,137,1180,1033,,
0,16,2,0,,,,,,,,
25,16,2,0,,,,,,,,
46,16,3,0,,,,,,,,
0,16,3,0,,,,,,,,
33,16,3,2,2016,1626,1393,1580,,,,
63,16,4,1,1638,169,138,335,164,166,,
0,16,4,0,,,,,,,,
23,16,4,0,,,,,,,,
10,16,5,0,,,,,,,,
0,16,5,0,,,,,,,,
45,16,5,2,1408,,148,270,1133,1538,,
62,16,6,1,1689,109,809,1194,212,791,,
0,16,6,0,,,,,,,,
66,16,6,0,,,,,,,,
18,16,7,0,,,,,,,,
0,16,7,0,,,,,,,,
64,16,7,2,1693,,709,520,,421,,
16,16,8,1,541,177,936,1070,1330,1227,,
0,16,8,0,,,,,,,,
32,16,8,0,,,,,,,,
8,16,9,0,,,,,,,,
0,16,9,0,,,,,,,,
14,16,9,2,2069,2601,1190,1818,214,159,,
21,16,10,1,1820,213,1427,2566,2881,1726,,
0,16,10,0,,,,,,,,
56,16,10,0,,,,,,,,
20,16,11,0,,,,,,,,
37,16,11,2,1573,1267,,182,,282,,
0,16,11,0,,,,,,,,
19,16,12,1,1183,1719,1257,1380,,123,,
51,16,12,0,,,,,,,,
0,16,12,0,,,,,,,,
49,16,13,0,,,,,,,,
44,16,13,2,1973,124,202,1116,1056,789,,
0,16,13,0,,,,,,,,
35,16,14,1,1608,1492,1681,1346,844,824,,
31,16,14,0,,,,,,,,
0,16,14,0,,,,,,,,
7,16,15,0,,,,,,,,
7,16,15,2,1386,1823,908,759,1497,871,,
0,16,15,0,,,,,,,,
17,16,16,1,1784,1862,1769,1038,855,967,,
67,16,16,0,,,,,,,,
0,16,16,0,,,,,,,,
14,16,17,0,,,,,,,,
22,16,17,2,521,161,1045,958,1925,1323,,
0,16,17,0,,,,,,,,
27,16,18,1,1079,2136,1888,1955,1428,1134,,
22,16,18,0,,,,,,,,
0,16,18,0,,,,,,,,
12,16,19,0,,,,,,,,
57,16,19,2,2034,,1213,134,580,2036,,
0,16,19,0,,,,,,,,
39,16,20,1,1668,361,679,162,825,896,,
42,16,20,0,,,,,,,,
0,16,20,0,,,,,,,,
15,16,21,0,,,,,,,,
28,16,21,2,1622,1910,1228,1224,1316,1001,,
0,16,21,0,,,,,,,,
50,16,22,1,1160,297,219,286,1075,1636,,
52,16,22,0,,,,,,,,
0,16,22,0,,,,,,,,
50,16,23,0,,,,,,,,
52,16,23,2,1309,293,445,1051,1020,1454,,
0,16,23,0,,,,,,,,
12,16,24,1,381,323,1392,1238,,622,,
43,16,24,0,,,,,,,,
0,16,24,0,,,,,,,,
48,16,25,0,,,,,,,,
11,16,25,2,1680,1603,1477,1565,1003,1357,,
0,16,25,0,,,,,,,,
42,16,26,1,,,258,1208,996,1111,,
65,16,26,0,,,,,,,,
0,16,26,0,,,,,,,,
63,16,27,0,,,,,,,,
56,16,27,2,1332,,738,307,178,1360,,
0,16,27,0,,,,,,,,
13,16,28,1,3184,1390,1411,169,183,99,,
54,16,28,0,,,,,,,,
0,16,28,0,,,,,,,,
13,16,29,0,,,,,,,,
6,16,29,2,2223,1920,2134,1441,1341,1425,,
0,16,29,0,,,,,,,,
61,16,30,1,1824,415,366,1646,322,311,,
41,16,30,0,,,,,,,,
0,16,30,0,,,,,,,,
39,16,31,0,,,,,,,,
5,16,31,2,2724,1667,2480,1669,1320,1465,,
0,16,31,0,,,,,,,,
53,16,32,1,1621,,122,1153,1053,922,,
53,16,32,0,,,,,,,,
0,16,32,0,,,,,,,,
57,17,1,0,,,,,,,,
0,17,1,0,,,,,,,,
35,17,1,2,2247,1439,1078,1659,,106,,
32,17,2,1,2117,1955,1581,994,4896,711,,
0,17,2,0,,,,,,,,
25,17,2,0,,,,,,,,
46,17,3,0,,,,,,,,
0,17,3,0,,,,,,,,
18,17,3,2,1342,973,1031,1617,776,1456,,
66,17,4,1,1857,1769,1850,1050,1301,1120,,
0,17,4,0,,,,,,,,
23,17,4,0,,,,,,,,
10,17,5,0,,,,,,,,
0,17,5,0,,,,,,,,
47,17,5,2,948,1023,1044,692,584,641,,
5,17,6,1,1448,2132,1676,1238,1542,218,,
0,17,6,0,,,,,,,,
66,17,6,0,,,,,,,,
18,17,7,0,,,,,,,,
0,17,7,0,,,,,,,,
13,17,7,2,1726,2420,1718,1042,248,1132,,
30,17,8,1,736,759,1416,696,716,1307,,
0,17,8,0,,,,,,,,
32,17,8,0,,,,,,,,
8,17,9,0,,,,,,,,
0,17,9,0,,,,,,,,
27,17,9,2,1076,1804,967,426,,151,,
49,17,10,1,1195,479,1686,1632,1426,512,,
0,17,10,0,,,,,,,,
56,17,10,0,,,,,,,,
20,17,11,0,,,,,,,,
15,17,11,2,3663,1958,2350,1520,209,654,,
0,17,11,0,,,,,,,,
12,17,12,1,1961,3490,2888,2245,1640,492,,
51,17,12,0,,,,,,,,
0,17,12,0,,,,,,,,
49,17,13,0,,,,,,,,
44,17,13,2,888,655,911,640,985,547,,
0,17,13,0,,,,,,,,
64,17,14,1,745,869,1137,663,554,459,,
31,17,14,0,,,,,,,,
0,17,14,0,,,,,,,,
7,17,15,0,,,,,,,,
20,17,15,2,802,1017,230,562,234,704,,
0,17,15,0,,,,,,,,
41,17,16,1,1102,1158,1305,676,603,543,,
67,17,16,0,,,,,,,,
0,17,16,0,,,,,,,,
14,17,17,0,,,,,,,,
51,17,17,2,2330,1800,3036,825,645,975,,
0,17,17,0,,,,,,,,
52,17,18,1,1242,136,518,826,772,735,,
22,17,18,0,,,,,,,,
0,17,18,0,,,,,,,,
12,17,19,0,,,,,,,,
7,17,19,2,2575,261,3895,1497,1192,286,,
0,17,19,0,,,,,,,,
26,17,20,1,4331,2049,1638,133,1139,823,,
42,17,20,0,,,,,,,,
0,17,20,0,,,,,,,,
15,17,21,0,,,,,,,,
58,17,21,2,1347,701,679,736,568,325,,
0,17,21,0,,,,,,,,
55,17,22,1,,,103,210,606,549,,
52,17,22,0,,,,,,,,
0,17,22,0,,,,,,,,
50,17,23,0,,,,,,,,
42,17,23,2,94,,101,3084,221,1506,,
0,17,23,0,,,,,,,,
40,17,24,1,4129,994,713,497,,163,,
43,17,24,0,,,,,,,,
0,17,24,0,,,,,,,,
48,17,25,0,,,,,,,,
23,17,25,2,1237,2760,1778,2096,,91,,
0,17,25,0,,,,,,,,
34,17,26,1,1019,814,2158,1496,825,470,,
65,17,26,0,,,,,,,,
0,17,26,0,,,,,,,,
63,17,27,0,,,,,,,,
56,17,27,2,2688,1852,207,495,216,119,,
0,17,27,0,,,,,,,,
29,17,28,1,1410,2843,2209,543,1067,1454,,
54,17,28,0,,,,,,,,
0,17,28,0,,,,,,,,
13,17,29,0,,,,,,,,
45,17,29,2,979,245,203,768,687,866,,
0,17,29,0,,,,,,,,
62,17,30,1,1531,433,1205,885,732,415,,
41,17,30,0,,,,,,,,
0,17,30,0,,,,,,,,
39,17,31,0,,,,,,,,
63,17,31,2,1036,939,817,364,1008,264,,
0,17,31,0,,,,,,,,
46,17,32,1,1485,1802,2923,1290,783,518,,
53,17,32,0,,,,,,,,
0,17,32,0,,,,,,,,
