seq,subj,item,cond,R1,R2,R3,R4,R5,R6,R7,R8
0,1,1,0,,,,,,,,
0,1,1,0,,,,,,,,
35,1,1,2,0,1,0,0,0,0,,
32,1,2,1,0,0,1,0,0,1,,
0,1,2,0,,,,,,,,
0,1,2,0,,,,,,,,
0,1,3,0,,,,,,,,
0,1,3,0,,,,,,,,
18,1,3,2,0,0,0,0,,1,,
66,1,4,1,0,0,0,0,0,0,,
0,1,4,0,,,,,,,,
0,1,4,0,,,,,,,,
0,1,5,0,,,,,,,,
0,1,5,0,,,,,,,,
47,1,5,2,0,0,0,0,0,0,,
5,1,6,1,0,0,0,0,1,,,
0,1,6,0,,,,,,,,
0,1,6,0,,,,,,,,
0,1,7,0,,,,,,,,
0,1,7,0,,,,,,,,
13,1,7,2,0,0,1,0,1,0,,
30,1,8,1,0,0,0,0,0,0,,
0,1,8,0,,,,,,,,
0,1,8,0,,,,,,,,
0,1,9,0,,,,,,,,
0,1,9,0,,,,,,,,
27,1,9,2,0,0,0,1,0,1,,
49,1,10,1,0,0,0,0,0,0,,
0,1,10,0,,,,,,,,
0,1,10,0,,,,,,,,
0,1,11,0,,,,,,,,
15,1,11,2,0,0,0,0,,1,,
0,1,11,0,,,,,,,,
12,1,12,1,0,0,0,0,,1,,
0,1,12,0,,,,,,,,
0,1,12,0,,,,,,,,
0,1,13,0,,,,,,,,
44,1,13,2,0,1,1,0,,1,,
0,1,13,0,,,,,,,,
64,1,14,1,,,,1,0,0,,
0,1,14,0,,,,,,,,
0,1,14,0,,,,,,,,
0,1,15,0,,,,,,,,
20,1,15,2,0,0,1,0,0,1,,
0,1,15,0,,,,,,,,
41,1,16,1,0,0,0,0,0,0,,
0,1,16,0,,,,,,,,
0,1,16,0,,,,,,,,
0,1,17,0,,,,,,,,
51,1,17,2,0,0,0,1,0,0,,
0,1,17,0,,,,,,,,
52,1,18,1,0,0,0,0,0,0,,
0,1,18,0,,,,,,,,
0,1,18,0,,,,,,,,
0,1,19,0,,,,,,,,
7,1,19,2,0,0,0,0,0,0,,
0,1,19,0,,,,,,,,
26,1,20,1,0,0,1,0,0,0,,
0,1,20,0,,,,,,,,
0,1,20,0,,,,,,,,
0,1,21,0,,,,,,,,
58,1,21,2,0,0,0,0,0,0,,
0,1,21,0,,,,,,,,
55,1,22,1,0,1,1,0,0,0,,
0,1,22,0,,,,,,,,
0,1,22,0,,,,,,,,
0,1,23,0,,,,,,,,
42,1,23,2,0,0,1,0,0,0,,
0,1,23,0,,,,,,,,
40,1,24,1,0,0,0,0,,1,,
0,1,24,0,,,,,,,,
0,1,24,0,,,,,,,,
0,1,25,0,,,,,,,,
23,1,25,2,0,0,0,0,,1,,
0,1,25,0,,,,,,,,
34,1,26,1,0,0,0,0,0,1,,
0,1,26,0,,,,,,,,
0,1,26,0,,,,,,,,
0,1,27,0,,,,,,,,
56,1,27,2,0,0,0,0,1,1,,
0,1,27,0,,,,,,,,
29,1,28,1,0,0,0,1,1,1,,
0,1,28,0,,,,,,,,
0,1,28,0,,,,,,,,
0,1,29,0,,,,,,,,
45,1,29,2,0,0,0,0,0,0,,
0,1,29,0,,,,,,,,
62,1,30,1,0,0,1,0,0,0,,
0,1,30,0,,,,,,,,
0,1,30,0,,,,,,,,
0,1,31,0,,,,,,,,
63,1,31,2,0,0,0,0,1,0,,
0,1,31,0,,,,,,,,
46,1,32,1,0,0,1,0,0,0,,
0,1,32,0,,,,,,,,
0,1,32,0,,,,,,,,
42,2,1,1,0,0,1,1,,1,,
0,2,1,0,,,,,,,,
35,2,1,0,,,,,,,,
32,2,2,0,,,,,,,,
0,2,2,0,,,,,,,,
57,2,2,2,0,0,0,0,0,0,,
67,2,3,1,0,0,1,1,0,0,,
0,2,3,0,,,,,,,,
18,2,3,0,,,,,,,,
66,2,4,0,,,,,,,,
0,2,4,0,,,,,,,,
28,2,4,2,0,0,0,,1,1,,
60,2,5,1,0,0,0,0,0,1,,
0,2,5,0,,,,,,,,
47,2,5,0,,,,,,,,
5,2,6,0,,,,,,,,
0,2,6,0,,,,,,,,
54,2,6,2,0,0,0,0,0,1,,
26,2,7,1,0,0,1,1,0,0,,
0,2,7,0,,,,,,,,
13,2,7,0,,,,,,,,
30,2,8,0,,,,,,,,
0,2,8,0,,,,,,,,
15,2,8,2,0,0,0,0,,1,,
48,2,9,1,0,0,0,0,0,1,,
0,2,9,0,,,,,,,,
27,2,9,0,,,,,,,,
49,2,10,0,,,,,,,,
0,2,10,0,,,,,,,,
39,2,10,2,0,0,1,0,0,1,,
19,2,11,1,0,0,1,0,,1,,
15,2,11,0,,,,,,,,
0,2,11,0,,,,,,,,
12,2,12,0,,,,,,,,
66,2,12,2,0,0,0,0,1,0,,
0,2,12,0,,,,,,,,
32,2,13,1,0,1,1,0,0,1,,
44,2,13,0,,,,,,,,
0,2,13,0,,,,,,,,
64,2,14,0,,,,,,,,
20,2,14,2,0,0,0,0,0,1,,
0,2,14,0,,,,,,,,
44,2,15,1,0,0,0,1,1,1,,
20,2,15,0,,,,,,,,
0,2,15,0,,,,,,,,
41,2,16,0,,,,,,,,
33,2,16,2,0,0,0,0,0,1,,
0,2,16,0,,,,,,,,
38,2,17,1,0,0,1,0,0,1,,
51,2,17,0,,,,,,,,
0,2,17,0,,,,,,,,
52,2,18,0,,,,,,,,
63,2,18,2,0,0,0,0,0,0,,
0,2,18,0,,,,,,,,
41,2,19,1,0,0,1,0,0,1,,
7,2,19,0,,,,,,,,
0,2,19,0,,,,,,,,
26,2,20,0,,,,,,,,
9,2,20,2,0,1,1,1,0,1,,
0,2,20,0,,,,,,,,
56,2,21,1,0,1,1,0,0,0,,
58,2,21,0,,,,,,,,
0,2,21,0,,,,,,,,
55,2,22,0,,,,,,,,
62,2,22,2,0,0,0,1,1,0,,
0,2,22,0,,,,,,,,
6,2,23,1,0,,1,1,1,1,,
42,2,23,0,,,,,,,,
0,2,23,0,,,,,,,,
40,2,24,0,,,,,,,,
53,2,24,2,0,0,0,1,,1,,
0,2,24,0,,,,,,,,
14,2,25,1,0,1,0,0,,1,,
23,2,25,0,,,,,,,,
0,2,25,0,,,,,,,,
34,2,26,0,,,,,,,,
59,2,26,2,0,0,1,1,0,0,,
0,2,26,0,,,,,,,,
17,2,27,1,0,0,0,1,1,1,,
56,2,27,0,,,,,,,,
0,2,27,0,,,,,,,,
29,2,28,0,,,,,,,,
65,2,28,2,0,0,1,0,1,1,,
0,2,28,0,,,,,,,,
64,2,29,1,0,,1,1,0,1,,
45,2,29,0,,,,,,,,
0,2,29,0,,,,,,,,
62,2,30,0,,,,,,,,
11,2,30,2,0,1,1,0,0,1,,
0,2,30,0,,,,,,,,
30,2,31,1,0,0,1,0,0,0,,
63,2,31,0,,,,,,,,
0,2,31,0,,,,,,,,
46,2,32,0,,,,,,,,
50,2,32,2,0,0,1,0,0,1,,
0,2,32,0,,,,,,,,
42,3,1,0,,,,,,,,
0,3,1,0,,,,,,,,
25,3,1,2,0,0,0,0,,1,,
51,3,2,1,0,0,0,0,0,1,,
0,3,2,0,,,,,,,,
57,3,2,0,,,,,,,,
67,3,3,0,,,,,,,,
0,3,3,0,,,,,,,,
18,3,3,2,0,1,1,1,,1,,
23,3,4,1,0,0,,1,0,1,,
0,3,4,0,,,,,,,,
28,3,4,0,,,,,,,,
60,3,5,0,,,,,,,,
0,3,5,0,,,,,,,,
7,3,5,2,0,1,1,1,0,1,,
30,3,6,1,0,1,1,0,0,0,,
0,3,6,0,,,,,,,,
54,3,6,0,,,,,,,,
26,3,7,0,,,,,,,,
0,3,7,0,,,,,,,,
61,3,7,2,0,0,0,0,0,1,,
44,3,8,1,0,0,0,0,0,1,,
0,3,8,0,,,,,,,,
15,3,8,0,,,,,,,,
48,3,9,0,,,,,,,,
0,3,9,0,,,,,,,,
12,3,9,2,0,0,1,0,,1,,
47,3,10,1,0,0,0,0,0,0,,
0,3,10,0,,,,,,,,
39,3,10,0,,,,,,,,
19,3,11,0,,,,,,,,
40,3,11,2,0,0,1,1,0,1,,
0,3,11,0,,,,,,,,
59,3,12,1,0,0,1,0,1,0,,
66,3,12,0,,,,,,,,
0,3,12,0,,,,,,,,
32,3,13,0,,,,,,,,
66,3,13,2,0,0,1,0,0,1,,
0,3,13,0,,,,,,,,
50,3,14,1,0,0,1,0,0,0,,
20,3,14,0,,,,,,,,
0,3,14,0,,,,,,,,
44,3,15,0,,,,,,,,
20,3,15,2,0,1,1,0,1,0,,
0,3,15,0,,,,,,,,
46,3,16,1,0,1,0,0,0,0,,
33,3,16,0,,,,,,,,
0,3,16,0,,,,,,,,
38,3,17,0,,,,,,,,
14,3,17,2,0,0,0,0,0,0,,
0,3,17,0,,,,,,,,
43,3,18,1,0,0,0,0,0,0,,
63,3,18,0,,,,,,,,
0,3,18,0,,,,,,,,
41,3,19,0,,,,,,,,
33,3,19,2,0,0,0,0,1,0,,
0,3,19,0,,,,,,,,
39,3,20,1,0,0,0,0,0,0,,
9,3,20,0,,,,,,,,
0,3,20,0,,,,,,,,
56,3,21,0,,,,,,,,
9,3,21,2,0,1,0,0,1,1,,
0,3,21,0,,,,,,,,
60,3,22,1,0,0,0,0,0,0,,
62,3,22,0,,,,,,,,
0,3,22,0,,,,,,,,
6,3,23,0,,,,,,,,
49,3,23,2,0,0,1,0,0,1,,
0,3,23,0,,,,,,,,
10,3,24,1,0,1,0,1,,1,,
53,3,24,0,,,,,,,,
0,3,24,0,,,,,,,,
14,3,25,0,,,,,,,,
55,3,25,2,0,1,0,1,0,1,,
0,3,25,0,,,,,,,,
29,3,26,1,0,0,0,0,0,0,,
59,3,26,0,,,,,,,,
0,3,26,0,,,,,,,,
17,3,27,0,,,,,,,,
21,3,27,2,0,0,0,0,0,1,,
0,3,27,0,,,,,,,,
42,3,28,1,0,0,1,0,0,1,,
65,3,28,0,,,,,,,,
0,3,28,0,,,,,,,,
64,3,29,0,,,,,,,,
41,3,29,2,0,0,0,0,0,0,,
0,3,29,0,,,,,,,,
28,3,30,1,0,0,0,0,0,0,,
11,3,30,0,,,,,,,,
0,3,30,0,,,,,,,,
30,3,31,0,,,,,,,,
35,3,31,2,0,0,0,1,0,1,,
0,3,31,0,,,,,,,,
11,3,32,1,0,0,1,0,1,0,,
50,3,32,0,,,,,,,,
0,3,32,0,,,,,,,,
42,4,1,0,,,,,,,,
0,4,1,0,,,,,,,,
15,4,1,2,0,0,0,0,0,1,,
33,4,2,1,0,0,1,0,0,1,,
0,4,2,0,,,,,,,,
57,4,2,0,,,,,,,,
67,4,3,0,,,,,,,,
0,4,3,0,,,,,,,,
38,4,3,2,0,0,0,0,,1,,
51,4,4,1,0,0,0,1,0,1,,
0,4,4,0,,,,,,,,
28,4,4,0,,,,,,,,
60,4,5,0,,,,,,,,
0,4,5,0,,,,,,,,
60,4,5,2,0,0,0,0,0,0,,
16,4,6,1,0,0,0,0,0,0,,
0,4,6,0,,,,,,,,
54,4,6,0,,,,,,,,
26,4,7,0,,,,,,,,
0,4,7,0,,,,,,,,
46,4,7,2,0,0,0,0,0,1,,
9,4,8,1,0,1,0,0,0,0,,
0,4,8,0,,,,,,,,
15,4,8,0,,,,,,,,
48,4,9,0,,,,,,,,
0,4,9,0,,,,,,,,
30,4,9,2,0,0,0,0,,1,,
20,4,10,1,0,0,0,0,0,0,,
0,4,10,0,,,,,,,,
39,4,10,0,,,,,,,,
19,4,11,0,,,,,,,,
37,4,11,2,0,0,0,0,,1,,
0,4,11,0,,,,,,,,
12,4,12,1,0,0,1,1,,1,,
66,4,12,0,,,,,,,,
0,4,12,0,,,,,,,,
32,4,13,0,,,,,,,,
31,4,13,2,0,0,0,0,,1,,
0,4,13,0,,,,,,,,
52,4,14,1,0,0,0,0,0,0,,
20,4,14,0,,,,,,,,
0,4,14,0,,,,,,,,
44,4,15,0,,,,,,,,
36,4,15,2,0,0,0,0,0,0,,
0,4,15,0,,,,,,,,
8,4,16,1,0,1,0,0,0,1,1,
33,4,16,0,,,,,,,,
0,4,16,0,,,,,,,,
38,4,17,0,,,,,,,,
28,4,17,2,0,0,0,0,0,1,,
0,4,17,0,,,,,,,,
34,4,18,1,0,0,1,0,1,1,,
63,4,18,0,,,,,,,,
0,4,18,0,,,,,,,,
41,4,19,0,,,,,,,,
50,4,19,2,0,0,0,0,0,0,,
0,4,19,0,,,,,,,,
10,4,20,1,0,0,0,1,0,1,,
9,4,20,0,,,,,,,,
0,4,20,0,,,,,,,,
56,4,21,0,,,,,,,,
27,4,21,2,0,0,0,0,,1,,
0,4,21,0,,,,,,,,
21,4,22,1,0,0,0,0,0,1,,
62,4,22,0,,,,,,,,
0,4,22,0,,,,,,,,
6,4,23,0,,,,,,,,
47,4,23,2,0,0,0,0,1,0,,
0,4,23,0,,,,,,,,
18,4,24,1,0,0,0,0,,1,,
53,4,24,0,,,,,,,,
0,4,24,0,,,,,,,,
14,4,25,0,,,,,,,,
49,4,25,2,0,0,0,0,,1,,
0,4,25,0,,,,,,,,
67,4,26,1,0,1,0,0,0,0,,
59,4,26,0,,,,,,,,
0,4,26,0,,,,,,,,
17,4,27,0,,,,,,,,
56,4,27,2,0,0,0,1,0,1,,
0,4,27,0,,,,,,,,
58,4,28,1,0,0,0,0,1,1,,
65,4,28,0,,,,,,,,
0,4,28,0,,,,,,,,
64,4,29,0,,,,,,,,
61,4,29,2,0,0,0,0,0,0,,
0,4,29,0,,,,,,,,
26,4,30,1,0,1,0,0,0,1,,
11,4,30,0,,,,,,,,
0,4,30,0,,,,,,,,
30,4,31,0,,,,,,,,
29,4,31,2,0,0,0,1,1,0,,
0,4,31,0,,,,,,,,
39,4,32,1,0,0,0,1,0,0,,
50,4,32,0,,,,,,,,
0,4,32,0,,,,,,,,
42,5,1,0,,,,,,,,
0,5,1,0,,,,,,,,
35,5,1,2,0,1,1,1,1,,1,
30,5,2,1,0,1,1,0,0,0,,
0,5,2,0,,,,,,,,
57,5,2,0,,,,,,,,
67,5,3,0,,,,,,,,
0,5,3,0,,,,,,,,
55,5,3,2,0,0,0,0,,1,,
17,5,4,1,0,0,1,0,0,0,,
0,5,4,0,,,,,,,,
28,5,4,0,,,,,,,,
60,5,5,0,,,,,,,,
0,5,5,0,,,,,,,,
42,5,5,2,0,0,0,0,0,1,,
66,5,6,1,0,1,0,0,0,1,,
0,5,6,0,,,,,,,,
54,5,6,0,,,,,,,,
26,5,7,0,,,,,,,,
0,5,7,0,,,,,,,,
9,5,7,2,0,0,1,0,0,1,,
23,5,8,1,0,0,1,0,0,1,,
0,5,8,0,,,,,,,,
15,5,8,0,,,,,,,,
48,5,9,0,,,,,,,,
0,5,9,0,,,,,,,,
38,5,9,2,0,0,0,0,0,1,,
5,5,10,1,0,0,1,0,1,1,,
0,5,10,0,,,,,,,,
39,5,10,0,,,,,,,,
19,5,11,0,,,,,,,,
46,5,11,2,0,0,1,1,0,1,,
0,5,11,0,,,,,,,,
37,5,12,1,0,1,0,0,,1,,
66,5,12,0,,,,,,,,
0,5,12,0,,,,,,,,
32,5,13,0,,,,,,,,
28,5,13,2,0,0,1,0,,1,,
0,5,13,0,,,,,,,,
32,5,14,1,0,1,1,0,1,1,,
20,5,14,0,,,,,,,,
0,5,14,0,,,,,,,,
44,5,15,0,,,,,,,,
64,5,15,2,0,0,0,0,0,1,,
0,5,15,0,,,,,,,,
58,5,16,1,0,0,0,,0,0,,
33,5,16,0,,,,,,,,
0,5,16,0,,,,,,,,
38,5,17,0,,,,,,,,
52,5,17,2,0,0,0,1,0,0,,
0,5,17,0,,,,,,,,
33,5,18,1,0,0,1,0,0,0,,
63,5,18,0,,,,,,,,
0,5,18,0,,,,,,,,
41,5,19,0,,,,,,,,
20,5,19,2,0,0,1,1,1,1,,
0,5,19,0,,,,,,,,
11,5,20,1,0,1,0,0,,1,,
9,5,20,0,,,,,,,,
0,5,20,0,,,,,,,,
56,5,21,0,,,,,,,,
21,5,21,2,0,0,0,0,0,1,,
0,5,21,0,,,,,,,,
60,5,22,1,0,0,0,0,1,1,,
62,5,22,0,,,,,,,,
0,5,22,0,,,,,,,,
6,5,23,0,,,,,,,,
40,5,23,2,0,0,0,0,0,0,,
0,5,23,0,,,,,,,,
19,5,24,1,0,1,0,0,,1,,
53,5,24,0,,,,,,,,
0,5,24,0,,,,,,,,
14,5,25,0,,,,,,,,
49,5,25,2,0,0,0,0,0,0,,
0,5,25,0,,,,,,,,
48,5,26,1,0,1,0,0,0,0,,
59,5,26,0,,,,,,,,
0,5,26,0,,,,,,,,
17,5,27,0,,,,,,,,
27,5,27,2,0,0,0,0,0,1,,
0,5,27,0,,,,,,,,
59,5,28,1,0,0,0,0,0,1,,
65,5,28,0,,,,,,,,
0,5,28,0,,,,,,,,
64,5,29,0,,,,,,,,
53,5,29,2,0,,1,1,0,0,,
0,5,29,0,,,,,,,,
51,5,30,1,0,0,0,0,0,0,,
11,5,30,0,,,,,,,,
0,5,30,0,,,,,,,,
30,5,31,0,,,,,,,,
56,5,31,2,0,0,0,1,1,0,,
0,5,31,0,,,,,,,,
14,5,32,1,0,0,1,1,1,0,,
50,5,32,0,,,,,,,,
0,5,32,0,,,,,,,,
42,6,1,0,,,,,,,,
0,6,1,0,,,,,,,,
39,6,1,2,0,1,0,0,,1,,
11,6,2,1,0,1,1,1,0,1,,
0,6,2,0,,,,,,,,
57,6,2,0,,,,,,,,
67,6,3,0,,,,,,,,
0,6,3,0,,,,,,,,
30,6,3,2,0,1,1,0,,0,,
5,6,4,1,0,1,0,1,0,0,,
0,6,4,0,,,,,,,,
28,6,4,0,,,,,,,,
60,6,5,0,,,,,,,,
0,6,5,0,,,,,,,,
9,6,5,2,0,1,1,0,1,1,,
61,6,6,1,0,0,0,0,0,1,,
0,6,6,0,,,,,,,,
54,6,6,0,,,,,,,,
26,6,7,0,,,,,,,,
0,6,7,0,,,,,,,,
13,6,7,2,0,1,0,0,0,1,,
7,6,8,1,0,0,0,1,0,0,,
0,6,8,0,,,,,,,,
15,6,8,0,,,,,,,,
48,6,9,0,,,,,,,,
0,6,9,0,,,,,,,,
40,6,9,2,0,0,0,0,,1,,
38,6,10,1,0,1,0,0,1,0,,
0,6,10,0,,,,,,,,
39,6,10,0,,,,,,,,
19,6,11,0,,,,,,,,
25,6,11,2,0,1,1,1,,1,,
0,6,11,0,,,,,,,,
62,6,12,1,0,0,1,0,,1,,
66,6,12,0,,,,,,,,
0,6,12,0,,,,,,,,
32,6,13,0,,,,,,,,
28,6,13,2,0,0,1,1,1,0,,
0,6,13,0,,,,,,,,
15,6,14,1,0,,1,0,1,1,,
20,6,14,0,,,,,,,,
0,6,14,0,,,,,,,,
44,6,15,0,,,,,,,,
16,6,15,2,0,1,0,1,1,1,,
0,6,15,0,,,,,,,,
60,6,16,1,0,0,,1,1,1,,
33,6,16,0,,,,,,,,
0,6,16,0,,,,,,,,
38,6,17,0,,,,,,,,
63,6,17,2,0,1,0,0,0,1,,
0,6,17,0,,,,,,,,
54,6,18,1,0,0,0,1,0,1,,
63,6,18,0,,,,,,,,
0,6,18,0,,,,,,,,
41,6,19,0,,,,,,,,
27,6,19,2,0,0,1,0,1,1,,
0,6,19,0,,,,,,,,
37,6,20,1,0,0,1,1,,1,,
9,6,20,0,,,,,,,,
0,6,20,0,,,,,,,,
56,6,21,0,,,,,,,,
36,6,21,2,0,1,0,0,1,1,,
0,6,21,0,,,,,,,,
29,6,22,1,0,0,,1,1,1,,
62,6,22,0,,,,,,,,
0,6,22,0,,,,,,,,
6,6,23,0,,,,,,,,
49,6,23,2,0,0,1,0,0,0,,
0,6,23,0,,,,,,,,
26,6,24,1,0,0,1,1,1,1,0,
53,6,24,0,,,,,,,,
0,6,24,0,,,,,,,,
14,6,25,0,,,,,,,,
51,6,25,2,0,1,0,0,0,0,,
0,6,25,0,,,,,,,,
35,6,26,1,0,0,0,1,0,0,,
59,6,26,0,,,,,,,,
0,6,26,0,,,,,,,,
17,6,27,0,,,,,,,,
57,6,27,2,0,0,1,0,1,1,,
0,6,27,0,,,,,,,,
64,6,28,1,0,1,1,1,0,1,,
65,6,28,0,,,,,,,,
0,6,28,0,,,,,,,,
64,6,29,0,,,,,,,,
58,6,29,2,0,0,1,0,0,1,,
0,6,29,0,,,,,,,,
23,6,30,1,0,1,1,1,1,1,,
11,6,30,0,,,,,,,,
0,6,30,0,,,,,,,,
30,6,31,0,,,,,,,,
19,6,31,2,0,1,1,0,1,1,,
0,6,31,0,,,,,,,,
33,6,32,1,0,0,,1,0,0,,
50,6,32,0,,,,,,,,
0,6,32,0,,,,,,,,
42,7,1,0,,,,,,,,
0,7,1,0,,,,,,,,
31,7,1,2,0,0,0,1,0,0,,
20,7,2,1,0,0,1,0,0,0,,
0,7,2,0,,,,,,,,
57,7,2,0,,,,,,,,
67,7,3,0,,,,,,,,
0,7,3,0,,,,,,,,
7,7,3,2,0,,1,1,1,1,,
8,7,4,1,0,0,1,0,0,0,,
0,7,4,0,,,,,,,,
28,7,4,0,,,,,,,,
60,7,5,0,,,,,,,,
0,7,5,0,,,,,,,,
32,7,5,2,0,1,0,0,0,0,,
22,7,6,1,0,0,0,0,0,0,,
0,7,6,0,,,,,,,,
54,7,6,0,,,,,,,,
26,7,7,0,,,,,,,,
0,7,7,0,,,,,,,,
58,7,7,2,0,0,1,0,0,0,,
62,7,8,1,0,,0,0,0,1,,
0,7,8,0,,,,,,,,
15,7,8,0,,,,,,,,
48,7,9,0,,,,,,,,
0,7,9,0,,,,,,,,
33,7,9,2,0,1,1,0,,1,,
6,7,10,1,0,1,0,0,1,0,,
0,7,10,0,,,,,,,,
39,7,10,0,,,,,,,,
19,7,11,0,,,,,,,,
44,7,11,2,0,0,1,0,0,1,,
0,7,11,0,,,,,,,,
10,7,12,1,0,1,0,0,0,0,,
66,7,12,0,,,,,,,,
0,7,12,0,,,,,,,,
32,7,13,0,,,,,,,,
35,7,13,2,0,,1,1,,1,,
0,7,13,0,,,,,,,,
23,7,14,1,0,0,0,0,1,,1,
20,7,14,0,,,,,,,,
0,7,14,0,,,,,,,,
44,7,15,0,,,,,,,,
29,7,15,2,0,0,1,0,1,0,,
0,7,15,0,,,,,,,,
38,7,16,1,0,0,0,0,0,0,,
33,7,16,0,,,,,,,,
0,7,16,0,,,,,,,,
38,7,17,0,,,,,,,,
48,7,17,2,0,0,0,1,0,1,,
0,7,17,0,,,,,,,,
49,7,18,1,0,1,0,1,1,1,,
63,7,18,0,,,,,,,,
0,7,18,0,,,,,,,,
41,7,19,0,,,,,,,,
5,7,19,2,0,0,0,0,1,0,,
0,7,19,0,,,,,,,,
41,7,20,1,0,0,1,1,0,1,,
9,7,20,0,,,,,,,,
0,7,20,0,,,,,,,,
56,7,21,0,,,,,,,,
51,7,21,2,0,0,1,0,0,1,,
0,7,21,0,,,,,,,,
60,7,22,1,0,1,0,1,1,0,,
62,7,22,0,,,,,,,,
0,7,22,0,,,,,,,,
6,7,23,0,,,,,,,,
30,7,23,2,0,0,0,0,0,0,,
0,7,23,0,,,,,,,,
42,7,24,1,0,0,0,0,,1,,
53,7,24,0,,,,,,,,
0,7,24,0,,,,,,,,
14,7,25,0,,,,,,,,
57,7,25,2,0,0,0,0,1,0,,
0,7,25,0,,,,,,,,
27,7,26,1,0,0,0,0,0,0,,
59,7,26,0,,,,,,,,
0,7,26,0,,,,,,,,
17,7,27,0,,,,,,,,
50,7,27,2,0,0,0,1,0,0,,
0,7,27,0,,,,,,,,
25,7,28,1,0,0,0,0,1,0,,
65,7,28,0,,,,,,,,
0,7,28,0,,,,,,,,
64,7,29,0,,,,,,,,
55,7,29,2,0,0,1,0,0,1,,
0,7,29,0,,,,,,,,
36,7,30,1,0,0,0,0,0,0,,
11,7,30,0,,,,,,,,
0,7,30,0,,,,,,,,
30,7,31,0,,,,,,,,
40,7,31,2,0,1,1,0,0,1,,
0,7,31,0,,,,,,,,
43,7,32,1,0,0,0,0,0,0,,
50,7,32,0,,,,,,,,
0,7,32,0,,,,,,,,
42,8,1,0,,,,,,,,
0,8,1,0,,,,,,,,
36,8,1,2,0,0,1,0,1,1,,
43,8,2,1,0,1,1,0,0,0,1,
0,8,2,0,,,,,,,,
57,8,2,0,,,,,,,,
67,8,3,0,,,,,,,,
0,8,3,0,,,,,,,,
68,8,3,2,0,,1,1,0,0,,
7,8,4,1,0,0,0,0,0,0,,
0,8,4,0,,,,,,,,
28,8,4,0,,,,,,,,
60,8,5,0,,,,,,,,
0,8,5,0,,,,,,,,
58,8,5,2,0,0,0,0,0,1,,
45,8,6,1,0,0,1,0,1,1,,
0,8,6,0,,,,,,,,
54,8,6,0,,,,,,,,
26,8,7,0,,,,,,,,
0,8,7,0,,,,,,,,
34,8,7,2,0,0,0,0,0,1,,
29,8,8,1,0,1,0,0,0,1,,
0,8,8,0,,,,,,,,
15,8,8,0,,,,,,,,
48,8,9,0,,,,,,,,
0,8,9,0,,,,,,,,
11,8,9,2,0,0,0,0,0,1,,
64,8,10,1,0,,1,1,0,1,,
0,8,10,0,,,,,,,,
39,8,10,0,,,,,,,,
19,8,11,0,,,,,,,,
21,8,11,2,0,0,1,0,,1,,
0,8,11,0,,,,,,,,
32,8,12,1,0,0,0,1,0,0,,
66,8,12,0,,,,,,,,
0,8,12,0,,,,,,,,
32,8,13,0,,,,,,,,
23,8,13,2,0,1,0,0,0,1,,
0,8,13,0,,,,,,,,
63,8,14,1,0,0,0,0,1,1,,
20,8,14,0,,,,,,,,
0,8,14,0,,,,,,,,
44,8,15,0,,,,,,,,
52,8,15,2,0,0,0,,1,1,,
0,8,15,0,,,,,,,,
16,8,16,1,0,0,0,0,0,0,,
33,8,16,0,,,,,,,,
0,8,16,0,,,,,,,,
38,8,17,0,,,,,,,,
56,8,17,2,0,0,0,0,0,0,,
0,8,17,0,,,,,,,,
62,8,18,1,0,0,1,1,0,1,,
63,8,18,0,,,,,,,,
0,8,18,0,,,,,,,,
41,8,19,0,,,,,,,,
20,8,19,2,0,0,0,0,0,0,,
0,8,19,0,,,,,,,,
55,8,20,1,0,1,0,0,0,1,,
9,8,20,0,,,,,,,,
0,8,20,0,,,,,,,,
56,8,21,0,,,,,,,,
67,8,21,2,0,0,1,0,1,1,,
0,8,21,0,,,,,,,,
47,8,22,1,0,0,1,1,1,1,,
62,8,22,0,,,,,,,,
0,8,22,0,,,,,,,,
6,8,23,0,,,,,,,,
57,8,23,2,0,0,0,0,0,1,,
0,8,23,0,,,,,,,,
18,8,24,1,0,0,0,0,,1,,
53,8,24,0,,,,,,,,
0,8,24,0,,,,,,,,
14,8,25,0,,,,,,,,
60,8,25,2,0,0,1,0,0,1,,
0,8,25,0,,,,,,,,
51,8,26,1,0,0,0,0,0,1,,
59,8,26,0,,,,,,,,
0,8,26,0,,,,,,,,
17,8,27,0,,,,,,,,
15,8,27,2,0,0,0,0,1,1,,
0,8,27,0,,,,,,,,
33,8,28,1,0,1,0,0,1,1,,
65,8,28,0,,,,,,,,
0,8,28,0,,,,,,,,
64,8,29,0,,,,,,,,
13,8,29,2,0,1,1,0,0,1,,
0,8,29,0,,,,,,,,
19,8,30,1,0,0,1,1,0,0,,
11,8,30,0,,,,,,,,
0,8,30,0,,,,,,,,
30,8,31,0,,,,,,,,
38,8,31,2,0,0,0,0,0,1,,
0,8,31,0,,,,,,,,
61,8,32,1,0,0,1,0,0,1,,
50,8,32,0,,,,,,,,
0,8,32,0,,,,,,,,
42,9,1,0,,,,,,,,
0,9,1,0,,,,,,,,
48,9,1,2,0,0,1,0,,1,,
19,9,2,1,0,0,0,0,1,0,,
0,9,2,0,,,,,,,,
57,9,2,0,,,,,,,,
67,9,3,0,,,,,,,,
0,9,3,0,,,,,,,,
12,9,3,2,0,0,1,0,,1,,
30,9,4,1,0,1,0,0,1,0,,
0,9,4,0,,,,,,,,
28,9,4,0,,,,,,,,
60,9,5,0,,,,,,,,
0,9,5,0,,,,,,,,
17,9,5,2,0,0,1,0,0,1,,
55,9,6,1,0,0,0,0,0,1,,
0,9,6,0,,,,,,,,
54,9,6,0,,,,,,,,
26,9,7,0,,,,,,,,
0,9,7,0,,,,,,,,
64,9,7,2,0,1,0,0,0,1,,
58,9,8,1,0,0,0,1,0,0,,
0,9,8,0,,,,,,,,
15,9,8,0,,,,,,,,
48,9,9,0,,,,,,,,
0,9,9,0,,,,,,,,
44,9,9,2,0,0,0,0,0,1,,
6,9,10,1,0,0,0,0,0,0,,
0,9,10,0,,,,,,,,
39,9,10,0,,,,,,,,
19,9,11,0,,,,,,,,
23,9,11,2,0,0,1,0,1,1,,
0,9,11,0,,,,,,,,
50,9,12,1,0,1,0,0,,1,,
66,9,12,0,,,,,,,,
0,9,12,0,,,,,,,,
32,9,13,0,,,,,,,,
32,9,13,2,0,0,1,0,,1,,
0,9,13,0,,,,,,,,
21,9,14,1,0,0,1,1,1,0,,
20,9,14,0,,,,,,,,
0,9,14,0,,,,,,,,
44,9,15,0,,,,,,,,
10,9,15,2,0,0,1,1,0,0,,
0,9,15,0,,,,,,,,
43,9,16,1,0,1,0,1,,0,,
33,9,16,0,,,,,,,,
0,9,16,0,,,,,,,,
38,9,17,0,,,,,,,,
22,9,17,2,0,1,1,1,1,0,,
0,9,17,0,,,,,,,,
41,9,18,1,0,0,1,0,0,1,,
63,9,18,0,,,,,,,,
0,9,18,0,,,,,,,,
41,9,19,0,,,,,,,,
42,9,19,2,0,0,0,1,0,1,,
0,9,19,0,,,,,,,,
40,9,20,1,0,0,0,0,0,1,,
9,9,20,0,,,,,,,,
0,9,20,0,,,,,,,,
56,9,21,0,,,,,,,,
60,9,21,2,0,0,1,0,0,0,,
0,9,21,0,,,,,,,,
33,9,22,1,0,0,1,0,1,0,,
62,9,22,0,,,,,,,,
0,9,22,0,,,,,,,,
6,9,23,0,,,,,,,,
16,9,23,2,0,0,0,0,1,0,,
0,9,23,0,,,,,,,,
53,9,24,1,0,0,1,0,,1,,
53,9,24,0,,,,,,,,
0,9,24,0,,,,,,,,
14,9,25,0,,,,,,,,
62,9,25,2,0,0,0,0,0,0,,
0,9,25,0,,,,,,,,
37,9,26,1,0,0,0,1,0,0,,
59,9,26,0,,,,,,,,
0,9,26,0,,,,,,,,
17,9,27,0,,,,,,,,
9,9,27,2,0,0,0,0,0,1,,
0,9,27,0,,,,,,,,
29,9,28,1,0,0,1,0,0,1,,
65,9,28,0,,,,,,,,
0,9,28,0,,,,,,,,
64,9,29,0,,,,,,,,
5,9,29,2,0,0,0,0,1,1,,
0,9,29,0,,,,,,,,
63,9,30,1,0,0,0,0,0,1,,
11,9,30,0,,,,,,,,
0,9,30,0,,,,,,,,
30,9,31,0,,,,,,,,
25,9,31,2,0,0,0,0,1,1,,
0,9,31,0,,,,,,,,
67,9,32,1,0,0,0,0,0,0,,
50,9,32,0,,,,,,,,
0,9,32,0,,,,,,,,
42,10,1,0,,,,,,,,
0,10,1,0,,,,,,,,
54,10,1,2,0,0,0,0,,1,,
64,10,2,1,0,0,1,0,,1,,
0,10,2,0,,,,,,,,
57,10,2,0,,,,,,,,
67,10,3,0,,,,,,,,
0,10,3,0,,,,,,,,
29,10,3,2,0,0,0,0,,1,,
27,10,4,1,0,0,0,0,0,1,,
0,10,4,0,,,,,,,,
28,10,4,0,,,,,,,,
60,10,5,0,,,,,,,,
0,10,5,0,,,,,,,,
58,10,5,2,0,0,0,0,0,1,,
16,10,6,1,0,0,0,0,0,0,,
0,10,6,0,,,,,,,,
54,10,6,0,,,,,,,,
26,10,7,0,,,,,,,,
0,10,7,0,,,,,,,,
66,10,7,2,0,0,1,1,1,0,,
41,10,8,1,0,0,1,0,0,0,,
0,10,8,0,,,,,,,,
15,10,8,0,,,,,,,,
48,10,9,0,,,,,,,,
0,10,9,0,,,,,,,,
38,10,9,2,0,0,0,0,1,1,,
51,10,10,1,0,1,1,0,0,0,,
0,10,10,0,,,,,,,,
39,10,10,0,,,,,,,,
19,10,11,0,,,,,,,,
50,10,11,2,0,0,1,0,0,1,,
0,10,11,0,,,,,,,,
45,10,12,1,0,0,0,1,,0,,
66,10,12,0,,,,,,,,
0,10,12,0,,,,,,,,
32,10,13,0,,,,,,,,
31,10,13,2,0,,1,0,,1,,
0,10,13,0,,,,,,,,
44,10,14,1,0,0,1,1,0,,1,
20,10,14,0,,,,,,,,
0,10,14,0,,,,,,,,
44,10,15,0,,,,,,,,
56,10,15,2,0,0,0,1,0,1,1,
0,10,15,0,,,,,,,,
32,10,16,1,0,0,0,0,0,1,,
33,10,16,0,,,,,,,,
0,10,16,0,,,,,,,,
38,10,17,0,,,,,,,,
40,10,17,2,0,1,0,1,0,1,,
0,10,17,0,,,,,,,,
48,10,18,1,0,0,0,0,0,0,,
63,10,18,0,,,,,,,,
0,10,18,0,,,,,,,,
41,10,19,0,,,,,,,,
53,10,19,2,0,0,0,1,1,1,,
0,10,19,0,,,,,,,,
6,10,20,1,0,0,0,0,,1,,
9,10,20,0,,,,,,,,
0,10,20,0,,,,,,,,
56,10,21,0,,,,,,,,
43,10,21,2,0,0,0,0,0,0,,
0,10,21,0,,,,,,,,
37,10,22,1,0,0,0,1,1,0,,
62,10,22,0,,,,,,,,
0,10,22,0,,,,,,,,
6,10,23,0,,,,,,,,
60,10,23,2,0,0,0,0,,1,,
0,10,23,0,,,,,,,,
5,10,24,1,0,0,0,0,,1,,
53,10,24,0,,,,,,,,
0,10,24,0,,,,,,,,
14,10,25,0,,,,,,,,
61,10,25,2,0,0,0,1,1,1,,
0,10,25,0,,,,,,,,
49,10,26,1,0,0,0,0,0,0,,
59,10,26,0,,,,,,,,
0,10,26,0,,,,,,,,
17,10,27,0,,,,,,,,
62,10,27,2,0,1,0,0,0,1,,
0,10,27,0,,,,,,,,
19,10,28,1,0,0,0,1,,1,,
65,10,28,0,,,,,,,,
0,10,28,0,,,,,,,,
64,10,29,0,,,,,,,,
57,10,29,2,0,0,0,0,0,1,,
0,10,29,0,,,,,,,,
22,10,30,1,0,0,0,0,0,1,,
11,10,30,0,,,,,,,,
0,10,30,0,,,,,,,,
30,10,31,0,,,,,,,,
18,10,31,2,0,0,0,0,0,0,,
0,10,31,0,,,,,,,,
46,10,32,1,0,0,1,0,0,1,,
50,10,32,0,,,,,,,,
0,10,32,0,,,,,,,,
42,11,1,0,,,,,,,,
0,11,1,0,,,,,,,,
22,11,1,2,0,0,1,0,,1,,
12,11,2,1,0,0,1,0,0,1,,
0,11,2,0,,,,,,,,
57,11,2,0,,,,,,,,
67,11,3,0,,,,,,,,
0,11,3,0,,,,,,,,
26,11,3,2,0,0,0,0,,1,,
14,11,4,1,0,0,0,0,1,1,,
0,11,4,0,,,,,,,,
28,11,4,0,,,,,,,,
60,11,5,0,,,,,,,,
0,11,5,0,,,,,,,,
43,11,5,2,0,0,0,0,0,1,,
35,11,6,1,0,0,0,0,0,1,,
0,11,6,0,,,,,,,,
54,11,6,0,,,,,,,,
26,11,7,0,,,,,,,,
0,11,7,0,,,,,,,,
31,11,7,2,0,1,0,0,0,1,,
7,11,8,1,0,1,0,0,0,0,,
0,11,8,0,,,,,,,,
15,11,8,0,,,,,,,,
48,11,9,0,,,,,,,,
0,11,9,0,,,,,,,,
53,11,9,2,0,0,0,0,0,1,,
58,11,10,1,0,0,0,0,0,1,,
0,11,10,0,,,,,,,,
39,11,10,0,,,,,,,,
19,11,11,0,,,,,,,,
61,11,11,2,0,0,1,0,0,1,,
0,11,11,0,,,,,,,,
48,11,12,1,,1,0,1,0,1,,
66,11,12,0,,,,,,,,
0,11,12,0,,,,,,,,
32,11,13,0,,,,,,,,
67,11,13,2,0,0,1,0,0,1,,
0,11,13,0,,,,,,,,
57,11,14,1,0,0,0,0,0,1,,
20,11,14,0,,,,,,,,
0,11,14,0,,,,,,,,
44,11,15,0,,,,,,,,
5,11,15,2,0,0,0,0,0,0,,
0,11,15,0,,,,,,,,
28,11,16,1,0,0,0,0,0,1,,
33,11,16,0,,,,,,,,
0,11,16,0,,,,,,,,
38,11,17,0,,,,,,,,
45,11,17,2,0,0,0,0,0,1,,
0,11,17,0,,,,,,,,
63,11,18,1,0,0,1,1,0,1,,
63,11,18,0,,,,,,,,
0,11,18,0,,,,,,,,
41,11,19,0,,,,,,,,
9,11,19,2,0,0,,,1,1,,
0,11,19,0,,,,,,,,
19,11,20,1,0,0,0,0,0,1,,
9,11,20,0,,,,,,,,
0,11,20,0,,,,,,,,
56,11,21,0,,,,,,,,
65,11,21,2,0,0,0,0,0,1,,
0,11,21,0,,,,,,,,
56,11,22,1,0,0,1,1,0,1,,
62,11,22,0,,,,,,,,
0,11,22,0,,,,,,,,
6,11,23,0,,,,,,,,
66,11,23,2,0,0,0,0,0,1,,
0,11,23,0,,,,,,,,
10,11,24,1,0,0,0,0,,1,,
53,11,24,0,,,,,,,,
0,11,24,0,,,,,,,,
14,11,25,0,,,,,,,,
17,11,25,2,0,1,0,0,0,1,,
0,11,25,0,,,,,,,,
62,11,26,1,0,0,0,0,0,1,,
59,11,26,0,,,,,,,,
0,11,26,0,,,,,,,,
17,11,27,0,,,,,,,,
51,11,27,2,0,0,0,0,0,1,,
0,11,27,0,,,,,,,,
38,11,28,1,0,0,1,0,0,1,,
65,11,28,0,,,,,,,,
0,11,28,0,,,,,,,,
64,11,29,0,,,,,,,,
52,11,29,2,0,1,1,0,1,1,,
0,11,29,0,,,,,,,,
11,11,30,1,0,0,1,0,0,1,,
11,11,30,0,,,,,,,,
0,11,30,0,,,,,,,,
30,11,31,0,,,,,,,,
37,11,31,2,0,0,0,0,0,1,,
0,11,31,0,,,,,,,,
16,11,32,1,,1,0,1,1,1,,
50,11,32,0,,,,,,,,
0,11,32,0,,,,,,,,
42,12,1,0,,,,,,,,
0,12,1,0,,,,,,,,
33,12,1,2,0,0,1,1,,1,,
26,12,2,1,0,1,1,0,0,0,,
0,12,2,0,,,,,,,,
57,12,2,0,,,,,,,,
67,12,3,0,,,,,,,,
0,12,3,0,,,,,,,,
6,12,3,2,0,,1,1,1,1,,
14,12,4,1,0,1,1,1,1,0,,
0,12,4,0,,,,,,,,
28,12,4,0,,,,,,,,
60,12,5,0,,,,,,,,
0,12,5,0,,,,,,,,
54,12,5,2,0,0,1,0,0,0,,
36,12,6,1,,1,1,0,1,,,
0,12,6,0,,,,,,,,
54,12,6,0,,,,,,,,
26,12,7,0,,,,,,,,
0,12,7,0,,,,,,,,
24,12,7,2,0,,0,1,1,1,,
38,12,8,1,0,1,1,0,0,1,,
0,12,8,0,,,,,,,,
15,12,8,0,,,,,,,,
48,12,9,0,,,,,,,,
0,12,9,0,,,,,,,,
68,12,9,2,0,0,0,0,0,1,,
8,12,10,1,0,0,1,1,1,0,,
0,12,10,0,,,,,,,,
39,12,10,0,,,,,,,,
19,12,11,0,,,,,,,,
12,12,11,2,0,1,1,1,1,0,,
0,12,11,0,,,,,,,,
66,12,12,1,0,0,1,0,,1,,
66,12,12,0,,,,,,,,
0,12,12,0,,,,,,,,
32,12,13,0,,,,,,,,
60,12,13,2,0,1,1,0,0,0,,
0,12,13,0,,,,,,,,
62,12,14,1,0,1,1,0,1,0,,
20,12,14,0,,,,,,,,
0,12,14,0,,,,,,,,
44,12,15,0,,,,,,,,
31,12,15,2,0,0,,1,0,1,,
0,12,15,0,,,,,,,,
20,12,16,1,0,1,1,0,0,,1,
33,12,16,0,,,,,,,,
0,12,16,0,,,,,,,,
38,12,17,0,,,,,,,,
61,12,17,2,0,0,0,0,1,1,,
0,12,17,0,,,,,,,,
44,12,18,1,0,1,1,0,1,1,,
63,12,18,0,,,,,,,,
0,12,18,0,,,,,,,,
41,12,19,0,,,,,,,,
67,12,19,2,0,1,0,,1,0,,
0,12,19,0,,,,,,,,
49,12,20,1,0,1,1,0,,1,,
9,12,20,0,,,,,,,,
0,12,20,0,,,,,,,,
56,12,21,0,,,,,,,,
30,12,21,2,0,1,0,0,0,0,,
0,12,21,0,,,,,,,,
13,12,22,1,0,1,0,1,1,1,,
62,12,22,0,,,,,,,,
0,12,22,0,,,,,,,,
6,12,23,0,,,,,,,,
65,12,23,2,0,1,1,0,0,0,,
0,12,23,0,,,,,,,,
48,12,24,1,0,1,1,1,,1,,
53,12,24,0,,,,,,,,
0,12,24,0,,,,,,,,
14,12,25,0,,,,,,,,
19,12,25,2,0,0,1,0,,1,,
0,12,25,0,,,,,,,,
56,12,26,1,0,0,1,0,0,0,,
59,12,26,0,,,,,,,,
0,12,26,0,,,,,,,,
17,12,27,0,,,,,,,,
69,12,27,2,0,1,1,1,0,1,,
0,12,27,0,,,,,,,,
47,12,28,1,0,1,1,0,0,1,,
65,12,28,0,,,,,,,,
0,12,28,0,,,,,,,,
64,12,29,0,,,,,,,,
21,12,29,2,0,1,0,1,1,0,,
0,12,29,0,,,,,,,,
71,12,30,1,0,1,1,1,0,0,,
11,12,30,0,,,,,,,,
0,12,30,0,,,,,,,,
30,12,31,0,,,,,,,,
53,12,31,2,0,1,0,1,0,0,,
0,12,31,0,,,,,,,,
57,12,32,1,0,0,1,0,0,0,,
50,12,32,0,,,,,,,,
0,12,32,0,,,,,,,,
42,13,1,0,,,,,,,,
0,13,1,0,,,,,,,,
38,13,1,2,0,0,0,0,,1,,
35,13,2,1,0,0,0,0,0,1,,
0,13,2,0,,,,,,,,
57,13,2,0,,,,,,,,
67,13,3,0,,,,,,,,
0,13,3,0,,,,,,,,
39,13,3,2,0,,1,0,,1,,
60,13,4,1,0,0,0,0,1,0,,
0,13,4,0,,,,,,,,
28,13,4,0,,,,,,,,
60,13,5,0,,,,,,,,
0,13,5,0,,,,,,,,
17,13,5,2,0,0,0,0,0,0,,
64,13,6,1,0,1,0,0,0,1,,
0,13,6,0,,,,,,,,
54,13,6,0,,,,,,,,
26,13,7,0,,,,,,,,
0,13,7,0,,,,,,,,
59,13,7,2,0,0,,1,0,0,,
26,13,8,1,0,0,1,0,0,1,,
0,13,8,0,,,,,,,,
15,13,8,0,,,,,,,,
48,13,9,0,,,,,,,,
0,13,9,0,,,,,,,,
8,13,9,2,0,0,1,1,,1,,
55,13,10,1,0,1,0,0,0,0,,
0,13,10,0,,,,,,,,
39,13,10,0,,,,,,,,
19,13,11,0,,,,,,,,
46,13,11,2,0,0,0,0,1,1,,
0,13,11,0,,,,,,,,
48,13,12,1,0,1,0,0,,1,,
66,13,12,0,,,,,,,,
0,13,12,0,,,,,,,,
32,13,13,0,,,,,,,,
44,13,13,2,0,1,0,0,0,0,,
0,13,13,0,,,,,,,,
21,13,14,1,0,0,0,0,0,1,,
20,13,14,0,,,,,,,,
0,13,14,0,,,,,,,,
44,13,15,0,,,,,,,,
32,13,15,2,0,0,0,0,0,0,,
0,13,15,0,,,,,,,,
34,13,16,1,0,0,0,0,0,1,,
33,13,16,0,,,,,,,,
0,13,16,0,,,,,,,,
38,13,17,0,,,,,,,,
13,13,17,2,0,0,0,0,0,1,,
0,13,17,0,,,,,,,,
53,13,18,1,0,1,0,0,0,0,,
63,13,18,0,,,,,,,,
0,13,18,0,,,,,,,,
41,13,19,0,,,,,,,,
52,13,19,2,0,1,0,0,0,1,,
0,13,19,0,,,,,,,,
6,13,20,1,0,0,0,0,0,0,,
9,13,20,0,,,,,,,,
0,13,20,0,,,,,,,,
56,13,21,0,,,,,,,,
23,13,21,2,0,1,0,0,0,0,,
0,13,21,0,,,,,,,,
42,13,22,1,0,0,0,0,0,0,,
62,13,22,0,,,,,,,,
0,13,22,0,,,,,,,,
6,13,23,0,,,,,,,,
51,13,23,2,0,1,0,0,0,1,,
0,13,23,0,,,,,,,,
36,13,24,1,0,,1,0,,1,,
53,13,24,0,,,,,,,,
0,13,24,0,,,,,,,,
14,13,25,0,,,,,,,,
56,13,25,2,0,0,1,0,0,0,,
0,13,25,0,,,,,,,,
14,13,26,1,0,0,0,0,0,0,,
59,13,26,0,,,,,,,,
0,13,26,0,,,,,,,,
17,13,27,0,,,,,,,,
45,13,27,2,0,1,0,0,0,1,,
0,13,27,0,,,,,,,,
58,13,28,1,0,0,0,0,0,1,,
65,13,28,0,,,,,,,,
0,13,28,0,,,,,,,,
64,13,29,0,,,,,,,,
62,13,29,2,0,1,0,0,0,0,,
0,13,29,0,,,,,,,,
47,13,30,1,0,0,0,0,0,0,,
11,13,30,0,,,,,,,,
0,13,30,0,,,,,,,,
30,13,31,0,,,,,,,,
22,13,31,2,0,0,0,0,0,0,,
0,13,31,0,,,,,,,,
25,13,32,1,0,0,0,1,0,1,,
50,13,32,0,,,,,,,,
0,13,32,0,,,,,,,,
42,14,1,0,,,,,,,,
0,14,1,0,,,,,,,,
32,14,1,2,0,0,0,1,0,0,,
17,14,2,1,0,0,0,1,0,1,,
0,14,2,0,,,,,,,,
57,14,2,0,,,,,,,,
67,14,3,0,,,,,,,,
0,14,3,0,,,,,,,,
55,14,3,2,0,0,0,0,,1,,
38,14,4,1,0,0,0,0,1,1,,
0,14,4,0,,,,,,,,
28,14,4,0,,,,,,,,
60,14,5,0,,,,,,,,
0,14,5,0,,,,,,,,
49,14,5,2,0,0,1,0,0,0,,
25,14,6,1,0,0,0,0,0,1,,
0,14,6,0,,,,,,,,
54,14,6,0,,,,,,,,
26,14,7,0,,,,,,,,
0,14,7,0,,,,,,,,
12,14,7,2,0,0,0,1,0,1,,
29,14,8,1,0,0,0,0,0,1,,
0,14,8,0,,,,,,,,
15,14,8,0,,,,,,,,
48,14,9,0,,,,,,,,
0,14,9,0,,,,,,,,
65,14,9,2,0,0,0,0,,1,,
8,14,10,1,0,0,0,0,0,1,,
0,14,10,0,,,,,,,,
39,14,10,0,,,,,,,,
19,14,11,0,,,,,,,,
7,14,11,2,0,0,1,0,0,1,,
0,14,11,0,,,,,,,,
34,14,12,1,0,0,0,0,,1,,
66,14,12,0,,,,,,,,
0,14,12,0,,,,,,,,
32,14,13,0,,,,,,,,
21,14,13,2,0,0,1,0,0,1,,
0,14,13,0,,,,,,,,
57,14,14,1,0,0,0,0,1,0,,
20,14,14,0,,,,,,,,
0,14,14,0,,,,,,,,
44,14,15,0,,,,,,,,
46,14,15,2,0,0,0,0,1,0,,
0,14,15,0,,,,,,,,
59,14,16,1,0,0,0,0,0,1,,
33,14,16,0,,,,,,,,
0,14,16,0,,,,,,,,
38,14,17,0,,,,,,,,
37,14,17,2,0,0,0,0,1,0,,
0,14,17,0,,,,,,,,
48,14,18,1,0,0,1,0,0,0,,
63,14,18,0,,,,,,,,
0,14,18,0,,,,,,,,
41,14,19,0,,,,,,,,
43,14,19,2,0,0,0,0,0,1,,
0,14,19,0,,,,,,,,
54,14,20,1,0,0,0,0,0,0,,
9,14,20,0,,,,,,,,
0,14,20,0,,,,,,,,
56,14,21,0,,,,,,,,
44,14,21,2,0,0,0,0,0,0,,
0,14,21,0,,,,,,,,
36,14,22,1,0,0,0,0,0,0,,
62,14,22,0,,,,,,,,
0,14,22,0,,,,,,,,
6,14,23,0,,,,,,,,
61,14,23,2,0,0,0,0,0,1,,
0,14,23,0,,,,,,,,
31,14,24,1,0,1,0,0,,0,,
53,14,24,0,,,,,,,,
0,14,24,0,,,,,,,,
14,14,25,0,,,,,,,,
35,14,25,2,0,0,0,0,0,0,,
0,14,25,0,,,,,,,,
62,14,26,1,0,0,0,0,0,0,,
59,14,26,0,,,,,,,,
0,14,26,0,,,,,,,,
17,14,27,0,,,,,,,,
47,14,27,2,0,0,0,0,0,1,,
0,14,27,0,,,,,,,,
40,14,28,1,0,0,0,0,0,1,,
65,14,28,0,,,,,,,,
0,14,28,0,,,,,,,,
64,14,29,0,,,,,,,,
63,14,29,2,0,0,0,0,1,1,,
0,14,29,0,,,,,,,,
60,14,30,1,0,1,0,0,0,0,,
11,14,30,0,,,,,,,,
0,14,30,0,,,,,,,,
30,14,31,0,,,,,,,,
10,14,31,2,0,0,0,0,0,1,,
0,14,31,0,,,,,,,,
16,14,32,1,0,0,1,0,0,0,,
50,14,32,0,,,,,,,,
0,14,32,0,,,,,,,,
49,15,1,1,0,0,1,1,0,1,,
0,15,1,0,,,,,,,,
32,15,1,0,,,,,,,,
17,15,2,0,,,,,,,,
0,15,2,0,,,,,,,,
59,15,2,2,0,0,1,0,1,1,,
68,15,3,1,0,0,1,0,1,1,,
0,15,3,0,,,,,,,,
55,15,3,0,,,,,,,,
38,15,4,0,,,,,,,,
0,15,4,0,,,,,,,,
20,15,4,2,0,1,0,1,0,1,,
51,15,5,1,0,1,0,1,1,0,,
0,15,5,0,,,,,,,,
49,15,5,0,,,,,,,,
25,15,6,0,,,,,,,,
0,15,6,0,,,,,,,,
8,15,6,2,0,1,0,1,0,,,
36,15,7,1,0,1,0,1,0,1,,
0,15,7,0,,,,,,,,
12,15,7,0,,,,,,,,
29,15,8,0,,,,,,,,
0,15,8,0,,,,,,,,
26,15,8,2,0,1,0,1,1,1,,
58,15,9,1,0,0,0,0,0,1,,
0,15,9,0,,,,,,,,
65,15,9,0,,,,,,,,
8,15,10,0,,,,,,,,
0,15,10,0,,,,,,,,
34,15,10,2,0,1,1,1,1,1,,
61,15,11,1,0,0,1,0,1,1,,
7,15,11,0,,,,,,,,
0,15,11,0,,,,,,,,
34,15,12,0,,,,,,,,
41,15,12,2,0,0,0,1,1,0,,
0,15,12,0,,,,,,,,
39,15,13,1,0,0,0,0,1,1,,
21,15,13,0,,,,,,,,
0,15,13,0,,,,,,,,
57,15,14,0,,,,,,,,
38,15,14,2,0,0,0,0,1,1,,
0,15,14,0,,,,,,,,
43,15,15,1,,0,0,1,1,0,,
46,15,15,0,,,,,,,,
0,15,15,0,,,,,,,,
59,15,16,0,,,,,,,,
56,15,16,2,0,0,0,1,0,1,,
0,15,16,0,,,,,,,,
57,15,17,1,0,0,1,1,1,0,,
37,15,17,0,,,,,,,,
0,15,17,0,,,,,,,,
48,15,18,0,,,,,,,,
45,15,18,2,0,0,0,0,0,0,,
0,15,18,0,,,,,,,,
24,15,19,1,0,1,1,,1,0,,
43,15,19,0,,,,,,,,
0,15,19,0,,,,,,,,
54,15,20,0,,,,,,,,
15,15,20,2,0,1,0,0,,1,,
0,15,20,0,,,,,,,,
46,15,21,1,0,0,0,0,,1,,
44,15,21,0,,,,,,,,
0,15,21,0,,,,,,,,
36,15,22,0,,,,,,,,
33,15,22,2,0,1,0,0,1,1,,
0,15,22,0,,,,,,,,
23,15,23,1,0,0,0,0,0,1,,
61,15,23,0,,,,,,,,
0,15,23,0,,,,,,,,
31,15,24,0,,,,,,,,
44,15,24,2,0,0,1,1,,1,,
0,15,24,0,,,,,,,,
10,15,25,1,0,1,1,0,,1,,
35,15,25,0,,,,,,,,
0,15,25,0,,,,,,,,
62,15,26,0,,,,,,,,
7,15,26,2,0,0,0,0,0,1,,
0,15,26,0,,,,,,,,
69,15,27,1,0,0,1,1,1,1,,
47,15,27,0,,,,,,,,
0,15,27,0,,,,,,,,
40,15,28,0,,,,,,,,
28,15,28,2,0,0,1,0,1,1,,
0,15,28,0,,,,,,,,
53,15,29,1,0,,1,,,1,,
63,15,29,0,,,,,,,,
0,15,29,0,,,,,,,,
60,15,30,0,,,,,,,,
29,15,30,2,0,0,,1,0,1,,
0,15,30,0,,,,,,,,
42,15,31,1,0,0,1,1,0,0,,
10,15,31,0,,,,,,,,
0,15,31,0,,,,,,,,
16,15,32,0,,,,,,,,
40,15,32,2,0,0,0,1,1,0,,
0,15,32,0,,,,,,,,
49,16,1,0,,,,,,,,
0,16,1,0,,,,,,,,
50,16,1,2,0,0,0,0,,1,,
16,16,2,1,0,1,0,1,1,1,1,
0,16,2,0,,,,,,,,
59,16,2,0,,,,,,,,
68,16,3,0,,,,,,,,
0,16,3,0,,,,,,,,
10,16,3,2,0,,1,0,0,0,,
54,16,4,1,0,0,,1,0,1,,
0,16,4,0,,,,,,,,
20,16,4,0,,,,,,,,
51,16,5,0,,,,,,,,
0,16,5,0,,,,,,,,
12,16,5,2,0,1,0,0,0,1,,
33,16,6,1,0,0,0,0,0,1,,
0,16,6,0,,,,,,,,
8,16,6,0,,,,,,,,
36,16,7,0,,,,,,,,
0,16,7,0,,,,,,,,
44,16,7,2,0,0,0,0,0,0,,
46,16,8,1,0,0,0,0,0,0,,
0,16,8,0,,,,,,,,
26,16,8,0,,,,,,,,
58,16,9,0,,,,,,,,
0,16,9,0,,,,,,,,
52,16,9,2,0,0,1,1,1,0,,
17,16,10,1,0,0,1,1,0,0,,
0,16,10,0,,,,,,,,
34,16,10,0,,,,,,,,
61,16,11,0,,,,,,,,
27,16,11,2,0,0,1,1,0,1,,
0,16,11,0,,,,,,,,
34,16,12,1,0,0,0,0,0,0,,
41,16,12,0,,,,,,,,
0,16,12,0,,,,,,,,
39,16,13,0,,,,,,,,
57,16,13,2,0,1,1,0,,1,,
0,16,13,0,,,,,,,,
37,16,14,1,0,0,0,0,0,0,,
38,16,14,0,,,,,,,,
0,16,14,0,,,,,,,,
43,16,15,0,,,,,,,,
22,16,15,2,0,0,1,0,0,1,,
0,16,15,0,,,,,,,,
26,16,16,1,0,0,1,,1,0,,
56,16,16,0,,,,,,,,
0,16,16,0,,,,,,,,
57,16,17,0,,,,,,,,
43,16,17,2,0,0,0,0,0,0,,
0,16,17,0,,,,,,,,
14,16,18,1,0,1,1,0,0,1,,
45,16,18,0,,,,,,,,
0,16,18,0,,,,,,,,
24,16,19,0,,,,,,,,
42,16,19,2,0,0,1,,1,0,,
0,16,19,0,,,,,,,,
45,16,20,1,0,0,0,0,,1,,
15,16,20,0,,,,,,,,
0,16,20,0,,,,,,,,
46,16,21,0,,,,,,,,
5,16,21,2,0,1,0,0,0,1,,
0,16,21,0,,,,,,,,
8,16,22,1,0,0,0,0,0,0,,
33,16,22,0,,,,,,,,
0,16,22,0,,,,,,,,
23,16,23,0,,,,,,,,
66,16,23,2,0,0,0,0,0,0,,
0,16,23,0,,,,,,,,
35,16,24,1,0,0,0,0,,1,,
44,16,24,0,,,,,,,,
0,16,24,0,,,,,,,,
10,16,25,0,,,,,,,,
40,16,25,2,0,0,0,0,0,0,,
0,16,25,0,,,,,,,,
32,16,26,1,0,0,0,0,0,0,,
7,16,26,0,,,,,,,,
0,16,26,0,,,,,,,,
69,16,27,0,,,,,,,,
9,16,27,2,0,1,0,0,1,1,,
0,16,27,0,,,,,,,,
25,16,28,1,0,,1,0,1,1,,
28,16,28,0,,,,,,,,
0,16,28,0,,,,,,,,
53,16,29,0,,,,,,,,
15,16,29,2,0,0,1,1,1,1,,
0,16,29,0,,,,,,,,
39,16,30,1,0,0,1,0,0,0,,
29,16,30,0,,,,,,,,
0,16,30,0,,,,,,,,
42,16,31,0,,,,,,,,
41,16,31,2,0,0,0,0,0,0,,
0,16,31,0,,,,,,,,
49,16,32,1,0,0,0,0,0,0,,
40,16,32,0,,,,,,,,
0,16,32,0,,,,,,,,
12,17,1,1,0,0,1,1,0,0,1,
0,17,1,0,,,,,,,,
50,17,1,0,,,,,,,,
16,17,2,0,,,,,,,,
0,17,2,0,,,,,,,,
33,17,2,2,0,0,0,0,1,0,,
28,17,3,1,0,,1,1,1,1,,
0,17,3,0,,,,,,,,
10,17,3,0,,,,,,,,
54,17,4,0,,,,,,,,
0,17,4,0,,,,,,,,
66,17,4,2,0,1,,1,1,1,,
26,17,5,1,0,0,0,0,1,1,,
0,17,5,0,,,,,,,,
12,17,5,0,,,,,,,,
33,17,6,0,,,,,,,,
0,17,6,0,,,,,,,,
64,17,6,2,0,0,0,,1,1,,
48,17,7,1,0,0,0,1,1,1,,
0,17,7,0,,,,,,,,
44,17,7,0,,,,,,,,
46,17,8,0,,,,,,,,
0,17,8,0,,,,,,,,
19,17,8,2,0,0,0,1,0,1,,
41,17,9,1,0,0,0,0,1,1,,
0,17,9,0,,,,,,,,
52,17,9,0,,,,,,,,
17,17,10,0,,,,,,,,
0,17,10,0,,,,,,,,
61,17,10,2,0,0,0,,1,1,,
36,17,11,1,0,0,0,0,1,1,,
27,17,11,0,,,,,,,,
0,17,11,0,,,,,,,,
34,17,12,0,,,,,,,,
21,17,12,2,0,1,0,0,,1,,
0,17,12,0,,,,,,,,
11,17,13,1,0,1,1,1,1,1,1,
57,17,13,0,,,,,,,,
0,17,13,0,,,,,,,,
37,17,14,0,,,,,,,,
55,17,14,2,0,0,1,1,1,,1,
0,17,14,0,,,,,,,,
53,17,15,1,0,0,0,0,1,1,,
22,17,15,0,,,,,,,,
0,17,15,0,,,,,,,,
26,17,16,0,,,,,,,,
38,17,16,2,0,0,0,1,1,0,,
0,17,16,0,,,,,,,,
39,17,17,1,0,0,0,,0,1,,
43,17,17,0,,,,,,,,
0,17,17,0,,,,,,,,
14,17,18,0,,,,,,,,
68,17,18,2,0,1,1,,1,1,,
0,17,18,0,,,,,,,,
46,17,19,1,0,1,,1,1,1,,
42,17,19,0,,,,,,,,
0,17,19,0,,,,,,,,
45,17,20,0,,,,,,,,
24,17,20,2,0,1,1,1,0,0,,
0,17,20,0,,,,,,,,
63,17,21,1,0,0,0,0,,1,,
5,17,21,0,,,,,,,,
0,17,21,0,,,,,,,,
8,17,22,0,,,,,,,,
30,17,22,2,0,0,0,0,0,0,,
0,17,22,0,,,,,,,,
25,17,23,1,0,0,0,,1,1,1,
66,17,23,0,,,,,,,,
0,17,23,0,,,,,,,,
35,17,24,0,,,,,,,,
57,17,24,2,0,0,0,0,,0,,
0,17,24,0,,,,,,,,
37,17,25,1,0,1,0,0,,1,,
40,17,25,0,,,,,,,,
0,17,25,0,,,,,,,,
32,17,26,0,,,,,,,,
47,17,26,2,0,0,0,1,0,1,,
0,17,26,0,,,,,,,,
60,17,27,1,0,1,0,,1,1,,
9,17,27,0,,,,,,,,
0,17,27,0,,,,,,,,
25,17,28,0,,,,,,,,
50,17,28,2,0,1,0,0,1,1,,
0,17,28,0,,,,,,,,
58,17,29,1,0,0,1,1,1,1,,
15,17,29,0,,,,,,,,
0,17,29,0,,,,,,,,
39,17,30,0,,,,,,,,
31,17,30,2,0,1,0,0,0,0,,
0,17,30,0,,,,,,,,
45,17,31,1,0,0,0,,0,1,,
41,17,31,0,,,,,,,,
0,17,31,0,,,,,,,,
49,17,32,0,,,,,,,,
35,17,32,2,0,0,0,0,0,1,1,
0,17,32,0,,,,,,,,
12,18,1,0,,,,,,,,
0,18,1,0,,,,,,,,
34,18,1,2,0,0,0,1,1,1,,
50,18,2,1,0,0,1,1,0,1,,
0,18,2,0,,,,,,,,
33,18,2,0,,,,,,,,
28,18,3,0,,,,,,,,
0,18,3,0,,,,,,,,
7,18,3,2,0,1,1,1,1,1,,
47,18,4,1,0,0,1,0,,1,,
0,18,4,0,,,,,,,,
66,18,4,0,,,,,,,,
26,18,5,0,,,,,,,,
0,18,5,0,,,,,,,,
32,18,5,2,0,0,0,0,0,1,,
25,18,6,1,0,1,1,1,0,1,,
0,18,6,0,,,,,,,,
64,18,6,0,,,,,,,,
48,18,7,0,,,,,,,,
0,18,7,0,,,,,,,,
49,18,7,2,0,1,1,0,0,1,,
38,18,8,1,0,0,1,0,0,1,,
0,18,8,0,,,,,,,,
19,18,8,0,,,,,,,,
41,18,9,0,,,,,,,,
0,18,9,0,,,,,,,,
21,18,9,2,0,0,1,0,1,1,,
9,18,10,1,0,1,0,1,0,1,,
0,18,10,0,,,,,,,,
61,18,10,0,,,,,,,,
36,18,11,0,,,,,,,,
42,18,11,2,0,1,1,0,0,1,,
0,18,11,0,,,,,,,,
30,18,12,1,0,0,1,0,0,1,,
21,18,12,0,,,,,,,,
0,18,12,0,,,,,,,,
11,18,13,0,,,,,,,,
56,18,13,2,0,1,1,0,0,1,,
0,18,13,0,,,,,,,,
40,18,14,1,0,1,1,1,0,1,,
55,18,14,0,,,,,,,,
0,18,14,0,,,,,,,,
53,18,15,0,,,,,,,,
16,18,15,2,0,0,1,1,0,1,,
0,18,15,0,,,,,,,,
59,18,16,1,0,1,1,1,0,1,,
38,18,16,0,,,,,,,,
0,18,16,0,,,,,,,,
39,18,17,0,,,,,,,,
12,18,17,2,0,1,0,1,1,1,,
0,18,17,0,,,,,,,,
11,18,18,1,0,0,0,0,0,1,,
68,18,18,0,,,,,,,,
0,18,18,0,,,,,,,,
46,18,19,0,,,,,,,,
20,18,19,2,0,1,0,0,0,1,,
0,18,19,0,,,,,,,,
62,18,20,1,0,0,0,0,0,1,,
24,18,20,0,,,,,,,,
0,18,20,0,,,,,,,,
63,18,21,0,,,,,,,,
53,18,21,2,0,1,0,0,,1,,
0,18,21,0,,,,,,,,
57,18,22,1,0,1,0,1,1,1,,
30,18,22,0,,,,,,,,
0,18,22,0,,,,,,,,
25,18,23,0,,,,,,,,
5,18,23,2,0,1,0,1,1,1,,
0,18,23,0,,,,,,,,
60,18,24,1,0,1,0,1,,1,1,
57,18,24,0,,,,,,,,
0,18,24,0,,,,,,,,
37,18,25,0,,,,,,,,
6,18,25,2,0,0,1,0,0,1,,
0,18,25,0,,,,,,,,
55,18,26,1,0,0,0,0,1,1,,
47,18,26,0,,,,,,,,
0,18,26,0,,,,,,,,
60,18,27,0,,,,,,,,
23,18,27,2,0,1,0,1,1,1,,
0,18,27,0,,,,,,,,
37,18,28,1,0,0,1,0,0,1,,
50,18,28,0,,,,,,,,
0,18,28,0,,,,,,,,
58,18,29,0,,,,,,,,
58,18,29,2,0,0,1,1,1,1,,
0,18,29,0,,,,,,,,
41,18,30,1,0,0,1,1,1,1,,
31,18,30,0,,,,,,,,
0,18,30,0,,,,,,,,
45,18,31,0,,,,,,,,
27,18,31,2,0,1,1,0,0,1,,
0,18,31,0,,,,,,,,
31,18,32,1,0,0,1,1,0,1,,
35,18,32,0,,,,,,,,
0,18,32,0,,,,,,,,
23,19,1,1,0,0,1,1,,1,,
0,19,1,0,,,,,,,,
34,19,1,0,,,,,,,,
50,19,2,0,,,,,,,,
0,19,2,0,,,,,,,,
40,19,2,2,0,0,1,0,0,1,,
56,19,3,1,0,1,0,1,,1,,
0,19,3,0,,,,,,,,
7,19,3,0,,,,,,,,
47,19,4,0,,,,,,,,
0,19,4,0,,,,,,,,
21,19,4,2,0,1,0,0,1,1,,
30,19,5,1,0,0,0,0,0,1,,
0,19,5,0,,,,,,,,
32,19,5,0,,,,,,,,
25,19,6,0,,,,,,,,
0,19,6,0,,,,,,,,
15,19,6,2,0,1,0,0,0,1,,
7,19,7,1,0,1,1,0,1,1,,
0,19,7,0,,,,,,,,
49,19,7,0,,,,,,,,
38,19,8,0,,,,,,,,
0,19,8,0,,,,,,,,
19,19,8,2,0,0,0,0,1,1,,
25,19,9,1,0,0,0,0,0,1,,
0,19,9,0,,,,,,,,
21,19,9,0,,,,,,,,
9,19,10,0,,,,,,,,
0,19,10,0,,,,,,,,
37,19,10,2,0,1,0,0,0,1,,
17,19,11,1,0,0,0,0,1,1,,
42,19,11,0,,,,,,,,
0,19,11,0,,,,,,,,
30,19,12,0,,,,,,,,
59,19,12,2,0,1,0,0,,1,,
0,19,12,0,,,,,,,,
32,19,13,1,0,1,1,0,0,1,,
56,19,13,0,,,,,,,,
0,19,13,0,,,,,,,,
40,19,14,0,,,,,,,,
67,19,14,2,0,1,0,1,1,,,
0,19,14,0,,,,,,,,
63,19,15,1,0,1,1,1,1,1,,
16,19,15,0,,,,,,,,
0,19,15,0,,,,,,,,
59,19,16,0,,,,,,,,
66,19,16,2,0,1,1,1,1,,,
0,19,16,0,,,,,,,,
10,19,17,1,0,0,1,0,0,1,,
12,19,17,0,,,,,,,,
0,19,17,0,,,,,,,,
11,19,18,0,,,,,,,,
44,19,18,2,0,0,0,0,0,1,,
0,19,18,0,,,,,,,,
36,19,19,1,0,0,0,,1,1,,
20,19,19,0,,,,,,,,
0,19,19,0,,,,,,,,
62,19,20,0,,,,,,,,
28,19,20,2,0,0,0,1,1,1,,
0,19,20,0,,,,,,,,
49,19,21,1,0,0,0,0,1,1,,
53,19,21,0,,,,,,,,
0,19,21,0,,,,,,,,
57,19,22,0,,,,,,,,
5,19,22,2,0,0,1,0,1,1,,
0,19,22,0,,,,,,,,
35,19,23,1,0,0,0,0,0,1,,
5,19,23,0,,,,,,,,
0,19,23,0,,,,,,,,
60,19,24,0,,,,,,,,
51,19,24,2,0,0,1,0,,1,,
0,19,24,0,,,,,,,,
52,19,25,1,0,0,0,1,1,1,,
6,19,25,0,,,,,,,,
0,19,25,0,,,,,,,,
55,19,26,0,,,,,,,,
18,19,26,2,0,1,1,1,0,1,,
0,19,26,0,,,,,,,,
58,19,27,1,0,0,0,0,0,1,,
23,19,27,0,,,,,,,,
0,19,27,0,,,,,,,,
37,19,28,0,,,,,,,,
45,19,28,2,0,1,1,0,0,1,,
0,19,28,0,,,,,,,,
42,19,29,1,0,0,0,0,1,1,,
58,19,29,0,,,,,,,,
0,19,29,0,,,,,,,,
41,19,30,0,,,,,,,,
39,19,30,2,0,0,0,0,0,1,,
0,19,30,0,,,,,,,,
12,19,31,1,0,0,0,0,0,1,,
27,19,31,0,,,,,,,,
0,19,31,0,,,,,,,,
31,19,32,0,,,,,,,,
27,19,32,2,0,1,0,1,1,1,,
0,19,32,0,,,,,,,,
23,20,1,0,,,,,,,,
0,20,1,0,,,,,,,,
39,20,1,2,0,0,1,0,,1,,
60,20,2,1,0,0,0,0,0,1,,
0,20,2,0,,,,,,,,
40,20,2,0,,,,,,,,
56,20,3,0,,,,,,,,
0,20,3,0,,,,,,,,
20,20,3,2,0,0,1,0,,,,
5,20,4,1,0,1,1,1,0,1,,
0,20,4,0,,,,,,,,
21,20,4,0,,,,,,,,
30,20,5,0,,,,,,,,
0,20,5,0,,,,,,,,
16,20,5,2,0,0,1,0,0,1,,
32,20,6,1,0,0,1,0,0,1,,
0,20,6,0,,,,,,,,
15,20,6,0,,,,,,,,
7,20,7,0,,,,,,,,
0,20,7,0,,,,,,,,
49,20,7,2,0,1,0,0,0,1,,
23,20,8,1,0,0,0,0,0,1,,
0,20,8,0,,,,,,,,
19,20,8,0,,,,,,,,
25,20,9,0,,,,,,,,
0,20,9,0,,,,,,,,
63,20,9,2,0,0,0,0,,1,,
26,20,10,1,0,1,1,0,0,1,,
0,20,10,0,,,,,,,,
37,20,10,0,,,,,,,,
17,20,11,0,,,,,,,,
47,20,11,2,0,0,1,0,,1,,
0,20,11,0,,,,,,,,
22,20,12,1,0,0,1,1,0,1,,
59,20,12,0,,,,,,,,
0,20,12,0,,,,,,,,
32,20,13,0,,,,,,,,
37,20,13,2,0,0,1,0,,1,,
0,20,13,0,,,,,,,,
33,20,14,1,0,1,1,1,0,1,,
67,20,14,0,,,,,,,,
0,20,14,0,,,,,,,,
63,20,15,0,,,,,,,,
55,20,15,2,0,0,1,1,1,1,,
0,20,15,0,,,,,,,,
18,20,16,1,0,1,1,0,0,0,,
66,20,16,0,,,,,,,,
0,20,16,0,,,,,,,,
10,20,17,0,,,,,,,,
31,20,17,2,0,1,1,1,0,1,,
0,20,17,0,,,,,,,,
36,20,18,1,0,1,1,1,0,1,,
44,20,18,0,,,,,,,,
0,20,18,0,,,,,,,,
36,20,19,0,,,,,,,,
53,20,19,2,0,0,1,0,1,1,,
0,20,19,0,,,,,,,,
38,20,20,1,0,0,1,0,0,0,,
28,20,20,0,,,,,,,,
0,20,20,0,,,,,,,,
49,20,21,0,,,,,,,,
25,20,21,2,0,1,1,1,0,1,,
0,20,21,0,,,,,,,,
35,20,22,1,0,1,1,1,1,0,,
5,20,22,0,,,,,,,,
0,20,22,0,,,,,,,,
35,20,23,0,,,,,,,,
7,20,23,2,0,1,0,0,0,1,,
0,20,23,0,,,,,,,,
27,20,24,1,0,1,0,0,,1,,
51,20,24,0,,,,,,,,
0,20,24,0,,,,,,,,
52,20,25,0,,,,,,,,
19,20,25,2,0,1,1,,1,1,,
0,20,25,0,,,,,,,,
10,20,26,1,0,0,1,0,0,1,,
18,20,26,0,,,,,,,,
0,20,26,0,,,,,,,,
58,20,27,0,,,,,,,,
56,20,27,2,0,1,0,1,1,1,,
0,20,27,0,,,,,,,,
15,20,28,1,0,0,1,0,0,1,,
45,20,28,0,,,,,,,,
0,20,28,0,,,,,,,,
42,20,29,0,,,,,,,,
40,20,29,2,0,0,0,0,0,,1,
0,20,29,0,,,,,,,,
42,20,30,1,0,1,1,1,0,1,,
39,20,30,0,,,,,,,,
0,20,30,0,,,,,,,,
12,20,31,0,,,,,,,,
59,20,31,2,0,0,1,0,1,1,,
0,20,31,0,,,,,,,,
13,20,32,1,0,0,1,1,0,0,,
27,20,32,0,,,,,,,,
0,20,32,0,,,,,,,,
