seq,subj,item,cond,R1,R2,R3,R4,R5,R6,R7,R8
0,1,1,0,,,,,,,,
0,1,1,0,,,,,,,,
35,1,1,2,2257,4488,646,921,1045,838,,
32,1,2,1,1572,1657,2867,809,1027,4772,,
0,1,2,0,,,,,,,,
0,1,2,0,,,,,,,,
0,1,3,0,,,,,,,,
0,1,3,0,,,,,,,,
18,1,3,2,1657,1775,1950,2312,,3281,,
66,1,4,1,1218,1429,1288,939,801,1078,,
0,1,4,0,,,,,,,,
0,1,4,0,,,,,,,,
0,1,5,0,,,,,,,,
0,1,5,0,,,,,,,,
47,1,5,2,1303,994,1000,884,910,765,,
5,1,6,1,3682,2787,1732,2727,2534,,,
0,1,6,0,,,,,,,,
0,1,6,0,,,,,,,,
0,1,7,0,,,,,,,,
0,1,7,0,,,,,,,,
13,1,7,2,1549,711,2297,1277,1156,1150,,
30,1,8,1,1306,1092,1715,887,1011,1916,,
0,1,8,0,,,,,,,,
0,1,8,0,,,,,,,,
0,1,9,0,,,,,,,,
0,1,9,0,,,,,,,,
27,1,9,2,1341,1806,2063,1645,251,3528,,
49,1,10,1,3632,1265,947,885,1192,1162,,
0,1,10,0,,,,,,,,
0,1,10,0,,,,,,,,
0,1,11,0,,,,,,,,
15,1,11,2,2420,1441,1711,668,,1712,,
0,1,11,0,,,,,,,,
12,1,12,1,1370,1802,1396,978,,2349,,
0,1,12,0,,,,,,,,
0,1,12,0,,,,,,,,
0,1,13,0,,,,,,,,
44,1,13,2,1856,1651,3871,2978,,4309,,
0,1,13,0,,,,,,,,
64,1,14,1,,,,4633,787,598,,
0,1,14,0,,,,,,,,
0,1,14,0,,,,,,,,
0,1,15,0,,,,,,,,
20,1,15,2,1328,1919,1734,1056,1277,1238,,
0,1,15,0,,,,,,,,
41,1,16,1,1654,1913,2659,850,677,951,,
0,1,16,0,,,,,,,,
0,1,16,0,,,,,,,,
0,1,17,0,,,,,,,,
51,1,17,2,1535,1568,2038,3073,861,841,,
0,1,17,0,,,,,,,,
52,1,18,1,1129,908,2051,2828,917,1201,,
0,1,18,0,,,,,,,,
0,1,18,0,,,,,,,,
0,1,19,0,,,,,,,,
7,1,19,2,2354,2245,3460,1002,1395,1717,,
0,1,19,0,,,,,,,,
26,1,20,1,3113,2164,3955,1186,735,962,,
0,1,20,0,,,,,,,,
0,1,20,0,,,,,,,,
0,1,21,0,,,,,,,,
58,1,21,2,2043,1398,848,729,1038,592,,
0,1,21,0,,,,,,,,
55,1,22,1,914,1206,3020,936,1337,665,,
0,1,22,0,,,,,,,,
0,1,22,0,,,,,,,,
0,1,23,0,,,,,,,,
42,1,23,2,1871,1129,2289,902,837,1047,,
0,1,23,0,,,,,,,,
40,1,24,1,1850,988,930,821,,1937,,
0,1,24,0,,,,,,,,
0,1,24,0,,,,,,,,
0,1,25,0,,,,,,,,
23,1,25,2,2102,2102,1699,2044,,7671,,
0,1,25,0,,,,,,,,
34,1,26,1,2343,1500,955,916,928,2547,,
0,1,26,0,,,,,,,,
0,1,26,0,,,,,,,,
0,1,27,0,,,,,,,,
56,1,27,2,1494,854,857,1137,236,1626,,
0,1,27,0,,,,,,,,
29,1,28,1,1532,1483,1532,1286,1323,7255,,
0,1,28,0,,,,,,,,
0,1,28,0,,,,,,,,
0,1,29,0,,,,,,,,
45,1,29,2,2113,1327,1111,1116,1208,1045,,
0,1,29,0,,,,,,,,
62,1,30,1,3056,1550,3627,767,1506,766,,
0,1,30,0,,,,,,,,
0,1,30,0,,,,,,,,
0,1,31,0,,,,,,,,
63,1,31,2,1157,1408,1290,2017,8361,951,,
0,1,31,0,,,,,,,,
46,1,32,1,1163,1171,2287,635,871,633,,
0,1,32,0,,,,,,,,
0,1,32,0,,,,,,,,
42,2,1,1,1985,4864,1025,1823,,3013,,
0,2,1,0,,,,,,,,
35,2,1,0,,,,,,,,
32,2,2,0,,,,,,,,
0,2,2,0,,,,,,,,
57,2,2,2,2538,1358,2241,1434,1204,3282,,
67,2,3,1,2383,696,1389,2158,1208,1453,,
0,2,3,0,,,,,,,,
18,2,3,0,,,,,,,,
66,2,4,0,,,,,,,,
0,2,4,0,,,,,,,,
28,2,4,2,2464,2659,1392,,2762,1648,,
60,2,5,1,2324,2958,1457,717,661,1858,,
0,2,5,0,,,,,,,,
47,2,5,0,,,,,,,,
5,2,6,0,,,,,,,,
0,2,6,0,,,,,,,,
54,2,6,2,1657,1546,1308,1536,718,1554,,
26,2,7,1,2881,2359,2576,2084,893,1394,,
0,2,7,0,,,,,,,,
13,2,7,0,,,,,,,,
30,2,8,0,,,,,,,,
0,2,8,0,,,,,,,,
15,2,8,2,1734,2347,1027,1592,,4379,,
48,2,9,1,1762,1498,1296,864,143,2302,,
0,2,9,0,,,,,,,,
27,2,9,0,,,,,,,,
49,2,10,0,,,,,,,,
0,2,10,0,,,,,,,,
39,2,10,2,1942,2010,2475,1412,1263,1503,,
19,2,11,1,2803,1605,5664,648,,2279,,
15,2,11,0,,,,,,,,
0,2,11,0,,,,,,,,
12,2,12,0,,,,,,,,
66,2,12,2,1209,2362,424,2816,1946,739,,
0,2,12,0,,,,,,,,
32,2,13,1,957,3633,2669,1959,1758,2210,,
44,2,13,0,,,,,,,,
0,2,13,0,,,,,,,,
64,2,14,0,,,,,,,,
20,2,14,2,1559,934,1643,1306,1080,2575,,
0,2,14,0,,,,,,,,
44,2,15,1,1437,1716,1026,1177,775,1710,,
20,2,15,0,,,,,,,,
0,2,15,0,,,,,,,,
41,2,16,0,,,,,,,,
33,2,16,2,2211,1835,2156,798,750,921,,
0,2,16,0,,,,,,,,
38,2,17,1,2680,2068,2714,771,862,1631,,
51,2,17,0,,,,,,,,
0,2,17,0,,,,,,,,
52,2,18,0,,,,,,,,
63,2,18,2,3815,2468,2079,972,1104,1805,,
0,2,18,0,,,,,,,,
41,2,19,1,1851,231,3826,1688,1266,2742,,
7,2,19,0,,,,,,,,
0,2,19,0,,,,,,,,
26,2,20,0,,,,,,,,
9,2,20,2,343,2151,2184,1904,1506,5034,,
0,2,20,0,,,,,,,,
56,2,21,1,2234,1147,1205,1136,1086,1769,,
58,2,21,0,,,,,,,,
0,2,21,0,,,,,,,,
55,2,22,0,,,,,,,,
62,2,22,2,2358,668,232,3555,4023,701,,
0,2,22,0,,,,,,,,
6,2,23,1,2607,,2203,2127,1902,5231,,
42,2,23,0,,,,,,,,
0,2,23,0,,,,,,,,
40,2,24,0,,,,,,,,
53,2,24,2,2548,1927,1559,1540,,4418,,
0,2,24,0,,,,,,,,
14,2,25,1,2553,2279,2863,2032,,2961,,
23,2,25,0,,,,,,,,
0,2,25,0,,,,,,,,
34,2,26,0,,,,,,,,
59,2,26,2,2650,183,3630,1721,986,1124,,
0,2,26,0,,,,,,,,
17,2,27,1,2783,2247,205,3997,765,3403,,
56,2,27,0,,,,,,,,
0,2,27,0,,,,,,,,
29,2,28,0,,,,,,,,
65,2,28,2,2238,2162,2361,251,2981,2982,,
0,2,28,0,,,,,,,,
64,2,29,1,2937,,1319,2647,133,2829,,
45,2,29,0,,,,,,,,
0,2,29,0,,,,,,,,
62,2,30,0,,,,,,,,
11,2,30,2,4857,2199,1508,1884,1110,5016,,
0,2,30,0,,,,,,,,
30,2,31,1,2371,560,4494,1233,871,2001,,
63,2,31,0,,,,,,,,
0,2,31,0,,,,,,,,
46,2,32,0,,,,,,,,
50,2,32,2,3053,2188,1732,1559,1021,3551,,
0,2,32,0,,,,,,,,
42,3,1,0,,,,,,,,
0,3,1,0,,,,,,,,
25,3,1,2,10335,4255,2015,4000,,7544,,
51,3,2,1,4169,2542,2999,2820,3148,2141,,
0,3,2,0,,,,,,,,
57,3,2,0,,,,,,,,
67,3,3,0,,,,,,,,
0,3,3,0,,,,,,,,
18,3,3,2,7684,4152,9620,3842,,5127,,
23,3,4,1,3200,4331,,10368,4228,11308,,
0,3,4,0,,,,,,,,
28,3,4,0,,,,,,,,
60,3,5,0,,,,,,,,
0,3,5,0,,,,,,,,
7,3,5,2,4806,964,,15724,2580,2148,,
30,3,6,1,309,4849,4169,4229,2270,1888,,
0,3,6,0,,,,,,,,
54,3,6,0,,,,,,,,
26,3,7,0,,,,,,,,
0,3,7,0,,,,,,,,
61,3,7,2,3626,3695,3796,6351,3407,3885,,
44,3,8,1,5990,3363,1460,1663,3103,6740,,
0,3,8,0,,,,,,,,
15,3,8,0,,,,,,,,
48,3,9,0,,,,,,,,
0,3,9,0,,,,,,,,
12,3,9,2,2958,4050,4931,2136,,4293,,
47,3,10,1,2536,2189,2665,2786,2071,1421,,
0,3,10,0,,,,,,,,
39,3,10,0,,,,,,,,
19,3,11,0,,,,,,,,
40,3,11,2,2266,5354,5905,5560,423,5247,,
0,3,11,0,,,,,,,,
59,3,12,1,1920,3326,3569,3562,2465,2187,,
66,3,12,0,,,,,,,,
0,3,12,0,,,,,,,,
32,3,13,0,,,,,,,,
66,3,13,2,3300,1757,10076,3346,2572,4635,,
0,3,13,0,,,,,,,,
50,3,14,1,2342,,4583,1767,2286,1372,,
20,3,14,0,,,,,,,,
0,3,14,0,,,,,,,,
44,3,15,0,,,,,,,,
20,3,15,2,6550,5733,2644,1730,5311,1963,,
0,3,15,0,,,,,,,,
46,3,16,1,4331,5402,2685,1654,1590,2473,,
33,3,16,0,,,,,,,,
0,3,16,0,,,,,,,,
38,3,17,0,,,,,,,,
14,3,17,2,3392,4244,3753,2966,2449,4552,,
0,3,17,0,,,,,,,,
43,3,18,1,2094,3247,2397,2465,1349,1699,,
63,3,18,0,,,,,,,,
0,3,18,0,,,,,,,,
41,3,19,0,,,,,,,,
33,3,19,2,3898,3910,5085,2751,5427,2834,,
0,3,19,0,,,,,,,,
39,3,20,1,3382,3485,4170,5009,1989,2089,,
9,3,20,0,,,,,,,,
0,3,20,0,,,,,,,,
56,3,21,0,,,,,,,,
9,3,21,2,5428,4454,3280,,,3341,,
0,3,21,0,,,,,,,,
60,3,22,1,2428,2481,2312,1584,1812,1303,,
62,3,22,0,,,,,,,,
0,3,22,0,,,,,,,,
6,3,23,0,,,,,,,,
49,3,23,2,3614,5432,5946,2404,1616,3935,,
0,3,23,0,,,,,,,,
10,3,24,1,6501,3347,4918,11058,,3918,,
53,3,24,0,,,,,,,,
0,3,24,0,,,,,,,,
14,3,25,0,,,,,,,,
55,3,25,2,995,7810,3091,5882,1848,2442,,
0,3,25,0,,,,,,,,
29,3,26,1,6674,3141,3750,2815,2073,2133,,
59,3,26,0,,,,,,,,
0,3,26,0,,,,,,,,
17,3,27,0,,,,,,,,
21,3,27,2,3137,2829,5293,2633,566,5727,,
0,3,27,0,,,,,,,,
42,3,28,1,8574,3340,14925,2027,1836,5244,,
65,3,28,0,,,,,,,,
0,3,28,0,,,,,,,,
64,3,29,0,,,,,,,,
41,3,29,2,3147,3723,3792,2739,2334,3202,,
0,3,29,0,,,,,,,,
28,3,30,1,5888,4872,4291,3783,2077,4689,,
11,3,30,0,,,,,,,,
0,3,30,0,,,,,,,,
30,3,31,0,,,,,,,,
35,3,31,2,2704,3399,1440,6834,2312,2218,,
0,3,31,0,,,,,,,,
11,3,32,1,3923,2459,11708,3965,1814,1528,,
50,3,32,0,,,,,,,,
0,3,32,0,,,,,,,,
42,4,1,0,,,,,,,,
0,4,1,0,,,,,,,,
15,4,1,2,1342,1921,1433,1886,1172,1893,,
33,4,2,1,1333,1354,5701,2046,966,2214,,
0,4,2,0,,,,,,,,
57,4,2,0,,,,,,,,
67,4,3,0,,,,,,,,
0,4,3,0,,,,,,,,
38,4,3,2,1173,781,1595,1444,,4094,,
51,4,4,1,2296,2059,1938,5912,1788,1917,,
0,4,4,0,,,,,,,,
28,4,4,0,,,,,,,,
60,4,5,0,,,,,,,,
0,4,5,0,,,,,,,,
60,4,5,2,1466,842,1161,673,701,659,,
16,4,6,1,1390,1212,954,902,839,940,,
0,4,6,0,,,,,,,,
54,4,6,0,,,,,,,,
26,4,7,0,,,,,,,,
0,4,7,0,,,,,,,,
46,4,7,2,1311,1731,1718,822,1159,1397,,
9,4,8,1,2279,1798,1633,1081,1147,1417,,
0,4,8,0,,,,,,,,
15,4,8,0,,,,,,,,
48,4,9,0,,,,,,,,
0,4,9,0,,,,,,,,
30,4,9,2,1040,1059,973,1069,,6174,,
20,4,10,1,1458,1141,2335,1046,1849,1479,,
0,4,10,0,,,,,,,,
39,4,10,0,,,,,,,,
19,4,11,0,,,,,,,,
37,4,11,2,860,694,1357,1072,,3994,,
0,4,11,0,,,,,,,,
12,4,12,1,1271,1586,285,7331,,4468,,
66,4,12,0,,,,,,,,
0,4,12,0,,,,,,,,
32,4,13,0,,,,,,,,
31,4,13,2,1792,1708,883,816,,2782,,
0,4,13,0,,,,,,,,
52,4,14,1,2589,1100,1079,1609,1488,4693,,
20,4,14,0,,,,,,,,
0,4,14,0,,,,,,,,
44,4,15,0,,,,,,,,
36,4,15,2,847,677,653,697,761,1325,,
0,4,15,0,,,,,,,,
8,4,16,1,1059,2878,1912,1841,1085,6380,451,
33,4,16,0,,,,,,,,
0,4,16,0,,,,,,,,
38,4,17,0,,,,,,,,
28,4,17,2,1115,1047,971,1053,2127,4589,,
0,4,17,0,,,,,,,,
34,4,18,1,1833,1976,3069,1925,2078,4312,,
63,4,18,0,,,,,,,,
0,4,18,0,,,,,,,,
41,4,19,0,,,,,,,,
50,4,19,2,1390,920,925,749,949,1676,,
0,4,19,0,,,,,,,,
10,4,20,1,3215,2338,1024,2039,1203,4640,,
9,4,20,0,,,,,,,,
0,4,20,0,,,,,,,,
56,4,21,0,,,,,,,,
27,4,21,2,1986,922,1350,3117,,3049,,
0,4,21,0,,,,,,,,
21,4,22,1,3703,1034,1000,828,1628,4615,,
62,4,22,0,,,,,,,,
0,4,22,0,,,,,,,,
6,4,23,0,,,,,,,,
47,4,23,2,1908,2031,1313,1021,2292,856,,
0,4,23,0,,,,,,,,
18,4,24,1,1576,904,1166,698,,1930,,
53,4,24,0,,,,,,,,
0,4,24,0,,,,,,,,
14,4,25,0,,,,,,,,
49,4,25,2,2861,1005,982,2665,,2656,,
0,4,25,0,,,,,,,,
67,4,26,1,2917,2891,1214,913,823,476,,
59,4,26,0,,,,,,,,
0,4,26,0,,,,,,,,
17,4,27,0,,,,,,,,
56,4,27,2,1346,1291,1386,1217,139,1626,,
0,4,27,0,,,,,,,,
58,4,28,1,4028,1628,1435,1102,445,6814,,
65,4,28,0,,,,,,,,
0,4,28,0,,,,,,,,
64,4,29,0,,,,,,,,
61,4,29,2,2977,914,1239,1039,2417,2678,,
0,4,29,0,,,,,,,,
26,4,30,1,1925,2843,1386,2252,1798,4065,,
11,4,30,0,,,,,,,,
0,4,30,0,,,,,,,,
30,4,31,0,,,,,,,,
29,4,31,2,1457,1563,1001,1435,1821,961,,
0,4,31,0,,,,,,,,
39,4,32,1,1808,965,1308,4049,1265,619,,
50,4,32,0,,,,,,,,
0,4,32,0,,,,,,,,
42,5,1,0,,,,,,,,
0,5,1,0,,,,,,,,
35,5,1,2,3644,2585,1073,1379,1837,,1023,
30,5,2,1,2130,1855,2427,1546,1082,789,,
0,5,2,0,,,,,,,,
57,5,2,0,,,,,,,,
67,5,3,0,,,,,,,,
0,5,3,0,,,,,,,,
55,5,3,2,1477,1744,1321,1611,,2913,,
17,5,4,1,3541,2408,3108,1125,943,835,,
0,5,4,0,,,,,,,,
28,5,4,0,,,,,,,,
60,5,5,0,,,,,,,,
0,5,5,0,,,,,,,,
42,5,5,2,1287,2002,1281,748,938,788,,
66,5,6,1,1601,1879,1565,1342,1003,1005,,
0,5,6,0,,,,,,,,
54,5,6,0,,,,,,,,
26,5,7,0,,,,,,,,
0,5,7,0,,,,,,,,
9,5,7,2,1872,1828,3206,1659,1407,3229,,
23,5,8,1,1261,1318,1135,1406,1016,7084,,
0,5,8,0,,,,,,,,
15,5,8,0,,,,,,,,
48,5,9,0,,,,,,,,
0,5,9,0,,,,,,,,
38,5,9,2,1252,1292,1224,919,140,2947,,
5,5,10,1,2314,2012,1657,1197,1877,1149,,
0,5,10,0,,,,,,,,
39,5,10,0,,,,,,,,
19,5,11,0,,,,,,,,
46,5,11,2,2199,1089,1016,2078,191,1887,,
0,5,11,0,,,,,,,,
37,5,12,1,1975,2514,991,1493,,1363,,
66,5,12,0,,,,,,,,
0,5,12,0,,,,,,,,
32,5,13,0,,,,,,,,
28,5,13,2,1708,1922,2630,1545,,2402,,
0,5,13,0,,,,,,,,
32,5,14,1,4088,1771,1360,467,832,2215,,
20,5,14,0,,,,,,,,
0,5,14,0,,,,,,,,
44,5,15,0,,,,,,,,
64,5,15,2,1250,1672,1326,901,1206,1699,,
0,5,15,0,,,,,,,,
58,5,16,1,1432,1641,1323,,1593,687,,
33,5,16,0,,,,,,,,
0,5,16,0,,,,,,,,
38,5,17,0,,,,,,,,
52,5,17,2,2066,2501,1887,2714,952,1556,,
0,5,17,0,,,,,,,,
33,5,18,1,2805,2049,1311,1186,742,784,,
63,5,18,0,,,,,,,,
0,5,18,0,,,,,,,,
41,5,19,0,,,,,,,,
20,5,19,2,2044,2219,2931,907,987,1499,,
0,5,19,0,,,,,,,,
11,5,20,1,2012,3200,1611,1787,,2393,,
9,5,20,0,,,,,,,,
0,5,20,0,,,,,,,,
56,5,21,0,,,,,,,,
21,5,21,2,2606,1759,707,1388,1104,1716,,
0,5,21,0,,,,,,,,
60,5,22,1,1086,1018,1526,422,3832,3046,,
62,5,22,0,,,,,,,,
0,5,22,0,,,,,,,,
6,5,23,0,,,,,,,,
40,5,23,2,1417,1808,1173,1023,962,1066,,
0,5,23,0,,,,,,,,
19,5,24,1,2498,4181,956,517,,2014,,
53,5,24,0,,,,,,,,
0,5,24,0,,,,,,,,
14,5,25,0,,,,,,,,
49,5,25,2,1390,1564,984,1166,764,1353,,
0,5,25,0,,,,,,,,
48,5,26,1,1212,1060,1155,813,598,972,,
59,5,26,0,,,,,,,,
0,5,26,0,,,,,,,,
17,5,27,0,,,,,,,,
27,5,27,2,1413,1351,1738,921,232,2298,,
0,5,27,0,,,,,,,,
59,5,28,1,1730,772,1707,884,1251,3058,,
65,5,28,0,,,,,,,,
0,5,28,0,,,,,,,,
64,5,29,0,,,,,,,,
53,5,29,2,2654,,1630,3029,1489,766,,
0,5,29,0,,,,,,,,
51,5,30,1,2021,1684,2601,1328,1121,967,,
11,5,30,0,,,,,,,,
0,5,30,0,,,,,,,,
30,5,31,0,,,,,,,,
56,5,31,2,1465,1542,1617,2708,2311,1006,,
0,5,31,0,,,,,,,,
14,5,32,1,1221,1907,3464,1113,1696,664,,
50,5,32,0,,,,,,,,
0,5,32,0,,,,,,,,
42,6,1,0,,,,,,,,
0,6,1,0,,,,,,,,
39,6,1,2,2506,2434,1446,1352,,4566,,
11,6,2,1,2994,3757,1412,5522,1153,5783,,
0,6,2,0,,,,,,,,
57,6,2,0,,,,,,,,
67,6,3,0,,,,,,,,
0,6,3,0,,,,,,,,
30,6,3,2,794,1640,4181,2034,,423,,
5,6,4,1,1449,4145,171,4497,2315,2072,,
0,6,4,0,,,,,,,,
28,6,4,0,,,,,,,,
60,6,5,0,,,,,,,,
0,6,5,0,,,,,,,,
9,6,5,2,6250,3733,2783,681,2736,4007,,
61,6,6,1,2099,1770,1578,1409,1607,5353,,
0,6,6,0,,,,,,,,
54,6,6,0,,,,,,,,
26,6,7,0,,,,,,,,
0,6,7,0,,,,,,,,
13,6,7,2,1851,1692,1737,1797,1695,2196,,
7,6,8,1,2637,2812,622,2966,1830,432,,
0,6,8,0,,,,,,,,
15,6,8,0,,,,,,,,
48,6,9,0,,,,,,,,
0,6,9,0,,,,,,,,
40,6,9,2,1655,1529,1636,1549,,6465,,
38,6,10,1,2824,5034,1484,921,1956,1464,,
0,6,10,0,,,,,,,,
39,6,10,0,,,,,,,,
19,6,11,0,,,,,,,,
25,6,11,2,1180,1784,1198,3227,,7130,,
0,6,11,0,,,,,,,,
62,6,12,1,3228,3970,2211,1749,,1836,,
66,6,12,0,,,,,,,,
0,6,12,0,,,,,,,,
32,6,13,0,,,,,,,,
28,6,13,2,1377,658,4326,2038,1343,670,,
0,6,13,0,,,,,,,,
15,6,14,1,2024,,4577,1246,1907,3212,,
20,6,14,0,,,,,,,,
0,6,14,0,,,,,,,,
44,6,15,0,,,,,,,,
16,6,15,2,728,2239,248,3420,1742,687,,
0,6,15,0,,,,,,,,
60,6,16,1,3550,2134,,4072,597,3650,,
33,6,16,0,,,,,,,,
0,6,16,0,,,,,,,,
38,6,17,0,,,,,,,,
63,6,17,2,5613,2374,1648,2245,1894,4569,,
0,6,17,0,,,,,,,,
54,6,18,1,2118,2176,2037,3404,1470,6972,,
63,6,18,0,,,,,,,,
0,6,18,0,,,,,,,,
41,6,19,0,,,,,,,,
27,6,19,2,963,1796,3184,694,5839,14375,,
0,6,19,0,,,,,,,,
37,6,20,1,994,998,3475,3294,,4368,,
9,6,20,0,,,,,,,,
0,6,20,0,,,,,,,,
56,6,21,0,,,,,,,,
36,6,21,2,1140,1532,3417,234,825,6226,,
0,6,21,0,,,,,,,,
29,6,22,1,3012,1736,,3166,1227,917,,
62,6,22,0,,,,,,,,
0,6,22,0,,,,,,,,
6,6,23,0,,,,,,,,
49,6,23,2,2491,1754,3159,880,1748,1587,,
0,6,23,0,,,,,,,,
26,6,24,1,689,2524,2039,4074,710,871,197,
53,6,24,0,,,,,,,,
0,6,24,0,,,,,,,,
14,6,25,0,,,,,,,,
51,6,25,2,404,3034,1571,2537,5795,1473,,
0,6,25,0,,,,,,,,
35,6,26,1,794,2061,2014,1217,1603,1989,,
59,6,26,0,,,,,,,,
0,6,26,0,,,,,,,,
17,6,27,0,,,,,,,,
57,6,27,2,2350,1687,3971,1961,744,5778,,
0,6,27,0,,,,,,,,
64,6,28,1,4196,1419,3540,2378,311,6129,,
65,6,28,0,,,,,,,,
0,6,28,0,,,,,,,,
64,6,29,0,,,,,,,,
58,6,29,2,3726,1897,1938,1659,1694,2681,,
0,6,29,0,,,,,,,,
23,6,30,1,3131,2007,2303,9317,1821,3396,,
11,6,30,0,,,,,,,,
0,6,30,0,,,,,,,,
30,6,31,0,,,,,,,,
19,6,31,2,361,2161,4853,1148,1086,7558,,
0,6,31,0,,,,,,,,
33,6,32,1,1575,2771,,3487,1720,1236,,
50,6,32,0,,,,,,,,
0,6,32,0,,,,,,,,
42,7,1,0,,,,,,,,
0,7,1,0,,,,,,,,
31,7,1,2,2009,580,172,8243,702,1302,,
20,7,2,1,2366,1658,3781,1253,944,633,,
0,7,2,0,,,,,,,,
57,7,2,0,,,,,,,,
67,7,3,0,,,,,,,,
0,7,3,0,,,,,,,,
7,7,3,2,2389,,5516,820,2448,2811,,
8,7,4,1,2390,3367,10493,1034,866,1042,,
0,7,4,0,,,,,,,,
28,7,4,0,,,,,,,,
60,7,5,0,,,,,,,,
0,7,5,0,,,,,,,,
32,7,5,2,1556,799,1504,997,703,918,,
22,7,6,1,1548,1204,1513,1392,1092,951,,
0,7,6,0,,,,,,,,
54,7,6,0,,,,,,,,
26,7,7,0,,,,,,,,
0,7,7,0,,,,,,,,
58,7,7,2,2035,1690,5485,1197,233,3390,,
62,7,8,1,1161,,2284,542,701,1574,,
0,7,8,0,,,,,,,,
15,7,8,0,,,,,,,,
48,7,9,0,,,,,,,,
0,7,9,0,,,,,,,,
33,7,9,2,1529,3239,2568,1262,,5200,,
6,7,10,1,3154,3074,1525,1304,4576,1615,,
0,7,10,0,,,,,,,,
39,7,10,0,,,,,,,,
19,7,11,0,,,,,,,,
44,7,11,2,1571,576,4943,500,176,1471,,
0,7,11,0,,,,,,,,
10,7,12,1,1572,3152,1910,1224,1600,1963,,
66,7,12,0,,,,,,,,
0,7,12,0,,,,,,,,
32,7,13,0,,,,,,,,
35,7,13,2,1550,,890,5765,,2293,,
0,7,13,0,,,,,,,,
23,7,14,1,1289,860,837,91,1172,,760,
20,7,14,0,,,,,,,,
0,7,14,0,,,,,,,,
44,7,15,0,,,,,,,,
29,7,15,2,1479,1957,2716,1509,995,945,,
0,7,15,0,,,,,,,,
38,7,16,1,1732,1695,1272,1023,687,548,,
33,7,16,0,,,,,,,,
0,7,16,0,,,,,,,,
38,7,17,0,,,,,,,,
48,7,17,2,1106,471,271,4241,911,2580,,
0,7,17,0,,,,,,,,
49,7,18,1,1601,4299,1005,5340,1085,1516,,
63,7,18,0,,,,,,,,
0,7,18,0,,,,,,,,
41,7,19,0,,,,,,,,
5,7,19,2,2715,1481,1100,3664,3059,1359,,
0,7,19,0,,,,,,,,
41,7,20,1,1522,680,1423,3374,821,2869,,
9,7,20,0,,,,,,,,
0,7,20,0,,,,,,,,
56,7,21,0,,,,,,,,
51,7,21,2,794,688,2366,995,144,4140,,
0,7,21,0,,,,,,,,
60,7,22,1,1415,3911,1618,3750,4284,1079,,
62,7,22,0,,,,,,,,
0,7,22,0,,,,,,,,
6,7,23,0,,,,,,,,
30,7,23,2,1631,1324,2141,1410,1208,1064,,
0,7,23,0,,,,,,,,
42,7,24,1,2240,1231,1018,1004,,2276,,
53,7,24,0,,,,,,,,
0,7,24,0,,,,,,,,
14,7,25,0,,,,,,,,
57,7,25,2,1429,1843,1207,1896,1546,1160,,
0,7,25,0,,,,,,,,
27,7,26,1,2580,1416,1478,1518,936,866,,
59,7,26,0,,,,,,,,
0,7,26,0,,,,,,,,
17,7,27,0,,,,,,,,
50,7,27,2,1263,539,1207,3300,342,545,,
0,7,27,0,,,,,,,,
25,7,28,1,3426,1202,1824,2361,1724,2141,,
65,7,28,0,,,,,,,,
0,7,28,0,,,,,,,,
64,7,29,0,,,,,,,,
55,7,29,2,1961,207,3973,1040,130,2396,,
0,7,29,0,,,,,,,,
36,7,30,1,3152,1521,2806,1720,1105,1497,,
11,7,30,0,,,,,,,,
0,7,30,0,,,,,,,,
30,7,31,0,,,,,,,,
40,7,31,2,1264,6851,5197,1674,876,2275,,
0,7,31,0,,,,,,,,
43,7,32,1,1541,2003,1227,539,924,503,,
50,7,32,0,,,,,,,,
0,7,32,0,,,,,,,,
42,8,1,0,,,,,,,,
0,8,1,0,,,,,,,,
36,8,1,2,2983,725,2178,792,791,4602,,
43,8,2,1,1623,723,2868,1270,197,308,2112,
0,8,2,0,,,,,,,,
57,8,2,0,,,,,,,,
67,8,3,0,,,,,,,,
0,8,3,0,,,,,,,,
68,8,3,2,1828,,2399,2281,660,2431,,
7,8,4,1,1751,2237,1880,770,673,1100,,
0,8,4,0,,,,,,,,
28,8,4,0,,,,,,,,
60,8,5,0,,,,,,,,
0,8,5,0,,,,,,,,
58,8,5,2,3347,2272,2356,872,480,1957,,
45,8,6,1,1672,1986,7622,129,1964,1128,,
0,8,6,0,,,,,,,,
54,8,6,0,,,,,,,,
26,8,7,0,,,,,,,,
0,8,7,0,,,,,,,,
34,8,7,2,2348,1301,1779,756,855,660,,
29,8,8,1,1059,2008,1675,634,976,3089,,
0,8,8,0,,,,,,,,
15,8,8,0,,,,,,,,
48,8,9,0,,,,,,,,
0,8,9,0,,,,,,,,
11,8,9,2,1277,1187,1728,782,722,1891,,
64,8,10,1,1045,,1337,1589,697,1017,,
0,8,10,0,,,,,,,,
39,8,10,0,,,,,,,,
19,8,11,0,,,,,,,,
21,8,11,2,1840,1098,1454,730,,1255,,
0,8,11,0,,,,,,,,
32,8,12,1,1324,1569,173,1931,671,1362,,
66,8,12,0,,,,,,,,
0,8,12,0,,,,,,,,
32,8,13,0,,,,,,,,
23,8,13,2,667,2711,2063,1251,1122,914,,
0,8,13,0,,,,,,,,
63,8,14,1,1154,1024,1630,403,330,2351,,
20,8,14,0,,,,,,,,
0,8,14,0,,,,,,,,
44,8,15,0,,,,,,,,
52,8,15,2,975,1044,1738,,1078,2505,,
0,8,15,0,,,,,,,,
16,8,16,1,2017,1672,955,609,438,627,,
33,8,16,0,,,,,,,,
0,8,16,0,,,,,,,,
38,8,17,0,,,,,,,,
56,8,17,2,1874,1783,950,947,540,1167,,
0,8,17,0,,,,,,,,
62,8,18,1,1365,1481,2555,1796,642,1223,,
63,8,18,0,,,,,,,,
0,8,18,0,,,,,,,,
41,8,19,0,,,,,,,,
20,8,19,2,2084,1292,1285,863,1097,1881,,
0,8,19,0,,,,,,,,
55,8,20,1,2118,2672,1928,974,993,2210,,
9,8,20,0,,,,,,,,
0,8,20,0,,,,,,,,
56,8,21,0,,,,,,,,
67,8,21,2,2004,138,1945,327,1137,1551,,
0,8,21,0,,,,,,,,
47,8,22,1,1042,1627,624,2127,1204,1442,,
62,8,22,0,,,,,,,,
0,8,22,0,,,,,,,,
6,8,23,0,,,,,,,,
57,8,23,2,1416,973,888,1003,570,1589,,
0,8,23,0,,,,,,,,
18,8,24,1,1721,1123,1154,516,,1796,,
53,8,24,0,,,,,,,,
0,8,24,0,,,,,,,,
14,8,25,0,,,,,,,,
60,8,25,2,1692,208,4131,996,663,2539,,
0,8,25,0,,,,,,,,
51,8,26,1,1375,1578,1321,1132,646,814,,
59,8,26,0,,,,,,,,
0,8,26,0,,,,,,,,
17,8,27,0,,,,,,,,
15,8,27,2,1466,2427,2301,663,472,8339,,
0,8,27,0,,,,,,,,
33,8,28,1,3183,1690,1337,912,1501,5951,,
65,8,28,0,,,,,,,,
0,8,28,0,,,,,,,,
64,8,29,0,,,,,,,,
13,8,29,2,2137,2215,1492,1004,708,878,,
0,8,29,0,,,,,,,,
19,8,30,1,2565,840,3295,1517,1128,1115,,
11,8,30,0,,,,,,,,
0,8,30,0,,,,,,,,
30,8,31,0,,,,,,,,
38,8,31,2,3382,1245,1626,947,638,3079,,
0,8,31,0,,,,,,,,
61,8,32,1,1576,455,2158,899,584,1313,,
50,8,32,0,,,,,,,,
0,8,32,0,,,,,,,,
42,9,1,0,,,,,,,,
0,9,1,0,,,,,,,,
48,9,1,2,1864,3254,1695,7577,,3036,,
19,9,2,1,2460,1867,3850,2464,2691,2139,,
0,9,2,0,,,,,,,,
57,9,2,0,,,,,,,,
67,9,3,0,,,,,,,,
0,9,3,0,,,,,,,,
12,9,3,2,1790,1692,2248,2640,,3050,,
30,9,4,1,2127,2685,2595,1742,1950,901,,
0,9,4,0,,,,,,,,
28,9,4,0,,,,,,,,
60,9,5,0,,,,,,,,
0,9,5,0,,,,,,,,
17,9,5,2,1947,1784,3325,1624,1323,1654,,
55,9,6,1,1762,1907,2321,2046,1534,1183,,
0,9,6,0,,,,,,,,
54,9,6,0,,,,,,,,
26,9,7,0,,,,,,,,
0,9,7,0,,,,,,,,
64,9,7,2,4346,1608,2388,2336,3642,2450,,
58,9,8,1,1757,1241,1868,3387,1671,1834,,
0,9,8,0,,,,,,,,
15,9,8,0,,,,,,,,
48,9,9,0,,,,,,,,
0,9,9,0,,,,,,,,
44,9,9,2,2156,2071,1693,988,246,5445,,
6,9,10,1,1447,1566,1083,2099,1093,922,,
0,9,10,0,,,,,,,,
39,9,10,0,,,,,,,,
19,9,11,0,,,,,,,,
23,9,11,2,2420,2239,7563,1971,458,2385,,
0,9,11,0,,,,,,,,
50,9,12,1,1626,3110,2491,2356,,5876,,
66,9,12,0,,,,,,,,
0,9,12,0,,,,,,,,
32,9,13,0,,,,,,,,
32,9,13,2,3381,2350,3086,2502,,3121,,
0,9,13,0,,,,,,,,
21,9,14,1,2343,1391,3135,3054,1775,926,,
20,9,14,0,,,,,,,,
0,9,14,0,,,,,,,,
44,9,15,0,,,,,,,,
10,9,15,2,1303,2210,2225,1940,1532,1703,,
0,9,15,0,,,,,,,,
43,9,16,1,2146,2022,2376,3054,,775,,
33,9,16,0,,,,,,,,
0,9,16,0,,,,,,,,
38,9,17,0,,,,,,,,
22,9,17,2,1667,1555,3244,2662,2079,1372,,
0,9,17,0,,,,,,,,
41,9,18,1,3514,3293,2579,2642,1343,2218,,
63,9,18,0,,,,,,,,
0,9,18,0,,,,,,,,
41,9,19,0,,,,,,,,
42,9,19,2,2722,2322,3161,2080,1661,1677,,
0,9,19,0,,,,,,,,
40,9,20,1,3004,1724,2754,3564,1593,3972,,
9,9,20,0,,,,,,,,
0,9,20,0,,,,,,,,
56,9,21,0,,,,,,,,
60,9,21,2,2435,1393,2694,2076,1735,1337,,
0,9,21,0,,,,,,,,
33,9,22,1,1895,1258,1506,1809,2432,1406,,
62,9,22,0,,,,,,,,
0,9,22,0,,,,,,,,
6,9,23,0,,,,,,,,
16,9,23,2,1119,2075,1876,2480,1137,951,,
0,9,23,0,,,,,,,,
53,9,24,1,2272,1673,1091,2180,,3436,,
53,9,24,0,,,,,,,,
0,9,24,0,,,,,,,,
14,9,25,0,,,,,,,,
62,9,25,2,2757,2186,1397,1975,1398,1292,,
0,9,25,0,,,,,,,,
37,9,26,1,2567,1831,1806,2181,1443,782,,
59,9,26,0,,,,,,,,
0,9,26,0,,,,,,,,
17,9,27,0,,,,,,,,
9,9,27,2,2249,3012,2559,1701,590,3523,,
0,9,27,0,,,,,,,,
29,9,28,1,3534,1493,2261,2238,169,5741,,
65,9,28,0,,,,,,,,
0,9,28,0,,,,,,,,
64,9,29,0,,,,,,,,
5,9,29,2,2411,1766,2554,2338,2235,2462,,
0,9,29,0,,,,,,,,
63,9,30,1,4659,1714,2101,2298,1478,2613,,
11,9,30,0,,,,,,,,
0,9,30,0,,,,,,,,
30,9,31,0,,,,,,,,
25,9,31,2,2988,1972,1741,2761,3610,1551,,
0,9,31,0,,,,,,,,
67,9,32,1,2138,2535,2371,1373,1456,741,,
50,9,32,0,,,,,,,,
0,9,32,0,,,,,,,,
42,10,1,0,,,,,,,,
0,10,1,0,,,,,,,,
54,10,1,2,3336,2360,1633,3659,,2925,,
64,10,2,1,3546,3110,3976,1933,,2743,,
0,10,2,0,,,,,,,,
57,10,2,0,,,,,,,,
67,10,3,0,,,,,,,,
0,10,3,0,,,,,,,,
29,10,3,2,3053,2308,2017,2851,,4307,,
27,10,4,1,2827,2810,2750,1713,226,3200,,
0,10,4,0,,,,,,,,
28,10,4,0,,,,,,,,
60,10,5,0,,,,,,,,
0,10,5,0,,,,,,,,
58,10,5,2,2294,1368,7046,1661,1224,1319,,
16,10,6,1,1818,2365,2116,2197,1885,484,,
0,10,6,0,,,,,,,,
54,10,6,0,,,,,,,,
26,10,7,0,,,,,,,,
0,10,7,0,,,,,,,,
66,10,7,2,3040,4158,2823,2117,2276,2147,,
41,10,8,1,2042,1680,2256,1893,2401,368,,
0,10,8,0,,,,,,,,
15,10,8,0,,,,,,,,
48,10,9,0,,,,,,,,
0,10,9,0,,,,,,,,
38,10,9,2,1950,2206,1644,362,1635,4157,,
51,10,10,1,2053,2189,3021,1348,2831,1300,,
0,10,10,0,,,,,,,,
39,10,10,0,,,,,,,,
19,10,11,0,,,,,,,,
50,10,11,2,2855,2343,2240,1359,250,3116,,
0,10,11,0,,,,,,,,
45,10,12,1,2478,2685,2679,2475,,2728,,
66,10,12,0,,,,,,,,
0,10,12,0,,,,,,,,
32,10,13,0,,,,,,,,
31,10,13,2,3238,,5123,1789,,3076,,
0,10,13,0,,,,,,,,
44,10,14,1,1747,2019,2167,1661,1545,,1451,
20,10,14,0,,,,,,,,
0,10,14,0,,,,,,,,
44,10,15,0,,,,,,,,
56,10,15,2,1416,1254,3549,1914,602,1419,1367,
0,10,15,0,,,,,,,,
32,10,16,1,2669,2140,3269,2456,1129,1585,,
33,10,16,0,,,,,,,,
0,10,16,0,,,,,,,,
38,10,17,0,,,,,,,,
40,10,17,2,2643,4656,2297,2630,244,4075,,
0,10,17,0,,,,,,,,
48,10,18,1,2212,3115,1813,2243,1255,2365,,
63,10,18,0,,,,,,,,
0,10,18,0,,,,,,,,
41,10,19,0,,,,,,,,
53,10,19,2,2849,2888,3202,2023,3069,2733,,
0,10,19,0,,,,,,,,
6,10,20,1,3461,2180,2131,2436,,3400,,
9,10,20,0,,,,,,,,
0,10,20,0,,,,,,,,
56,10,21,0,,,,,,,,
43,10,21,2,2939,2732,1713,4148,2217,2234,,
0,10,21,0,,,,,,,,
37,10,22,1,2649,2047,1785,1445,5738,1797,,
62,10,22,0,,,,,,,,
0,10,22,0,,,,,,,,
6,10,23,0,,,,,,,,
60,10,23,2,1747,1805,2673,1496,,3167,,
0,10,23,0,,,,,,,,
5,10,24,1,3258,2648,2289,1701,,3895,,
53,10,24,0,,,,,,,,
0,10,24,0,,,,,,,,
14,10,25,0,,,,,,,,
61,10,25,2,2072,3060,2493,2003,9607,4279,,
0,10,25,0,,,,,,,,
49,10,26,1,3710,1788,2585,1837,1714,2602,,
59,10,26,0,,,,,,,,
0,10,26,0,,,,,,,,
17,10,27,0,,,,,,,,
62,10,27,2,2696,2943,2742,1752,373,4671,,
0,10,27,0,,,,,,,,
19,10,28,1,3586,2284,3613,2497,,6894,,
65,10,28,0,,,,,,,,
0,10,28,0,,,,,,,,
64,10,29,0,,,,,,,,
57,10,29,2,2463,2373,3203,2219,377,5017,,
0,10,29,0,,,,,,,,
22,10,30,1,3367,2190,2831,2313,2008,2148,,
11,10,30,0,,,,,,,,
0,10,30,0,,,,,,,,
30,10,31,0,,,,,,,,
18,10,31,2,3282,2113,2563,2548,1813,1488,,
0,10,31,0,,,,,,,,
46,10,32,1,1714,2907,2257,1448,2095,1273,,
50,10,32,0,,,,,,,,
0,10,32,0,,,,,,,,
42,11,1,0,,,,,,,,
0,11,1,0,,,,,,,,
22,11,1,2,1554,1702,1113,1105,,9017,,
12,11,2,1,1647,1557,2351,1908,1877,6588,,
0,11,2,0,,,,,,,,
57,11,2,0,,,,,,,,
67,11,3,0,,,,,,,,
0,11,3,0,,,,,,,,
26,11,3,2,1779,1189,1452,1294,,15191,,
14,11,4,1,2654,1956,1395,1344,2185,9818,,
0,11,4,0,,,,,,,,
28,11,4,0,,,,,,,,
60,11,5,0,,,,,,,,
0,11,5,0,,,,,,,,
43,11,5,2,3133,797,1513,918,1033,7770,,
35,11,6,1,1088,1318,1659,985,822,8222,,
0,11,6,0,,,,,,,,
54,11,6,0,,,,,,,,
26,11,7,0,,,,,,,,
0,11,7,0,,,,,,,,
31,11,7,2,2003,2132,1760,914,1198,11816,,
7,11,8,1,1589,1199,1215,1035,1107,9994,,
0,11,8,0,,,,,,,,
15,11,8,0,,,,,,,,
48,11,9,0,,,,,,,,
0,11,9,0,,,,,,,,
53,11,9,2,1191,1238,1255,1977,190,7547,,
58,11,10,1,1467,1143,1145,1312,1477,5049,,
0,11,10,0,,,,,,,,
39,11,10,0,,,,,,,,
19,11,11,0,,,,,,,,
61,11,11,2,1661,1582,2801,704,204,4092,,
0,11,11,0,,,,,,,,
48,11,12,1,,2921,1600,2468,1064,12031,,
66,11,12,0,,,,,,,,
0,11,12,0,,,,,,,,
32,11,13,0,,,,,,,,
67,11,13,2,1501,2011,1348,1848,1470,4357,,
0,11,13,0,,,,,,,,
57,11,14,1,1922,786,1007,1057,1349,8819,,
20,11,14,0,,,,,,,,
0,11,14,0,,,,,,,,
44,11,15,0,,,,,,,,
5,11,15,2,1647,1694,1245,1378,1362,838,,
0,11,15,0,,,,,,,,
28,11,16,1,2501,1165,1229,1057,864,10029,,
33,11,16,0,,,,,,,,
0,11,16,0,,,,,,,,
38,11,17,0,,,,,,,,
45,11,17,2,1723,1276,1655,1300,1078,12283,,
0,11,17,0,,,,,,,,
63,11,18,1,1266,1627,2769,829,831,3075,,
63,11,18,0,,,,,,,,
0,11,18,0,,,,,,,,
41,11,19,0,,,,,,,,
9,11,19,2,2084,1092,,,9133,7604,,
0,11,19,0,,,,,,,,
19,11,20,1,1894,1643,1389,1143,1253,10202,,
9,11,20,0,,,,,,,,
0,11,20,0,,,,,,,,
56,11,21,0,,,,,,,,
65,11,21,2,1419,1384,1396,1145,1071,5431,,
0,11,21,0,,,,,,,,
56,11,22,1,1113,1005,1956,1348,1280,2531,,
62,11,22,0,,,,,,,,
0,11,22,0,,,,,,,,
6,11,23,0,,,,,,,,
66,11,23,2,1427,2017,1932,2088,1350,5508,,
0,11,23,0,,,,,,,,
10,11,24,1,2212,1287,1583,1048,,9993,,
53,11,24,0,,,,,,,,
0,11,24,0,,,,,,,,
14,11,25,0,,,,,,,,
17,11,25,2,1651,3051,1332,1376,903,10120,,
0,11,25,0,,,,,,,,
62,11,26,1,1308,1332,1267,986,892,5065,,
59,11,26,0,,,,,,,,
0,11,26,0,,,,,,,,
17,11,27,0,,,,,,,,
51,11,27,2,1786,1092,1477,1102,164,9212,,
0,11,27,0,,,,,,,,
38,11,28,1,1879,1487,1689,952,1021,10202,,
65,11,28,0,,,,,,,,
0,11,28,0,,,,,,,,
64,11,29,0,,,,,,,,
52,11,29,2,1489,1127,1662,1035,1791,6531,,
0,11,29,0,,,,,,,,
11,11,30,1,1817,1296,1861,1209,950,8522,,
11,11,30,0,,,,,,,,
0,11,30,0,,,,,,,,
30,11,31,0,,,,,,,,
37,11,31,2,1209,1392,1769,2360,817,13538,,
0,11,31,0,,,,,,,,
16,11,32,1,,3161,2106,784,1322,7854,,
50,11,32,0,,,,,,,,
0,11,32,0,,,,,,,,
42,12,1,0,,,,,,,,
0,12,1,0,,,,,,,,
33,12,1,2,311,3001,1031,5361,,2274,,
26,12,2,1,270,4693,3734,1784,1335,1238,,
0,12,2,0,,,,,,,,
57,12,2,0,,,,,,,,
67,12,3,0,,,,,,,,
0,12,3,0,,,,,,,,
6,12,3,2,2751,,5357,669,1564,3625,,
14,12,4,1,312,3676,2504,4891,1524,2792,1700,
0,12,4,0,,,,,,,,
28,12,4,0,,,,,,,,
60,12,5,0,,,,,,,,
0,12,5,0,,,,,,,,
54,12,5,2,329,1611,5530,2807,1209,1458,,
36,12,6,1,,1634,3131,1502,1534,,,
0,12,6,0,,,,,,,,
54,12,6,0,,,,,,,,
26,12,7,0,,,,,,,,
0,12,7,0,,,,,,,,
24,12,7,2,974,,2094,2656,3316,5882,,
38,12,8,1,280,1476,5213,2021,1391,1694,,
0,12,8,0,,,,,,,,
15,12,8,0,,,,,,,,
48,12,9,0,,,,,,,,
0,12,9,0,,,,,,,,
68,12,9,2,337,1456,3858,1350,145,2908,,
8,12,10,1,2309,3867,4008,2524,1244,4406,,
0,12,10,0,,,,,,,,
39,12,10,0,,,,,,,,
19,12,11,0,,,,,,,,
12,12,11,2,4069,2440,4177,1474,1094,2965,,
0,12,11,0,,,,,,,,
66,12,12,1,1660,1209,4012,2053,,3358,,
66,12,12,0,,,,,,,,
0,12,12,0,,,,,,,,
32,12,13,0,,,,,,,,
60,12,13,2,475,1836,4431,1522,2139,3332,,
0,12,13,0,,,,,,,,
62,12,14,1,771,1901,2442,1572,1813,1195,,
20,12,14,0,,,,,,,,
0,12,14,0,,,,,,,,
44,12,15,0,,,,,,,,
31,12,15,2,1580,1065,,2761,1683,1267,,
0,12,15,0,,,,,,,,
20,12,16,1,663,6620,2476,1865,1417,,3170,
33,12,16,0,,,,,,,,
0,12,16,0,,,,,,,,
38,12,17,0,,,,,,,,
61,12,17,2,435,1824,5539,1627,1975,1676,,
0,12,17,0,,,,,,,,
44,12,18,1,288,2107,3188,2173,2765,1864,,
63,12,18,0,,,,,,,,
0,12,18,0,,,,,,,,
41,12,19,0,,,,,,,,
67,12,19,2,433,3742,4935,,3806,1952,,
0,12,19,0,,,,,,,,
49,12,20,1,327,1998,3604,2508,,3053,,
9,12,20,0,,,,,,,,
0,12,20,0,,,,,,,,
56,12,21,0,,,,,,,,
30,12,21,2,243,4194,1027,1602,1184,1158,,
0,12,21,0,,,,,,,,
13,12,22,1,2765,3811,1359,736,1420,707,,
62,12,22,0,,,,,,,,
0,12,22,0,,,,,,,,
6,12,23,0,,,,,,,,
65,12,23,2,681,2009,2673,1000,999,1295,,
0,12,23,0,,,,,,,,
48,12,24,1,315,3800,1133,3876,,3744,,
53,12,24,0,,,,,,,,
0,12,24,0,,,,,,,,
14,12,25,0,,,,,,,,
19,12,25,2,2964,313,5572,2074,,3053,,
0,12,25,0,,,,,,,,
56,12,26,1,1231,1439,5656,2685,1777,1432,,
59,12,26,0,,,,,,,,
0,12,26,0,,,,,,,,
17,12,27,0,,,,,,,,
69,12,27,2,347,1105,1383,4368,368,2396,,
0,12,27,0,,,,,,,,
47,12,28,1,334,3185,3723,1805,394,5309,,
65,12,28,0,,,,,,,,
0,12,28,0,,,,,,,,
64,12,29,0,,,,,,,,
21,12,29,2,632,5969,340,3482,1871,1255,,
0,12,29,0,,,,,,,,
71,12,30,1,368,1646,1499,3663,1150,937,,
11,12,30,0,,,,,,,,
0,12,30,0,,,,,,,,
30,12,31,0,,,,,,,,
53,12,31,2,276,2221,2522,3463,944,1417,,
0,12,31,0,,,,,,,,
57,12,32,1,454,2461,2277,2792,1360,1421,,
50,12,32,0,,,,,,,,
0,12,32,0,,,,,,,,
42,13,1,0,,,,,,,,
0,13,1,0,,,,,,,,
38,13,1,2,3514,3753,2650,3278,,3587,,
35,13,2,1,2480,2356,2040,2495,2139,1953,,
0,13,2,0,,,,,,,,
57,13,2,0,,,,,,,,
67,13,3,0,,,,,,,,
0,13,3,0,,,,,,,,
39,13,3,2,2952,,4526,1996,,6128,,
60,13,4,1,2081,2984,1970,2704,2459,1742,,
0,13,4,0,,,,,,,,
28,13,4,0,,,,,,,,
60,13,5,0,,,,,,,,
0,13,5,0,,,,,,,,
17,13,5,2,2178,2809,3558,1949,1428,1696,,
64,13,6,1,2635,2025,1751,2078,1764,1895,,
0,13,6,0,,,,,,,,
54,13,6,0,,,,,,,,
26,13,7,0,,,,,,,,
0,13,7,0,,,,,,,,
59,13,7,2,2404,2639,,6567,2206,2233,,
26,13,8,1,805,2188,2435,1396,1561,3808,,
0,13,8,0,,,,,,,,
15,13,8,0,,,,,,,,
48,13,9,0,,,,,,,,
0,13,9,0,,,,,,,,
8,13,9,2,1675,2548,3796,2732,,5714,,
55,13,10,1,951,3060,2343,2341,2505,2042,,
0,13,10,0,,,,,,,,
39,13,10,0,,,,,,,,
19,13,11,0,,,,,,,,
46,13,11,2,1615,4027,2766,1687,930,4933,,
0,13,11,0,,,,,,,,
48,13,12,1,986,4204,1916,2806,,3493,,
66,13,12,0,,,,,,,,
0,13,12,0,,,,,,,,
32,13,13,0,,,,,,,,
44,13,13,2,1731,2618,2732,2362,1893,1307,,
0,13,13,0,,,,,,,,
21,13,14,1,3029,,2208,1691,1715,1767,,
20,13,14,0,,,,,,,,
0,13,14,0,,,,,,,,
44,13,15,0,,,,,,,,
32,13,15,2,1556,1653,2218,1941,1862,1936,,
0,13,15,0,,,,,,,,
34,13,16,1,2098,2206,2388,2271,2020,1577,,
33,13,16,0,,,,,,,,
0,13,16,0,,,,,,,,
38,13,17,0,,,,,,,,
13,13,17,2,2175,2478,2551,2270,1943,3190,,
0,13,17,0,,,,,,,,
53,13,18,1,1098,2885,1840,1685,1583,1596,,
63,13,18,0,,,,,,,,
0,13,18,0,,,,,,,,
41,13,19,0,,,,,,,,
52,13,19,2,905,5079,3133,1852,1850,2776,,
0,13,19,0,,,,,,,,
6,13,20,1,2751,2637,2632,2513,1717,2935,,
9,13,20,0,,,,,,,,
0,13,20,0,,,,,,,,
56,13,21,0,,,,,,,,
23,13,21,2,1737,3955,2037,4458,1477,2762,,
0,13,21,0,,,,,,,,
42,13,22,1,1126,2338,2132,2969,2457,1882,,
62,13,22,0,,,,,,,,
0,13,22,0,,,,,,,,
6,13,23,0,,,,,,,,
51,13,23,2,1128,3136,2821,2603,1657,2292,,
0,13,23,0,,,,,,,,
36,13,24,1,2233,,4122,3523,,4016,,
53,13,24,0,,,,,,,,
0,13,24,0,,,,,,,,
14,13,25,0,,,,,,,,
56,13,25,2,2409,2476,3091,2470,2234,2040,,
0,13,25,0,,,,,,,,
14,13,26,1,2126,1661,2619,2495,2044,2102,,
59,13,26,0,,,,,,,,
0,13,26,0,,,,,,,,
17,13,27,0,,,,,,,,
45,13,27,2,1127,3677,2446,1747,505,4705,,
0,13,27,0,,,,,,,,
58,13,28,1,1994,1402,2803,1960,2214,3854,,
65,13,28,0,,,,,,,,
0,13,28,0,,,,,,,,
64,13,29,0,,,,,,,,
62,13,29,2,1438,3511,3836,2271,2613,3028,,
0,13,29,0,,,,,,,,
47,13,30,1,2647,2277,2680,2840,2196,3578,,
11,13,30,0,,,,,,,,
0,13,30,0,,,,,,,,
30,13,31,0,,,,,,,,
22,13,31,2,2456,1901,2051,3120,1716,1944,,
0,13,31,0,,,,,,,,
25,13,32,1,2398,3755,2511,4183,1583,1425,,
50,13,32,0,,,,,,,,
0,13,32,0,,,,,,,,
42,14,1,0,,,,,,,,
0,14,1,0,,,,,,,,
32,14,1,2,1737,2611,1982,2449,927,1095,,
17,14,2,1,2290,1905,2385,2590,1397,2849,,
0,14,2,0,,,,,,,,
57,14,2,0,,,,,,,,
67,14,3,0,,,,,,,,
0,14,3,0,,,,,,,,
55,14,3,2,1932,1116,1355,1856,,3097,,
38,14,4,1,1664,2078,2220,1888,1814,2489,,
0,14,4,0,,,,,,,,
28,14,4,0,,,,,,,,
60,14,5,0,,,,,,,,
0,14,5,0,,,,,,,,
49,14,5,2,1952,1825,4258,1225,1190,1063,,
25,14,6,1,1706,1294,1663,1783,1645,2421,,
0,14,6,0,,,,,,,,
54,14,6,0,,,,,,,,
26,14,7,0,,,,,,,,
0,14,7,0,,,,,,,,
12,14,7,2,1773,2010,1755,2259,1631,2402,,
29,14,8,1,1285,1446,1628,1277,1142,2333,,
0,14,8,0,,,,,,,,
15,14,8,0,,,,,,,,
48,14,9,0,,,,,,,,
0,14,9,0,,,,,,,,
65,14,9,2,1417,1764,1542,1459,,4845,,
8,14,10,1,2159,1638,2292,1329,970,3175,,
0,14,10,0,,,,,,,,
39,14,10,0,,,,,,,,
19,14,11,0,,,,,,,,
7,14,11,2,2057,1671,2175,1730,1829,4139,,
0,14,11,0,,,,,,,,
34,14,12,1,1241,2195,2090,2239,,3602,,
66,14,12,0,,,,,,,,
0,14,12,0,,,,,,,,
32,14,13,0,,,,,,,,
21,14,13,2,2525,1359,2906,2209,2020,2513,,
0,14,13,0,,,,,,,,
57,14,14,1,1403,845,1384,1818,1502,1069,,
20,14,14,0,,,,,,,,
0,14,14,0,,,,,,,,
44,14,15,0,,,,,,,,
46,14,15,2,1383,1799,1642,980,2595,1155,,
0,14,15,0,,,,,,,,
59,14,16,1,1731,1865,1569,1270,806,1068,,
33,14,16,0,,,,,,,,
0,14,16,0,,,,,,,,
38,14,17,0,,,,,,,,
37,14,17,2,1656,1997,2040,1842,2945,1527,,
0,14,17,0,,,,,,,,
48,14,18,1,1676,1332,3356,1326,1839,1312,,
63,14,18,0,,,,,,,,
0,14,18,0,,,,,,,,
41,14,19,0,,,,,,,,
43,14,19,2,1952,1746,2460,1400,1568,2790,,
0,14,19,0,,,,,,,,
54,14,20,1,1705,2325,1798,1864,1289,1456,,
9,14,20,0,,,,,,,,
0,14,20,0,,,,,,,,
56,14,21,0,,,,,,,,
44,14,21,2,1651,1156,1169,1866,1433,1299,,
0,14,21,0,,,,,,,,
36,14,22,1,1255,2282,1429,2310,1599,1513,,
62,14,22,0,,,,,,,,
0,14,22,0,,,,,,,,
6,14,23,0,,,,,,,,
61,14,23,2,1370,1594,1850,1985,1111,2045,,
0,14,23,0,,,,,,,,
31,14,24,1,2832,2656,1489,1617,,598,,
53,14,24,0,,,,,,,,
0,14,24,0,,,,,,,,
14,14,25,0,,,,,,,,
35,14,25,2,1582,1494,1943,2681,1374,1236,,
0,14,25,0,,,,,,,,
62,14,26,1,1909,1491,1228,1747,2205,1058,,
59,14,26,0,,,,,,,,
0,14,26,0,,,,,,,,
17,14,27,0,,,,,,,,
47,14,27,2,1826,1658,2650,1546,253,6446,,
0,14,27,0,,,,,,,,
40,14,28,1,2518,2068,1818,1920,2021,3628,,
65,14,28,0,,,,,,,,
0,14,28,0,,,,,,,,
64,14,29,0,,,,,,,,
63,14,29,2,1713,2387,2349,1867,2607,3986,,
0,14,29,0,,,,,,,,
60,14,30,1,969,3086,2312,1957,1390,3047,,
11,14,30,0,,,,,,,,
0,14,30,0,,,,,,,,
30,14,31,0,,,,,,,,
10,14,31,2,1730,1797,2074,2845,2310,2044,,
0,14,31,0,,,,,,,,
16,14,32,1,1210,1974,2254,1271,1013,935,,
50,14,32,0,,,,,,,,
0,14,32,0,,,,,,,,
49,15,1,1,540,945,2637,4419,214,3683,,
0,15,1,0,,,,,,,,
32,15,1,0,,,,,,,,
17,15,2,0,,,,,,,,
0,15,2,0,,,,,,,,
59,15,2,2,518,2439,3609,1738,2396,1329,,
68,15,3,1,515,2056,7292,2463,2333,2746,,
0,15,3,0,,,,,,,,
55,15,3,0,,,,,,,,
38,15,4,0,,,,,,,,
0,15,4,0,,,,,,,,
20,15,4,2,1085,2272,1629,5292,193,3961,,
51,15,5,1,516,2696,2325,1512,3206,1913,,
0,15,5,0,,,,,,,,
49,15,5,0,,,,,,,,
25,15,6,0,,,,,,,,
0,15,6,0,,,,,,,,
8,15,6,2,5153,1738,2431,1736,1021,,,
36,15,7,1,665,4076,222,3004,1335,2006,,
0,15,7,0,,,,,,,,
12,15,7,0,,,,,,,,
29,15,8,0,,,,,,,,
0,15,8,0,,,,,,,,
26,15,8,2,711,2969,1860,1862,2428,4310,,
58,15,9,1,492,2298,4232,1315,266,3792,,
0,15,9,0,,,,,,,,
65,15,9,0,,,,,,,,
8,15,10,0,,,,,,,,
0,15,10,0,,,,,,,,
34,15,10,2,532,2608,1703,1820,1870,1448,,
61,15,11,1,542,2362,5471,1352,3014,1436,,
7,15,11,0,,,,,,,,
0,15,11,0,,,,,,,,
34,15,12,0,,,,,,,,
41,15,12,2,529,3079,1583,2325,3312,919,,
0,15,12,0,,,,,,,,
39,15,13,1,593,1737,1776,2192,2046,2808,,
21,15,13,0,,,,,,,,
0,15,13,0,,,,,,,,
57,15,14,0,,,,,,,,
38,15,14,2,562,1053,1985,2996,2113,2059,,
0,15,14,0,,,,,,,,
43,15,15,1,,2400,1402,4384,1653,1151,,
46,15,15,0,,,,,,,,
0,15,15,0,,,,,,,,
59,15,16,0,,,,,,,,
56,15,16,2,585,2754,2581,8142,1961,1512,,
0,15,16,0,,,,,,,,
57,15,17,1,288,102,8624,3010,983,1107,,
37,15,17,0,,,,,,,,
0,15,17,0,,,,,,,,
48,15,18,0,,,,,,,,
45,15,18,2,488,3413,3843,1469,1374,1449,,
0,15,18,0,,,,,,,,
24,15,19,1,851,2441,4950,,3091,2094,,
43,15,19,0,,,,,,,,
0,15,19,0,,,,,,,,
54,15,20,0,,,,,,,,
15,15,20,2,901,3996,2556,1684,,3433,,
0,15,20,0,,,,,,,,
46,15,21,1,640,2435,4009,1477,,5465,,
44,15,21,0,,,,,,,,
0,15,21,0,,,,,,,,
36,15,22,0,,,,,,,,
33,15,22,2,3361,1343,1606,1485,3020,1127,,
0,15,22,0,,,,,,,,
23,15,23,1,723,3492,2133,1212,1073,2453,,
61,15,23,0,,,,,,,,
0,15,23,0,,,,,,,,
31,15,24,0,,,,,,,,
44,15,24,2,260,1915,3449,2712,,4162,,
0,15,24,0,,,,,,,,
10,15,25,1,1968,3695,5273,1875,,2891,,
35,15,25,0,,,,,,,,
0,15,25,0,,,,,,,,
62,15,26,0,,,,,,,,
7,15,26,2,2108,1637,2083,3340,2090,2357,,
0,15,26,0,,,,,,,,
69,15,27,1,549,3282,5423,8400,2842,2798,,
47,15,27,0,,,,,,,,
0,15,27,0,,,,,,,,
40,15,28,0,,,,,,,,
28,15,28,2,411,1944,4055,509,4665,3597,,
0,15,28,0,,,,,,,,
53,15,29,1,441,,949,,,15858,,
63,15,29,0,,,,,,,,
0,15,29,0,,,,,,,,
60,15,30,0,,,,,,,,
29,15,30,2,455,4179,,6377,1301,2197,,
0,15,30,0,,,,,,,,
42,15,31,1,618,2953,2154,2513,1125,1347,,
10,15,31,0,,,,,,,,
0,15,31,0,,,,,,,,
16,15,32,0,,,,,,,,
40,15,32,2,623,2565,255,10527,6999,621,,
0,15,32,0,,,,,,,,
49,16,1,0,,,,,,,,
0,16,1,0,,,,,,,,
50,16,1,2,4182,2268,831,941,,2109,,
16,16,2,1,1051,2217,955,1965,1822,647,2245,
0,16,2,0,,,,,,,,
59,16,2,0,,,,,,,,
68,16,3,0,,,,,,,,
0,16,3,0,,,,,,,,
10,16,3,2,2260,,3077,1021,1140,3311,,
54,16,4,1,2915,2621,,2794,157,2801,,
0,16,4,0,,,,,,,,
20,16,4,0,,,,,,,,
51,16,5,0,,,,,,,,
0,16,5,0,,,,,,,,
12,16,5,2,2287,3166,2284,964,756,1727,,
33,16,6,1,2409,1690,1148,1050,775,1190,,
0,16,6,0,,,,,,,,
8,16,6,0,,,,,,,,
36,16,7,0,,,,,,,,
0,16,7,0,,,,,,,,
44,16,7,2,2480,1503,1848,1681,1326,779,,
46,16,8,1,1054,1020,1280,631,1170,1131,,
0,16,8,0,,,,,,,,
26,16,8,0,,,,,,,,
58,16,9,0,,,,,,,,
0,16,9,0,,,,,,,,
52,16,9,2,1481,1482,831,1132,1261,705,,
17,16,10,1,1140,135,2017,1766,808,2336,,
0,16,10,0,,,,,,,,
34,16,10,0,,,,,,,,
61,16,11,0,,,,,,,,
27,16,11,2,311,1179,1847,1703,166,2463,,
0,16,11,0,,,,,,,,
34,16,12,1,1119,2267,1263,999,910,1312,,
41,16,12,0,,,,,,,,
0,16,12,0,,,,,,,,
39,16,13,0,,,,,,,,
57,16,13,2,974,723,2470,1130,,2088,,
0,16,13,0,,,,,,,,
37,16,14,1,2045,806,922,777,1080,711,,
38,16,14,0,,,,,,,,
0,16,14,0,,,,,,,,
43,16,15,0,,,,,,,,
22,16,15,2,1369,432,2848,1089,833,1887,,
0,16,15,0,,,,,,,,
26,16,16,1,1067,1584,2387,,2435,855,,
56,16,16,0,,,,,,,,
0,16,16,0,,,,,,,,
57,16,17,0,,,,,,,,
43,16,17,2,1591,1233,1533,1430,913,787,,
0,16,17,0,,,,,,,,
14,16,18,1,839,3413,2525,1435,975,2370,,
45,16,18,0,,,,,,,,
0,16,18,0,,,,,,,,
24,16,19,0,,,,,,,,
42,16,19,2,1664,1803,2586,,1842,1251,,
0,16,19,0,,,,,,,,
45,16,20,1,2115,1348,1309,893,,1341,,
15,16,20,0,,,,,,,,
0,16,20,0,,,,,,,,
46,16,21,0,,,,,,,,
5,16,21,2,2898,1164,1032,1524,1274,2239,,
0,16,21,0,,,,,,,,
8,16,22,1,4364,1806,1552,1096,1910,1670,,
33,16,22,0,,,,,,,,
0,16,22,0,,,,,,,,
23,16,23,0,,,,,,,,
66,16,23,2,1090,1110,1165,1175,1025,1102,,
0,16,23,0,,,,,,,,
35,16,24,1,2010,991,509,671,,2069,,
44,16,24,0,,,,,,,,
0,16,24,0,,,,,,,,
10,16,25,0,,,,,,,,
40,16,25,2,1617,1232,1760,1175,762,853,,
0,16,25,0,,,,,,,,
32,16,26,1,2077,1299,1396,1073,760,792,,
7,16,26,0,,,,,,,,
0,16,26,0,,,,,,,,
69,16,27,0,,,,,,,,
9,16,27,2,1936,1789,2366,1469,1503,2415,,
0,16,27,0,,,,,,,,
25,16,28,1,2075,,3311,776,292,3580,,
28,16,28,0,,,,,,,,
0,16,28,0,,,,,,,,
53,16,29,0,,,,,,,,
15,16,29,2,1188,1859,1078,1986,826,3467,,
0,16,29,0,,,,,,,,
39,16,30,1,2487,1394,2572,1790,964,1108,,
29,16,30,0,,,,,,,,
0,16,30,0,,,,,,,,
42,16,31,0,,,,,,,,
41,16,31,2,1260,1509,1362,1085,888,1120,,
0,16,31,0,,,,,,,,
49,16,32,1,1731,1659,1417,641,991,982,,
40,16,32,0,,,,,,,,
0,16,32,0,,,,,,,,
12,17,1,1,1225,2301,1985,1052,920,1561,2708,
0,17,1,0,,,,,,,,
50,17,1,0,,,,,,,,
16,17,2,0,,,,,,,,
0,17,2,0,,,,,,,,
33,17,2,2,2733,1261,1745,805,7044,1734,1027,
28,17,3,1,1214,,2604,439,907,1792,,
0,17,3,0,,,,,,,,
10,17,3,0,,,,,,,,
54,17,4,0,,,,,,,,
0,17,4,0,,,,,,,,
66,17,4,2,985,2048,,1517,1322,1786,,
26,17,5,1,1730,1191,884,154,853,2312,,
0,17,5,0,,,,,,,,
12,17,5,0,,,,,,,,
33,17,6,0,,,,,,,,
0,17,6,0,,,,,,,,
64,17,6,2,1257,845,1982,,1269,1268,,
48,17,7,1,1627,885,1535,691,828,7111,,
0,17,7,0,,,,,,,,
44,17,7,0,,,,,,,,
46,17,8,0,,,,,,,,
0,17,8,0,,,,,,,,
19,17,8,2,2392,1244,791,686,614,803,,
41,17,9,1,1174,1067,1249,365,306,1379,,
0,17,9,0,,,,,,,,
52,17,9,0,,,,,,,,
17,17,10,0,,,,,,,,
0,17,10,0,,,,,,,,
61,17,10,2,1209,802,1157,,629,2105,,
36,17,11,1,1244,729,1296,100,523,1427,,
27,17,11,0,,,,,,,,
0,17,11,0,,,,,,,,
34,17,12,0,,,,,,,,
21,17,12,2,1828,2386,881,709,,2142,,
0,17,12,0,,,,,,,,
11,17,13,1,868,578,2640,1443,607,687,2551,
57,17,13,0,,,,,,,,
0,17,13,0,,,,,,,,
37,17,14,0,,,,,,,,
55,17,14,2,1721,852,2717,1701,435,,3108,
0,17,14,0,,,,,,,,
53,17,15,1,1104,623,844,217,910,1342,,
22,17,15,0,,,,,,,,
0,17,15,0,,,,,,,,
26,17,16,0,,,,,,,,
38,17,16,2,1342,1306,1036,350,1449,860,,
0,17,16,0,,,,,,,,
39,17,17,1,1457,1732,1554,,565,1925,,
43,17,17,0,,,,,,,,
0,17,17,0,,,,,,,,
14,17,18,0,,,,,,,,
68,17,18,2,2826,2702,1612,,958,1937,,
0,17,18,0,,,,,,,,
46,17,19,1,1848,2790,,2245,836,5655,,
42,17,19,0,,,,,,,,
0,17,19,0,,,,,,,,
45,17,20,0,,,,,,,,
24,17,20,2,1379,2549,1713,1987,1351,1361,,
0,17,20,0,,,,,,,,
63,17,21,1,1702,932,1073,1015,,1562,,
5,17,21,0,,,,,,,,
0,17,21,0,,,,,,,,
8,17,22,0,,,,,,,,
30,17,22,2,1399,1548,1175,717,946,930,,
0,17,22,0,,,,,,,,
25,17,23,1,1311,661,1625,,1494,1678,2053,
66,17,23,0,,,,,,,,
0,17,23,0,,,,,,,,
35,17,24,0,,,,,,,,
57,17,24,2,2231,622,874,507,,2112,,
0,17,24,0,,,,,,,,
37,17,25,1,1574,1280,817,777,,1558,,
40,17,25,0,,,,,,,,
0,17,25,0,,,,,,,,
32,17,26,0,,,,,,,,
47,17,26,2,2218,1776,1778,633,779,6715,,
0,17,26,0,,,,,,,,
60,17,27,1,1015,2011,1259,,787,4869,,
9,17,27,0,,,,,,,,
0,17,27,0,,,,,,,,
25,17,28,0,,,,,,,,
50,17,28,2,1952,1085,1182,801,791,2890,,
0,17,28,0,,,,,,,,
58,17,29,1,2156,781,895,710,1099,3790,,
15,17,29,0,,,,,,,,
0,17,29,0,,,,,,,,
39,17,30,0,,,,,,,,
31,17,30,2,108,7349,1014,995,1053,1200,,
0,17,30,0,,,,,,,,
45,17,31,1,2548,1464,1658,,733,3014,,
41,17,31,0,,,,,,,,
0,17,31,0,,,,,,,,
49,17,32,0,,,,,,,,
35,17,32,2,1466,1609,1848,662,161,464,704,
0,17,32,0,,,,,,,,
12,18,1,0,,,,,,,,
0,18,1,0,,,,,,,,
34,18,1,2,5094,3880,732,3582,2123,6021,,
50,18,2,1,1779,879,6829,4869,1024,2592,,
0,18,2,0,,,,,,,,
33,18,2,0,,,,,,,,
28,18,3,0,,,,,,,,
0,18,3,0,,,,,,,,
7,18,3,2,1692,1981,3405,1796,2359,2256,,
47,18,4,1,1669,1237,2481,190,,,,
0,18,4,0,,,,,,,,
66,18,4,0,,,,,,,,
26,18,5,0,,,,,,,,
0,18,5,0,,,,,,,,
32,18,5,2,3022,2282,1201,881,1056,2930,,
25,18,6,1,2021,2308,932,895,679,4783,,
0,18,6,0,,,,,,,,
64,18,6,0,,,,,,,,
48,18,7,0,,,,,,,,
0,18,7,0,,,,,,,,
49,18,7,2,1091,2274,5844,732,497,10132,,
38,18,8,1,1179,217,3916,568,720,8497,,
0,18,8,0,,,,,,,,
19,18,8,0,,,,,,,,
41,18,9,0,,,,,,,,
0,18,9,0,,,,,,,,
21,18,9,2,1971,1815,6163,1421,2736,6855,,
9,18,10,1,1353,3475,882,2734,963,3741,,
0,18,10,0,,,,,,,,
61,18,10,0,,,,,,,,
36,18,11,0,,,,,,,,
42,18,11,2,5624,5195,1725,289,735,4373,,
0,18,11,0,,,,,,,,
30,18,12,1,2085,879,5068,684,454,2568,,
21,18,12,0,,,,,,,,
0,18,12,0,,,,,,,,
11,18,13,0,,,,,,,,
56,18,13,2,369,1400,1881,1269,708,4845,,
0,18,13,0,,,,,,,,
40,18,14,1,846,1234,2489,1613,618,4558,,
55,18,14,0,,,,,,,,
0,18,14,0,,,,,,,,
53,18,15,0,,,,,,,,
16,18,15,2,1083,761,2050,1063,175,4675,,
0,18,15,0,,,,,,,,
59,18,16,1,2619,3192,3243,1857,596,4272,,
38,18,16,0,,,,,,,,
0,18,16,0,,,,,,,,
39,18,17,0,,,,,,,,
12,18,17,2,8783,4999,1685,4664,4420,4548,,
0,18,17,0,,,,,,,,
11,18,18,1,2011,1868,2486,1114,927,2656,,
68,18,18,0,,,,,,,,
0,18,18,0,,,,,,,,
46,18,19,0,,,,,,,,
20,18,19,2,1823,13762,1265,931,685,5462,,
0,18,19,0,,,,,,,,
62,18,20,1,9194,1073,1005,224,917,4019,,
24,18,20,0,,,,,,,,
0,18,20,0,,,,,,,,
63,18,21,0,,,,,,,,
53,18,21,2,1263,3330,898,1021,,5139,,
0,18,21,0,,,,,,,,
57,18,22,1,899,1257,193,3294,1450,2764,,
30,18,22,0,,,,,,,,
0,18,22,0,,,,,,,,
25,18,23,0,,,,,,,,
5,18,23,2,3434,3797,1857,3442,1477,1957,,
0,18,23,0,,,,,,,,
60,18,24,1,807,9131,262,2654,,2552,1534,
57,18,24,0,,,,,,,,
0,18,24,0,,,,,,,,
37,18,25,0,,,,,,,,
6,18,25,2,2830,254,5300,1372,631,3871,,
0,18,25,0,,,,,,,,
55,18,26,1,1255,450,1481,845,792,3410,,
47,18,26,0,,,,,,,,
0,18,26,0,,,,,,,,
60,18,27,0,,,,,,,,
23,18,27,2,2022,3988,499,3862,1418,1744,,
0,18,27,0,,,,,,,,
37,18,28,1,1123,1737,4179,1034,659,5564,,
50,18,28,0,,,,,,,,
0,18,28,0,,,,,,,,
58,18,29,0,,,,,,,,
58,18,29,2,1817,861,2025,1072,874,10876,,
0,18,29,0,,,,,,,,
41,18,30,1,523,2657,2051,2685,1559,4512,,
31,18,30,0,,,,,,,,
0,18,30,0,,,,,,,,
45,18,31,0,,,,,,,,
27,18,31,2,736,1108,1037,590,481,12616,,
0,18,31,0,,,,,,,,
31,18,32,1,1587,1035,1887,2702,433,1762,,
35,18,32,0,,,,,,,,
0,18,32,0,,,,,,,,
23,19,1,1,2737,1654,3144,984,,5100,,
0,19,1,0,,,,,,,,
34,19,1,0,,,,,,,,
50,19,2,0,,,,,,,,
0,19,2,0,,,,,,,,
40,19,2,2,2322,1912,2324,1565,872,1969,,
56,19,3,1,2686,2682,453,2063,,4397,,
0,19,3,0,,,,,,,,
7,19,3,0,,,,,,,,
47,19,4,0,,,,,,,,
0,19,4,0,,,,,,,,
21,19,4,2,2505,5224,2332,1617,3050,4647,,
30,19,5,1,1736,1115,1389,1879,699,895,,
0,19,5,0,,,,,,,,
32,19,5,0,,,,,,,,
25,19,6,0,,,,,,,,
0,19,6,0,,,,,,,,
15,19,6,2,2023,3549,1839,1044,1201,1052,,
7,19,7,1,2944,5171,3736,1361,1330,2407,,
0,19,7,0,,,,,,,,
49,19,7,0,,,,,,,,
38,19,8,0,,,,,,,,
0,19,8,0,,,,,,,,
19,19,8,2,1658,1619,1134,860,1881,4346,,
25,19,9,1,2160,1818,1272,1081,190,1900,,
0,19,9,0,,,,,,,,
21,19,9,0,,,,,,,,
9,19,10,0,,,,,,,,
0,19,10,0,,,,,,,,
37,19,10,2,1424,1606,1172,1699,1032,1245,,
17,19,11,1,2763,2147,1472,505,1144,4613,,
42,19,11,0,,,,,,,,
0,19,11,0,,,,,,,,
30,19,12,0,,,,,,,,
59,19,12,2,1331,3176,2140,1142,,2534,,
0,19,12,0,,,,,,,,
32,19,13,1,3258,1400,2167,1828,1296,3150,3559,
56,19,13,0,,,,,,,,
0,19,13,0,,,,,,,,
40,19,14,0,,,,,,,,
67,19,14,2,2026,1687,505,3338,6026,,,
0,19,14,0,,,,,,,,
63,19,15,1,1145,1044,1651,1491,1320,853,,
16,19,15,0,,,,,,,,
0,19,15,0,,,,,,,,
59,19,16,0,,,,,,,,
66,19,16,2,2379,1976,1747,2334,2697,,7720,
0,19,16,0,,,,,,,,
10,19,17,1,6042,1481,3143,1488,1627,1254,,
12,19,17,0,,,,,,,,
0,19,17,0,,,,,,,,
11,19,18,0,,,,,,,,
44,19,18,2,1298,1785,1236,1227,1288,964,,
0,19,18,0,,,,,,,,
36,19,19,1,2002,2151,1205,,2486,2070,,
20,19,19,0,,,,,,,,
0,19,19,0,,,,,,,,
62,19,20,0,,,,,,,,
28,19,20,2,2582,1123,1906,1007,3760,3799,,
0,19,20,0,,,,,,,,
49,19,21,1,1794,2555,2639,1338,3091,1443,,
53,19,21,0,,,,,,,,
0,19,21,0,,,,,,,,
57,19,22,0,,,,,,,,
5,19,22,2,2523,2285,2421,1306,1596,7723,,
0,19,22,0,,,,,,,,
35,19,23,1,1568,1241,933,950,862,2300,,
5,19,23,0,,,,,,,,
0,19,23,0,,,,,,,,
60,19,24,0,,,,,,,,
51,19,24,2,2901,209,1949,361,,4880,,
0,19,24,0,,,,,,,,
52,19,25,1,3549,1194,745,2937,2545,4618,,
6,19,25,0,,,,,,,,
0,19,25,0,,,,,,,,
55,19,26,0,,,,,,,,
18,19,26,2,2816,2694,944,2850,1402,1447,,
0,19,26,0,,,,,,,,
58,19,27,1,3665,1162,950,1097,184,4472,,
23,19,27,0,,,,,,,,
0,19,27,0,,,,,,,,
37,19,28,0,,,,,,,,
45,19,28,2,4969,2706,2901,1542,2593,2559,,
0,19,28,0,,,,,,,,
42,19,29,1,7264,1981,1667,1375,2157,1351,,
58,19,29,0,,,,,,,,
0,19,29,0,,,,,,,,
41,19,30,0,,,,,,,,
39,19,30,2,2618,2035,1018,2043,2345,4829,,
0,19,30,0,,,,,,,,
12,19,31,1,1729,1566,1971,1100,1263,1709,,
27,19,31,0,,,,,,,,
0,19,31,0,,,,,,,,
31,19,32,0,,,,,,,,
27,19,32,2,1580,4080,2117,2125,3739,545,,
0,19,32,0,,,,,,,,
23,20,1,0,,,,,,,,
0,20,1,0,,,,,,,,
39,20,1,2,1310,4242,2750,2232,,2427,,
60,20,2,1,1396,2873,1784,1677,1605,1402,,
0,20,2,0,,,,,,,,
40,20,2,0,,,,,,,,
56,20,3,0,,,,,,,,
0,20,3,0,,,,,,,,
20,20,3,2,2572,252,4113,1164,,,,
5,20,4,1,1562,2756,689,2961,1139,2708,,
0,20,4,0,,,,,,,,
21,20,4,0,,,,,,,,
30,20,5,0,,,,,,,,
0,20,5,0,,,,,,,,
16,20,5,2,2632,2708,3073,1189,162,2163,,
32,20,6,1,2148,700,4410,1569,1400,1509,,
0,20,6,0,,,,,,,,
15,20,6,0,,,,,,,,
7,20,7,0,,,,,,,,
0,20,7,0,,,,,,,,
49,20,7,2,902,2692,1756,698,1584,1288,,
23,20,8,1,1559,1832,1303,832,1440,3187,,
0,20,8,0,,,,,,,,
19,20,8,0,,,,,,,,
25,20,9,0,,,,,,,,
0,20,9,0,,,,,,,,
63,20,9,2,649,2589,1195,640,,3282,,
26,20,10,1,782,4048,4020,1266,876,1884,,
0,20,10,0,,,,,,,,
37,20,10,0,,,,,,,,
17,20,11,0,,,,,,,,
47,20,11,2,1177,1690,2070,622,,2129,,
0,20,11,0,,,,,,,,
22,20,12,1,1380,3393,1668,9467,855,1613,,
59,20,12,0,,,,,,,,
0,20,12,0,,,,,,,,
32,20,13,0,,,,,,,,
37,20,13,2,1798,895,5810,1093,,3318,,
0,20,13,0,,,,,,,,
33,20,14,1,929,966,6787,2967,1193,1294,,
67,20,14,0,,,,,,,,
0,20,14,0,,,,,,,,
63,20,15,0,,,,,,,,
55,20,15,2,794,1014,1552,1092,1782,2536,,
0,20,15,0,,,,,,,,
18,20,16,1,865,2576,2025,782,827,1248,,
66,20,16,0,,,,,,,,
0,20,16,0,,,,,,,,
10,20,17,0,,,,,,,,
31,20,17,2,959,1683,2663,1844,1122,2648,,
0,20,17,0,,,,,,,,
36,20,18,1,2554,3065,4008,17372,1027,1792,,
44,20,18,0,,,,,,,,
0,20,18,0,,,,,,,,
36,20,19,0,,,,,,,,
53,20,19,2,804,4547,3220,152,2970,2356,,
0,20,19,0,,,,,,,,
38,20,20,1,1703,3519,2621,863,900,1250,,
28,20,20,0,,,,,,,,
0,20,20,0,,,,,,,,
49,20,21,0,,,,,,,,
25,20,21,2,814,1581,3518,1587,1063,1991,,
0,20,21,0,,,,,,,,
35,20,22,1,767,2631,392,1381,2283,1923,,
5,20,22,0,,,,,,,,
0,20,22,0,,,,,,,,
35,20,23,0,,,,,,,,
7,20,23,2,1375,3933,1456,1164,907,2125,,
0,20,23,0,,,,,,,,
27,20,24,1,853,4862,781,544,,4170,,
51,20,24,0,,,,,,,,
0,20,24,0,,,,,,,,
52,20,25,0,,,,,,,,
19,20,25,2,1121,1133,5088,,3190,1880,,
0,20,25,0,,,,,,,,
10,20,26,1,2893,2016,2362,1331,1993,2068,,
18,20,26,0,,,,,,,,
0,20,26,0,,,,,,,,
58,20,27,0,,,,,,,,
56,20,27,2,361,2166,599,2517,423,356,,
0,20,27,0,,,,,,,,
15,20,28,1,3747,1693,5126,1539,1036,3456,,
45,20,28,0,,,,,,,,
0,20,28,0,,,,,,,,
42,20,29,0,,,,,,,,
40,20,29,2,744,3550,1022,1959,1872,,3087,
0,20,29,0,,,,,,,,
42,20,30,1,749,3452,759,4292,1030,3673,,
39,20,30,0,,,,,,,,
0,20,30,0,,,,,,,,
12,20,31,0,,,,,,,,
59,20,31,2,861,485,3488,1015,1222,2465,,
0,20,31,0,,,,,,,,
13,20,32,1,1117,1709,1948,6304,889,1297,,
27,20,32,0,,,,,,,,
0,20,32,0,,,,,,,,
