seq,subj,item,cond,R1,R2,R3,R4,R5,R6,R7,R8
23,1,1,1,1836,5559,1870,,3241,2901,,
0,1,1,0,,,,,,,,
0,1,1,0,,,,,,,,
0,1,2,0,,,,,,,,
0,1,2,0,,,,,,,,
11,1,2,2,3006,2372,2580,2426,1404,3927,,
39,1,3,1,2328,1254,1750,1676,1523,1720,,
0,1,3,0,,,,,,,,
0,1,3,0,,,,,,,,
0,1,4,0,,,,,,,,
0,1,4,0,,,,,,,,
13,1,4,2,4232,3895,1382,1806,1267,2663,,
5,1,5,1,3190,1513,1321,1384,1188,1647,,
0,1,5,0,,,,,,,,
0,1,5,0,,,,,,,,
0,1,6,0,,,,,,,,
0,1,6,0,,,,,,,,
9,1,6,2,1505,2364,2103,1749,957,2169,,
41,1,7,1,3101,1989,2688,1809,365,3793,,
0,1,7,0,,,,,,,,
0,1,7,0,,,,,,,,
0,1,8,0,,,,,,,,
0,1,8,0,,,,,,,,
17,1,8,2,1754,1726,1609,1411,2303,745,,
43,1,9,1,2379,3759,817,771,,2583,,
0,1,9,0,,,,,,,,
0,1,9,0,,,,,,,,
0,1,10,0,,,,,,,,
0,1,10,0,,,,,,,,
47,1,10,2,2347,1335,1013,2898,2298,1950,,
52,1,11,1,855,2113,757,2339,161,1954,,
0,1,11,0,,,,,,,,
0,1,11,0,,,,,,,,
0,1,12,0,,,,,,,,
56,1,12,2,546,2058,745,2913,2774,3728,,
0,1,12,0,,,,,,,,
64,1,13,1,731,582,4097,1383,155,3222,,
0,1,13,0,,,,,,,,
0,1,13,0,,,,,,,,
0,1,14,0,,,,,,,,
16,1,14,2,3707,1554,2352,948,1855,2492,,
0,1,14,0,,,,,,,,
31,1,15,1,1899,,3560,1570,1232,2009,,
0,1,15,0,,,,,,,,
0,1,15,0,,,,,,,,
0,1,16,0,,,,,,,,
7,1,16,2,2780,2789,3275,1438,1124,1609,,
0,1,16,0,,,,,,,,
32,1,17,1,1891,,1073,3239,1164,2275,,
0,1,17,0,,,,,,,,
0,1,17,0,,,,,,,,
0,1,18,0,,,,,,,,
62,1,18,2,1046,2433,1686,1929,1661,3663,,
0,1,18,0,,,,,,,,
61,1,19,1,871,4467,2777,2720,3060,3904,,
0,1,19,0,,,,,,,,
0,1,19,0,,,,,,,,
0,1,20,0,,,,,,,,
40,1,20,2,2867,2079,3253,1294,1106,2054,,
0,1,20,0,,,,,,,,
19,1,21,1,4887,1946,1355,1305,1547,1472,,
0,1,21,0,,,,,,,,
0,1,21,0,,,,,,,,
0,1,22,0,,,,,,,,
26,1,22,2,2442,1335,1292,1014,1784,2109,,
0,1,22,0,,,,,,,,
44,1,23,1,1989,1442,1733,1273,1119,1715,,
0,1,23,0,,,,,,,,
0,1,23,0,,,,,,,,
0,1,24,0,,,,,,,,
20,1,24,2,2551,1277,,2722,,2910,,
0,1,24,0,,,,,,,,
35,1,25,1,1612,4621,1550,2413,1306,3226,,
0,1,25,0,,,,,,,,
0,1,25,0,,,,,,,,
0,1,26,0,,,,,,,,
8,1,26,2,2951,1385,1679,1314,1636,2944,,
0,1,26,0,,,,,,,,
28,1,27,1,965,4599,1445,1869,1439,3719,,
0,1,27,0,,,,,,,,
0,1,27,0,,,,,,,,
0,1,28,0,,,,,,,,
15,1,28,2,3743,2869,1774,2634,1993,3831,,
0,1,28,0,,,,,,,,
24,1,29,1,863,6587,3330,1546,1994,4342,,
0,1,29,0,,,,,,,,
0,1,29,0,,,,,,,,
0,1,30,0,,,,,,,,
29,1,30,2,3001,1965,1643,1739,2109,2322,,
0,1,30,0,,,,,,,,
59,1,31,1,856,1865,3276,1192,1396,2144,,
0,1,31,0,,,,,,,,
0,1,31,0,,,,,,,,
0,1,32,0,,,,,,,,
63,1,32,2,460,1654,469,1670,389,1150,,
0,1,32,0,,,,,,,,
23,2,1,0,,,,,,,,
0,2,1,0,,,,,,,,
30,2,1,2,2186,1297,965,653,682,810,,
13,2,2,1,1961,1612,1390,992,1005,735,,
0,2,2,0,,,,,,,,
11,2,2,0,,,,,,,,
39,2,3,0,,,,,,,,
0,2,3,0,,,,,,,,
41,2,3,2,2712,1273,1069,634,744,1032,,
28,2,4,1,738,1110,569,2364,648,1630,,
0,2,4,0,,,,,,,,
13,2,4,0,,,,,,,,
5,2,5,0,,,,,,,,
0,2,5,0,,,,,,,,
20,2,5,2,769,1195,1191,960,693,686,,
44,2,6,1,689,5476,1082,844,591,1166,,
0,2,6,0,,,,,,,,
9,2,6,0,,,,,,,,
41,2,7,0,,,,,,,,
0,2,7,0,,,,,,,,
39,2,7,2,2328,2464,,2811,777,1033,,
64,2,8,1,910,1132,1387,669,425,2095,,
0,2,8,0,,,,,,,,
17,2,8,0,,,,,,,,
43,2,9,0,,,,,,,,
0,2,9,0,,,,,,,,
48,2,9,2,1479,1423,1225,283,,2045,,
50,2,10,1,1437,732,1230,493,506,888,,
0,2,10,0,,,,,,,,
47,2,10,0,,,,,,,,
52,2,11,0,,,,,,,,
34,2,11,2,676,1425,,1273,,1040,,
0,2,11,0,,,,,,,,
55,2,12,1,924,1548,2443,638,,1494,,
56,2,12,0,,,,,,,,
0,2,12,0,,,,,,,,
64,2,13,0,,,,,,,,
66,2,13,2,886,,2204,770,853,508,,
0,2,13,0,,,,,,,,
53,2,14,1,942,883,819,732,602,751,,
16,2,14,0,,,,,,,,
0,2,14,0,,,,,,,,
31,2,15,0,,,,,,,,
56,2,15,2,769,645,700,232,704,1839,,
0,2,15,0,,,,,,,,
17,2,16,1,900,1995,593,636,613,655,,
7,2,16,0,,,,,,,,
0,2,16,0,,,,,,,,
32,2,17,0,,,,,,,,
6,2,17,2,1039,382,3281,1092,529,1930,,
0,2,17,0,,,,,,,,
33,2,18,1,881,3098,1258,977,1118,1696,,
62,2,18,0,,,,,,,,
0,2,18,0,,,,,,,,
61,2,19,0,,,,,,,,
52,2,19,2,1252,1065,788,686,479,2478,,
0,2,19,0,,,,,,,,
46,2,20,1,1276,579,940,1227,904,815,,
40,2,20,0,,,,,,,,
0,2,20,0,,,,,,,,
19,2,21,0,,,,,,,,
62,2,21,2,1758,783,580,529,1524,1257,,
0,2,21,0,,,,,,,,
59,2,22,1,1550,634,734,526,865,1027,,
26,2,22,0,,,,,,,,
0,2,22,0,,,,,,,,
44,2,23,0,,,,,,,,
54,2,23,2,1049,1184,812,754,693,965,,
0,2,23,0,,,,,,,,
32,2,24,1,1302,634,1031,489,,2242,,
20,2,24,0,,,,,,,,
0,2,24,0,,,,,,,,
35,2,25,0,,,,,,,,
67,2,25,2,1737,1001,1309,1062,1333,1274,,
0,2,25,0,,,,,,,,
43,2,26,1,1786,994,1026,773,600,792,,
8,2,26,0,,,,,,,,
0,2,26,0,,,,,,,,
28,2,27,0,,,,,,,,
23,2,27,2,1506,1474,1190,518,187,1685,,
0,2,27,0,,,,,,,,
15,2,28,1,2301,1151,2452,697,996,1533,,
15,2,28,0,,,,,,,,
0,2,28,0,,,,,,,,
24,2,29,0,,,,,,,,
37,2,29,2,2394,705,4516,1033,744,1286,,
0,2,29,0,,,,,,,,
27,2,30,1,1235,1858,1323,1577,797,620,,
29,2,30,0,,,,,,,,
0,2,30,0,,,,,,,,
59,2,31,0,,,,,,,,
26,2,31,2,1139,698,366,1288,626,861,,
0,2,31,0,,,,,,,,
5,2,32,1,1374,2713,,2458,865,544,,
63,2,32,0,,,,,,,,
0,2,32,0,,,,,,,,
36,3,1,1,1820,3528,,1946,569,1671,,
0,3,1,0,,,,,,,,
30,3,1,0,,,,,,,,
13,3,2,0,,,,,,,,
0,3,2,0,,,,,,,,
7,3,2,2,2349,3411,2559,2455,3838,8317,,
29,3,3,1,2804,,3930,1734,2360,3121,,
0,3,3,0,,,,,,,,
41,3,3,0,,,,,,,,
28,3,4,0,,,,,,,,
0,3,4,0,,,,,,,,
14,3,4,2,1123,2877,5966,1705,1499,6466,,
61,3,5,1,535,2789,1564,1709,2067,2361,,
0,3,5,0,,,,,,,,
20,3,5,0,,,,,,,,
44,3,6,0,,,,,,,,
0,3,6,0,,,,,,,,
9,3,6,2,1262,3163,2705,2095,575,894,,
48,3,7,1,1913,1290,1422,1407,422,3719,,
0,3,7,0,,,,,,,,
39,3,7,0,,,,,,,,
64,3,8,0,,,,,,,,
0,3,8,0,,,,,,,,
58,3,8,2,954,1636,1451,1110,407,2604,,
44,3,9,1,466,6181,,2525,427,5532,,
0,3,9,0,,,,,,,,
48,3,9,0,,,,,,,,
50,3,10,0,,,,,,,,
0,3,10,0,,,,,,,,
40,3,10,2,774,902,1122,2011,1961,3996,,
39,3,11,1,3554,1003,3725,648,,2433,,
34,3,11,0,,,,,,,,
0,3,11,0,,,,,,,,
55,3,12,0,,,,,,,,
67,3,12,2,543,2179,1205,2459,806,3177,,
0,3,12,0,,,,,,,,
35,3,13,1,2080,,4790,995,1282,4613,,
66,3,13,0,,,,,,,,
0,3,13,0,,,,,,,,
53,3,14,0,,,,,,,,
64,3,14,2,2111,1451,856,1124,347,5918,,
0,3,14,0,,,,,,,,
57,3,15,1,503,1247,1230,3520,918,2020,,
56,3,15,0,,,,,,,,
0,3,15,0,,,,,,,,
17,3,16,0,,,,,,,,
16,3,16,2,250,2817,1906,417,1610,3941,,
0,3,16,0,,,,,,,,
38,3,17,1,718,820,9398,1134,607,3522,,
6,3,17,0,,,,,,,,
0,3,17,0,,,,,,,,
33,3,18,0,,,,,,,,
19,3,18,2,1018,3219,2950,1877,695,2562,,
0,3,18,0,,,,,,,,
27,3,19,1,774,2232,7190,749,758,5383,,
52,3,19,0,,,,,,,,
0,3,19,0,,,,,,,,
46,3,20,0,,,,,,,,
47,3,20,2,1704,2903,1856,4146,549,3668,,
0,3,20,0,,,,,,,,
43,3,21,1,462,2220,269,878,835,2888,,
62,3,21,0,,,,,,,,
0,3,21,0,,,,,,,,
59,3,22,0,,,,,,,,
22,3,22,2,563,2316,,5105,1518,2185,,
0,3,22,0,,,,,,,,
68,3,23,1,562,1107,864,1953,1232,3348,,
54,3,23,0,,,,,,,,
0,3,23,0,,,,,,,,
32,3,24,0,,,,,,,,
6,3,24,2,1189,4824,5235,1284,1348,253,,
0,3,24,0,,,,,,,,
60,3,25,1,2538,,205,4043,1380,2589,,
67,3,25,0,,,,,,,,
0,3,25,0,,,,,,,,
43,3,26,0,,,,,,,,
33,3,26,2,3051,,1867,3209,762,840,,
0,3,26,0,,,,,,,,
66,3,27,1,3186,1065,1691,2251,1844,9339,,
23,3,27,0,,,,,,,,
0,3,27,0,,,,,,,,
15,3,28,0,,,,,,,,
42,3,28,2,857,988,2580,3067,3924,4607,,
0,3,28,0,,,,,,,,
13,3,29,1,1165,2747,905,4204,,7002,,
37,3,29,0,,,,,,,,
0,3,29,0,,,,,,,,
27,3,30,0,,,,,,,,
11,3,30,2,1331,2404,2178,1330,7680,2835,,
0,3,30,0,,,,,,,,
34,3,31,1,870,1547,1092,3903,1287,3111,,
26,3,31,0,,,,,,,,
0,3,31,0,,,,,,,,
5,3,32,0,,,,,,,,
24,3,32,2,1345,3516,1669,3627,1346,7124,,
0,3,32,0,,,,,,,,
36,4,1,0,,,,,,,,
0,4,1,0,,,,,,,,
60,4,1,2,3636,2173,552,1192,2782,1543,,
42,4,2,1,4271,1700,1514,131,922,1286,1587,
0,4,2,0,,,,,,,,
7,4,2,0,,,,,,,,
29,4,3,0,,,,,,,,
0,4,3,0,,,,,,,,
23,4,3,2,988,,8993,1350,473,2797,,
38,4,4,1,5482,3758,2856,1478,1070,1424,,
0,4,4,0,,,,,,,,
14,4,4,0,,,,,,,,
61,4,5,0,,,,,,,,
0,4,5,0,,,,,,,,
54,4,5,2,4202,1131,1493,1015,994,2186,,
43,4,6,1,12046,,1521,1534,2749,721,,
0,4,6,0,,,,,,,,
9,4,6,0,,,,,,,,
48,4,7,0,,,,,,,,
0,4,7,0,,,,,,,,
24,4,7,2,6590,1869,1731,1965,719,2286,,
18,4,8,1,4948,2906,2776,373,2869,4604,,
0,4,8,0,,,,,,,,
58,4,8,0,,,,,,,,
44,4,9,0,,,,,,,,
0,4,9,0,,,,,,,,
53,4,9,2,8573,123,3235,1167,1732,1420,,
13,4,10,1,3433,3482,2169,1886,2406,1996,,
0,4,10,0,,,,,,,,
40,4,10,0,,,,,,,,
39,4,11,0,,,,,,,,
57,4,11,2,5161,1611,925,257,2251,,,
0,4,11,0,,,,,,,,
65,4,12,1,3651,693,3995,2191,1515,1758,,
67,4,12,0,,,,,,,,
0,4,12,0,,,,,,,,
35,4,13,0,,,,,,,,
9,4,13,2,7444,4535,3684,2389,259,3807,,
0,4,13,0,,,,,,,,
61,4,14,1,5901,128,327,403,1553,582,,
64,4,14,0,,,,,,,,
0,4,14,0,,,,,,,,
57,4,15,0,,,,,,,,
39,4,15,2,4508,2477,1692,1511,1893,3398,,
0,4,15,0,,,,,,,,
20,4,16,1,2491,3067,2582,1847,2165,1016,,
16,4,16,0,,,,,,,,
0,4,16,0,,,,,,,,
38,4,17,0,,,,,,,,
12,4,17,2,1763,,,1920,1259,2915,,
0,4,17,0,,,,,,,,
55,4,18,1,2420,2658,2316,1226,403,2906,,
19,4,18,0,,,,,,,,
0,4,18,0,,,,,,,,
27,4,19,0,,,,,,,,
36,4,19,2,4377,2206,2032,189,1817,3577,,
0,4,19,0,,,,,,,,
62,4,20,1,3438,2217,1352,1928,1181,,,
47,4,20,0,,,,,,,,
0,4,20,0,,,,,,,,
43,4,21,0,,,,,,,,
32,4,21,2,4013,1358,562,,4464,1750,,
0,4,21,0,,,,,,,,
16,4,22,1,5732,3252,4575,2214,1539,2348,,
22,4,22,0,,,,,,,,
0,4,22,0,,,,,,,,
68,4,23,0,,,,,,,,
45,4,23,2,536,7414,946,516,1208,963,,
0,4,23,0,,,,,,,,
28,4,24,1,5569,1157,998,1496,,4306,,
6,4,24,0,,,,,,,,
0,4,24,0,,,,,,,,
60,4,25,0,,,,,,,,
22,4,25,2,6054,1317,138,984,2039,1861,,
0,4,25,0,,,,,,,,
17,4,26,1,,10960,1393,1673,2043,1197,,
33,4,26,0,,,,,,,,
0,4,26,0,,,,,,,,
66,4,27,0,,,,,,,,
15,4,27,2,4362,1537,3579,2619,647,5676,,
0,4,27,0,,,,,,,,
7,4,28,1,14163,1535,3891,5001,653,8836,,
42,4,28,0,,,,,,,,
0,4,28,0,,,,,,,,
13,4,29,0,,,,,,,,
59,4,29,2,4115,227,2774,2450,944,613,,
0,4,29,0,,,,,,,,
37,4,30,1,5529,1969,2824,1622,1852,836,,
11,4,30,0,,,,,,,,
0,4,30,0,,,,,,,,
34,4,31,0,,,,,,,,
48,4,31,2,6384,1314,2420,1339,1275,776,,
0,4,31,0,,,,,,,,
46,4,32,1,6078,7574,1168,325,714,534,,
24,4,32,0,,,,,,,,
0,4,32,0,,,,,,,,
41,5,1,1,1934,2664,1762,270,782,1725,,
0,5,1,0,,,,,,,,
60,5,1,0,,,,,,,,
42,5,2,0,,,,,,,,
0,5,2,0,,,,,,,,
5,5,2,2,3738,2067,1640,1839,1236,1613,,
8,5,3,1,2750,2681,1514,955,2290,2143,,
0,5,3,0,,,,,,,,
23,5,3,0,,,,,,,,
38,5,4,0,,,,,,,,
0,5,4,0,,,,,,,,
62,5,4,2,1104,1671,1400,,1508,2193,,
30,5,5,1,2978,,1307,697,,1570,,
0,5,5,0,,,,,,,,
54,5,5,0,,,,,,,,
43,5,6,0,,,,,,,,
0,5,6,0,,,,,,,,
17,5,6,2,2118,1521,1684,1084,654,1060,,
38,5,7,1,2458,1729,,1376,905,868,,
0,5,7,0,,,,,,,,
24,5,7,0,,,,,,,,
18,5,8,0,,,,,,,,
0,5,8,0,,,,,,,,
55,5,8,2,1801,353,861,808,951,772,,
21,5,9,1,2088,1637,1439,1028,744,849,,
0,5,9,0,,,,,,,,
53,5,9,0,,,,,,,,
13,5,10,0,,,,,,,,
0,5,10,0,,,,,,,,
24,5,10,2,1423,1426,1051,1289,1207,1169,,
35,5,11,1,2606,,3511,,754,843,,
57,5,11,0,,,,,,,,
0,5,11,0,,,,,,,,
65,5,12,0,,,,,,,,
7,5,12,2,1770,4058,1384,1597,1035,476,,
0,5,12,0,,,,,,,,
10,5,13,1,3718,1084,1920,1532,1328,515,,
9,5,13,0,,,,,,,,
0,5,13,0,,,,,,,,
61,5,14,0,,,,,,,,
12,5,14,2,83,4929,1694,990,819,745,,
0,5,14,0,,,,,,,,
32,5,15,1,1809,1010,1943,833,336,3406,,
39,5,15,0,,,,,,,,
0,5,15,0,,,,,,,,
20,5,16,0,,,,,,,,
47,5,16,2,4564,840,2753,,717,2597,,
0,5,16,0,,,,,,,,
16,5,17,1,1358,1386,1247,1868,1713,2752,,
12,5,17,0,,,,,,,,
0,5,17,0,,,,,,,,
55,5,18,0,,,,,,,,
29,5,18,2,85,,4335,719,,3209,,
0,5,18,0,,,,,,,,
64,5,19,1,2837,2054,2275,945,4974,965,,
36,5,19,0,,,,,,,,
0,5,19,0,,,,,,,,
62,5,20,0,,,,,,,,
13,5,20,2,2805,1616,1979,731,693,466,,
0,5,20,0,,,,,,,,
52,5,21,1,1898,946,85,2291,,2191,,
32,5,21,0,,,,,,,,
0,5,21,0,,,,,,,,
16,5,22,0,,,,,,,,
53,5,22,2,2002,1775,1776,514,207,1624,,
0,5,22,0,,,,,,,,
28,5,23,1,2822,,1995,681,830,1093,,
45,5,23,0,,,,,,,,
0,5,23,0,,,,,,,,
28,5,24,0,,,,,,,,
61,5,24,2,684,1480,507,173,956,1417,,
0,5,24,0,,,,,,,,
23,5,25,1,1694,2223,1693,1499,499,1193,,
22,5,25,0,,,,,,,,
0,5,25,0,,,,,,,,
17,5,26,0,,,,,,,,
46,5,26,2,2506,,1282,1063,1081,1752,,
0,5,26,0,,,,,,,,
15,5,27,1,740,4040,1039,923,1363,3730,,
15,5,27,0,,,,,,,,
0,5,27,0,,,,,,,,
7,5,28,0,,,,,,,,
37,5,28,2,2419,,3237,938,1457,2085,,
0,5,28,0,,,,,,,,
14,5,29,1,4443,1264,1340,564,3601,1029,,
59,5,29,0,,,,,,,,
0,5,29,0,,,,,,,,
37,5,30,0,,,,,,,,
59,5,30,2,2107,1773,876,922,821,1754,,
0,5,30,0,,,,,,,,
26,5,31,1,1187,1523,1814,,2030,1493,,
48,5,31,0,,,,,,,,
0,5,31,0,,,,,,,,
46,5,32,0,,,,,,,,
68,5,32,2,2725,445,1093,2043,836,621,1410,
0,5,32,0,,,,,,,,
41,6,1,0,,,,,,,,
0,6,1,0,,,,,,,,
16,6,1,2,716,7908,2271,3089,,8194,,
9,6,2,1,3021,4273,4400,4444,3601,3666,,
0,6,2,0,,,,,,,,
5,6,2,0,,,,,,,,
8,6,3,0,,,,,,,,
0,6,3,0,,,,,,,,
11,6,3,2,3360,2107,1942,2500,,9797,,
23,6,4,1,2293,2650,1249,11264,1665,3924,,
0,6,4,0,,,,,,,,
62,6,4,0,,,,,,,,
30,6,5,0,,,,,,,,
0,6,5,0,,,,,,,,
35,6,5,2,968,1667,2377,5726,1621,5066,,
39,6,6,1,5128,2513,2068,2690,2008,5318,,
0,6,6,0,,,,,,,,
17,6,6,0,,,,,,,,
38,6,7,0,,,,,,,,
0,6,7,0,,,,,,,,
64,6,7,2,2754,,6342,1563,2699,6183,,
19,6,8,1,2177,683,6011,2006,1843,6753,,
0,6,8,0,,,,,,,,
55,6,8,0,,,,,,,,
21,6,9,0,,,,,,,,
0,6,9,0,,,,,,,,
61,6,9,2,2113,2090,1676,1274,95,4814,,
25,6,10,1,95,5398,2148,2644,2891,3919,,
0,6,10,0,,,,,,,,
24,6,10,0,,,,,,,,
35,6,11,0,,,,,,,,
27,6,11,2,2681,2464,4337,1794,1342,3798,,
0,6,11,0,,,,,,,,
29,6,12,1,647,4419,1989,1875,,5852,,
7,6,12,0,,,,,,,,
0,6,12,0,,,,,,,,
10,6,13,0,,,,,,,,
15,6,13,2,826,1670,6230,3739,,12566,,
0,6,13,0,,,,,,,,
60,6,14,1,837,2948,1562,1650,2461,3087,,
12,6,14,0,,,,,,,,
0,6,14,0,,,,,,,,
32,6,15,0,,,,,,,,
48,6,15,2,602,4094,4577,3320,2076,1650,,
0,6,15,0,,,,,,,,
6,6,16,1,3762,4015,3813,4589,1257,3269,,
47,6,16,0,,,,,,,,
0,6,16,0,,,,,,,,
16,6,17,0,,,,,,,,
58,6,17,2,452,6990,2895,2000,237,5653,,
0,6,17,0,,,,,,,,
41,6,18,1,506,6214,3413,3903,1562,4731,,
29,6,18,0,,,,,,,,
0,6,18,0,,,,,,,,
64,6,19,0,,,,,,,,
51,6,19,2,3209,2675,3329,1754,2479,4042,,
0,6,19,0,,,,,,,,
43,6,20,1,677,6735,3981,3815,,5318,,
13,6,20,0,,,,,,,,
0,6,20,0,,,,,,,,
52,6,21,0,,,,,,,,
22,6,21,2,4065,,6048,3428,1809,4878,,
0,6,21,0,,,,,,,,
42,6,22,1,1200,3646,2738,1830,2215,2565,,
53,6,22,0,,,,,,,,
0,6,22,0,,,,,,,,
28,6,23,0,,,,,,,,
53,6,23,2,403,2788,3988,2945,1729,5805,,
0,6,23,0,,,,,,,,
54,6,24,1,4364,2560,2261,1694,,6799,,
61,6,24,0,,,,,,,,
0,6,24,0,,,,,,,,
23,6,25,0,,,,,,,,
5,6,25,2,5204,3528,3510,3324,,7403,,
0,6,25,0,,,,,,,,
44,6,26,1,3014,2151,2330,1597,1891,2001,,
46,6,26,0,,,,,,,,
0,6,26,0,,,,,,,,
15,6,27,0,,,,,,,,
62,6,27,2,3264,2418,3151,3169,562,4766,,
0,6,27,0,,,,,,,,
32,6,28,1,444,3481,6533,109,2176,9708,,
37,6,28,0,,,,,,,,
0,6,28,0,,,,,,,,
14,6,29,0,,,,,,,,
49,6,29,2,693,10774,2998,5723,2979,2270,,
0,6,29,0,,,,,,,,
50,6,30,1,2967,3787,3266,3887,3346,2994,,
59,6,30,0,,,,,,,,
0,6,30,0,,,,,,,,
26,6,31,0,,,,,,,,
18,6,31,2,2364,3142,4313,4719,1770,5075,,
0,6,31,0,,,,,,,,
59,6,32,1,2131,2682,1662,2466,1901,1425,,
68,6,32,0,,,,,,,,
0,6,32,0,,,,,,,,
59,7,1,1,2073,1604,1269,1085,,4412,,
0,7,1,0,,,,,,,,
16,7,1,0,,,,,,,,
9,7,2,0,,,,,,,,
0,7,2,0,,,,,,,,
54,7,2,2,2075,1757,1606,1209,2007,3032,,
47,7,3,1,2604,993,1028,163,,4185,,
0,7,3,0,,,,,,,,
11,7,3,0,,,,,,,,
23,7,4,0,,,,,,,,
0,7,4,0,,,,,,,,
35,7,4,2,1526,2385,1138,1072,196,2865,,
41,7,5,1,1890,951,941,797,1154,1382,,
0,7,5,0,,,,,,,,
35,7,5,0,,,,,,,,
39,7,6,0,,,,,,,,
0,7,6,0,,,,,,,,
45,7,6,2,1455,3231,1502,1137,973,,2759,
48,7,7,1,1720,1079,2051,1365,1460,1372,,
0,7,7,0,,,,,,,,
64,7,7,0,,,,,,,,
19,7,8,0,,,,,,,,
0,7,8,0,,,,,,,,
13,7,8,2,1012,2160,1349,861,533,3464,,
28,7,9,1,4382,1027,1724,666,205,8019,,
0,7,9,0,,,,,,,,
61,7,9,0,,,,,,,,
25,7,10,0,,,,,,,,
0,7,10,0,,,,,,,,
63,7,10,2,1072,1723,1216,710,885,1216,,
6,7,11,1,1662,1045,3060,1109,253,2534,,
27,7,11,0,,,,,,,,
0,7,11,0,,,,,,,,
29,7,12,0,,,,,,,,
9,7,12,2,1297,4250,1299,2030,178,1536,3279,
0,7,12,0,,,,,,,,
65,7,13,1,1645,1051,1258,1238,,4177,,
15,7,13,0,,,,,,,,
0,7,13,0,,,,,,,,
60,7,14,0,,,,,,,,
52,7,14,2,1174,1461,2821,899,1347,1907,,
0,7,14,0,,,,,,,,
15,7,15,1,1181,327,1701,891,1353,1809,,
48,7,15,0,,,,,,,,
0,7,15,0,,,,,,,,
6,7,16,0,,,,,,,,
20,7,16,2,1378,1680,875,1800,5845,932,,
0,7,16,0,,,,,,,,
53,7,17,1,2167,2065,1085,1854,906,2873,,
58,7,17,0,,,,,,,,
0,7,17,0,,,,,,,,
41,7,18,0,,,,,,,,
43,7,18,2,1301,2918,852,1415,627,2178,,
0,7,18,0,,,,,,,,
5,7,19,1,3105,2140,1269,1118,1541,3452,,
51,7,19,0,,,,,,,,
0,7,19,0,,,,,,,,
43,7,20,0,,,,,,,,
16,7,20,2,1552,2122,2329,1020,691,1173,,
0,7,20,0,,,,,,,,
39,7,21,1,1729,870,605,1065,1088,1505,,
22,7,21,0,,,,,,,,
0,7,21,0,,,,,,,,
42,7,22,0,,,,,,,,
57,7,22,2,1121,1115,1283,1163,913,2741,,
0,7,22,0,,,,,,,,
44,7,23,1,1581,1113,2242,630,1079,1545,,
53,7,23,0,,,,,,,,
0,7,23,0,,,,,,,,
54,7,24,0,,,,,,,,
55,7,24,2,1749,2573,1226,920,,6101,,
0,7,24,0,,,,,,,,
27,7,25,1,1271,911,791,1207,,5449,,
5,7,25,0,,,,,,,,
0,7,25,0,,,,,,,,
44,7,26,0,,,,,,,,
38,7,26,2,1467,1491,1162,1240,896,1521,,
0,7,26,0,,,,,,,,
7,7,27,1,,3595,5045,1157,231,2859,,
62,7,27,0,,,,,,,,
0,7,27,0,,,,,,,,
32,7,28,0,,,,,,,,
26,7,28,2,2495,1423,1375,1208,193,6351,,
0,7,28,0,,,,,,,,
37,7,29,1,2050,1923,2084,1151,198,6688,,
49,7,29,0,,,,,,,,
0,7,29,0,,,,,,,,
50,7,30,0,,,,,,,,
8,7,30,2,560,4703,1576,1833,1287,8139,,
0,7,30,0,,,,,,,,
12,7,31,1,1639,414,2612,1929,1129,1175,,
18,7,31,0,,,,,,,,
0,7,31,0,,,,,,,,
59,7,32,0,,,,,,,,
50,7,32,2,1158,1068,1875,697,1442,971,,
0,7,32,0,,,,,,,,
59,8,1,0,,,,,,,,
0,8,1,0,,,,,,,,
45,8,1,2,604,6450,770,,1024,7271,,
22,8,2,1,1252,2277,337,1139,1987,1151,6591,
0,8,2,0,,,,,,,,
54,8,2,0,,,,,,,,
47,8,3,0,,,,,,,,
0,8,3,0,,,,,,,,
48,8,3,2,1911,1877,453,223,994,4835,,
65,8,4,1,2073,3631,996,1185,,10072,,
0,8,4,0,,,,,,,,
35,8,4,0,,,,,,,,
41,8,5,0,,,,,,,,
0,8,5,0,,,,,,,,
40,8,5,2,1215,1756,506,487,388,12095,,
14,8,6,1,531,855,716,156,1047,5342,,
0,8,6,0,,,,,,,,
45,8,6,0,,,,,,,,
48,8,7,0,,,,,,,,
0,8,7,0,,,,,,,,
20,8,7,2,1952,378,711,,506,3562,,
26,8,8,1,3430,1573,1221,,213,1221,,
0,8,8,0,,,,,,,,
13,8,8,0,,,,,,,,
28,8,9,0,,,,,,,,
0,8,9,0,,,,,,,,
11,8,9,2,864,1538,3672,472,580,5473,,
50,8,10,1,691,,1611,1371,,669,5720,
0,8,10,0,,,,,,,,
63,8,10,0,,,,,,,,
6,8,11,0,,,,,,,,
62,8,11,2,1514,313,942,647,,4536,,
0,8,11,0,,,,,,,,
42,8,12,1,491,2541,770,965,,755,4652,
9,8,12,0,,,,,,,,
0,8,12,0,,,,,,,,
65,8,13,0,,,,,,,,
18,8,13,2,1917,1163,4419,210,666,473,4034,
0,8,13,0,,,,,,,,
55,8,14,1,712,,,3380,522,289,2038,
52,8,14,0,,,,,,,,
0,8,14,0,,,,,,,,
15,8,15,0,,,,,,,,
5,8,15,2,1115,932,1874,967,993,810,,
0,8,15,0,,,,,,,,
7,8,16,1,1161,558,6484,641,558,542,,
20,8,16,0,,,,,,,,
0,8,16,0,,,,,,,,
53,8,17,0,,,,,,,,
28,8,17,2,1479,831,2779,,748,15361,,
0,8,17,0,,,,,,,,
54,8,18,1,359,,5211,242,1601,6137,,
43,8,18,0,,,,,,,,
0,8,18,0,,,,,,,,
5,8,19,0,,,,,,,,
56,8,19,2,1881,,627,586,,5509,,
0,8,19,0,,,,,,,,
32,8,20,1,125,1262,1340,306,606,5806,,
16,8,20,0,,,,,,,,
0,8,20,0,,,,,,,,
39,8,21,0,,,,,,,,
57,8,21,2,117,2444,431,90,740,6899,,
0,8,21,0,,,,,,,,
13,8,22,1,747,1512,738,301,676,3753,,
57,8,22,0,,,,,,,,
0,8,22,0,,,,,,,,
44,8,23,0,,,,,,,,
58,8,23,2,849,2383,2227,1058,227,19197,,
0,8,23,0,,,,,,,,
67,8,24,1,1407,1613,1118,164,277,2392,,
55,8,24,0,,,,,,,,
0,8,24,0,,,,,,,,
27,8,25,0,,,,,,,,
34,8,25,2,947,1043,1898,512,,5267,,
0,8,25,0,,,,,,,,
59,8,26,1,1508,903,511,1104,383,12011,,
38,8,26,0,,,,,,,,
0,8,26,0,,,,,,,,
7,8,27,0,,,,,,,,
6,8,27,2,1522,713,,2017,161,1846,,
0,8,27,0,,,,,,,,
53,8,28,1,1455,2282,1963,,987,6241,,
26,8,28,0,,,,,,,,
0,8,28,0,,,,,,,,
37,8,29,0,,,,,,,,
37,8,29,2,459,2344,1030,,1116,6330,,
0,8,29,0,,,,,,,,
33,8,30,1,697,1209,2746,378,242,1753,,
8,8,30,0,,,,,,,,
0,8,30,0,,,,,,,,
12,8,31,0,,,,,,,,
63,8,31,2,1378,1666,1157,244,869,5228,,
0,8,31,0,,,,,,,,
30,8,32,1,692,1212,760,,1564,505,3181,
50,8,32,0,,,,,,,,
0,8,32,0,,,,,,,,
24,9,1,1,2040,1910,1808,1403,,2417,,
0,9,1,0,,,,,,,,
45,9,1,0,,,,,,,,
22,9,2,0,,,,,,,,
0,9,2,0,,,,,,,,
22,9,2,2,2326,2069,1903,1637,1507,832,,
66,9,3,1,2153,2403,2425,1763,,3703,,
0,9,3,0,,,,,,,,
48,9,3,0,,,,,,,,
65,9,4,0,,,,,,,,
0,9,4,0,,,,,,,,
41,9,4,2,3352,2978,1593,2008,1458,1796,,
59,9,5,1,2991,1744,2149,438,1418,2017,,
0,9,5,0,,,,,,,,
40,9,5,0,,,,,,,,
14,9,6,0,,,,,,,,
0,9,6,0,,,,,,,,
51,9,6,2,1610,2339,1904,1797,2520,445,,
63,9,7,1,2672,2039,2023,1685,195,4086,,
0,9,7,0,,,,,,,,
20,9,7,0,,,,,,,,
26,9,8,0,,,,,,,,
0,9,8,0,,,,,,,,
34,9,8,2,1487,1910,1724,1044,1270,514,,
49,9,9,1,1582,2378,2550,1456,270,4129,,
0,9,9,0,,,,,,,,
11,9,9,0,,,,,,,,
50,9,10,0,,,,,,,,
0,9,10,0,,,,,,,,
19,9,10,2,1358,1589,1498,1182,1337,845,,
69,9,11,1,1501,1261,2014,1833,260,2281,,
62,9,11,0,,,,,,,,
0,9,11,0,,,,,,,,
42,9,12,0,,,,,,,,
30,9,12,2,1425,2525,1852,2136,,2601,,
0,9,12,0,,,,,,,,
43,9,13,1,1810,1416,1323,3408,1337,1093,,
18,9,13,0,,,,,,,,
0,9,13,0,,,,,,,,
55,9,14,0,,,,,,,,
62,9,14,2,1544,996,1293,567,1648,530,,
0,9,14,0,,,,,,,,
54,9,15,1,1457,1066,1481,2041,1721,1019,,
5,9,15,0,,,,,,,,
0,9,15,0,,,,,,,,
7,9,16,0,,,,,,,,
40,9,16,2,1667,1538,2325,1854,999,986,,
0,9,16,0,,,,,,,,
37,9,17,1,1458,1693,2206,1613,857,1429,,
28,9,17,0,,,,,,,,
0,9,17,0,,,,,,,,
54,9,18,0,,,,,,,,
53,9,18,2,1923,1975,1820,1306,1251,1541,,
0,9,18,0,,,,,,,,
6,9,19,1,2714,3102,1916,1086,1618,1765,,
56,9,19,0,,,,,,,,
0,9,19,0,,,,,,,,
32,9,20,0,,,,,,,,
21,9,20,2,1661,2026,1395,3100,1099,912,,
0,9,20,0,,,,,,,,
16,9,21,1,1987,1109,1239,1546,,3486,,
57,9,21,0,,,,,,,,
0,9,21,0,,,,,,,,
13,9,22,0,,,,,,,,
38,9,22,2,1131,1508,1924,1131,1687,2236,,
0,9,22,0,,,,,,,,
58,9,23,1,2415,1441,1138,1330,1460,1061,,
58,9,23,0,,,,,,,,
0,9,23,0,,,,,,,,
67,9,24,0,,,,,,,,
56,9,24,2,2493,1803,1741,1485,283,2294,,
0,9,24,0,,,,,,,,
57,9,25,1,1901,3297,2035,1670,863,2227,,
34,9,25,0,,,,,,,,
0,9,25,0,,,,,,,,
59,9,26,0,,,,,,,,
5,9,26,2,2491,1831,1602,1873,1396,1817,,
0,9,26,0,,,,,,,,
10,9,27,1,2930,,4837,1910,154,3140,,
6,9,27,0,,,,,,,,
0,9,27,0,,,,,,,,
53,9,28,0,,,,,,,,
33,9,28,2,2173,1205,1967,2086,1418,1852,,
0,9,28,0,,,,,,,,
55,9,29,1,2321,2029,1912,1867,3322,1796,,
37,9,29,0,,,,,,,,
0,9,29,0,,,,,,,,
33,9,30,0,,,,,,,,
17,9,30,2,1968,1485,1622,1977,1263,1699,,
0,9,30,0,,,,,,,,
9,9,31,1,1963,3369,2439,2030,1231,1557,,
63,9,31,0,,,,,,,,
0,9,31,0,,,,,,,,
30,9,32,0,,,,,,,,
48,9,32,2,1872,1840,,5274,,3094,,
0,9,32,0,,,,,,,,
29,10,1,1,223,4035,839,230,1345,4546,,
0,10,1,0,,,,,,,,
45,10,1,0,,,,,,,,
22,10,2,0,,,,,,,,
0,10,2,0,,,,,,,,
19,10,2,2,1375,529,2018,1704,1765,,1730,
56,10,3,1,845,514,2834,1989,1979,922,,
0,10,3,0,,,,,,,,
48,10,3,0,,,,,,,,
65,10,4,0,,,,,,,,
0,10,4,0,,,,,,,,
58,10,4,2,322,1145,7636,690,865,2353,,
46,10,5,1,1016,839,819,582,174,1581,,
0,10,5,0,,,,,,,,
40,10,5,0,,,,,,,,
14,10,6,0,,,,,,,,
0,10,6,0,,,,,,,,
27,10,6,2,1029,1018,762,834,1189,854,,
51,10,7,1,410,756,2376,1173,1141,2744,,
0,10,7,0,,,,,,,,
20,10,7,0,,,,,,,,
26,10,8,0,,,,,,,,
0,10,8,0,,,,,,,,
63,10,8,2,1878,1110,873,642,3849,1333,,
9,10,9,1,1442,1818,1419,1760,,8231,,
0,10,9,0,,,,,,,,
11,10,9,0,,,,,,,,
50,10,10,0,,,,,,,,
0,10,10,0,,,,,,,,
34,10,10,2,1054,940,849,704,648,1467,,
45,10,11,1,1453,713,1239,589,307,1107,,
62,10,11,0,,,,,,,,
0,10,11,0,,,,,,,,
42,10,12,0,,,,,,,,
38,10,12,2,1396,2037,728,1108,503,,537,
0,10,12,0,,,,,,,,
16,10,13,1,712,2224,1031,980,,552,1754,
18,10,13,0,,,,,,,,
0,10,13,0,,,,,,,,
55,10,14,0,,,,,,,,
67,10,14,2,368,787,4765,1984,817,1585,,
0,10,14,0,,,,,,,,
42,10,15,1,293,589,1492,935,155,902,,
5,10,15,0,,,,,,,,
0,10,15,0,,,,,,,,
7,10,16,0,,,,,,,,
15,10,16,2,3750,3176,1171,723,535,658,,
0,10,16,0,,,,,,,,
61,10,17,1,196,1995,1823,707,665,1518,,
28,10,17,0,,,,,,,,
0,10,17,0,,,,,,,,
54,10,18,0,,,,,,,,
31,10,18,2,1161,504,2585,,1214,3329,,
0,10,18,0,,,,,,,,
55,10,19,1,972,1096,1088,3131,2309,3309,,
56,10,19,0,,,,,,,,
0,10,19,0,,,,,,,,
32,10,20,0,,,,,,,,
33,10,20,2,1519,120,1251,2948,583,2604,,
0,10,20,0,,,,,,,,
25,10,21,1,389,3151,4423,230,2641,1622,,
57,10,21,0,,,,,,,,
0,10,21,0,,,,,,,,
13,10,22,0,,,,,,,,
66,10,22,2,244,1627,1187,557,993,4393,,
0,10,22,0,,,,,,,,
40,10,23,1,852,373,2059,727,,2259,,
58,10,23,0,,,,,,,,
0,10,23,0,,,,,,,,
67,10,24,0,,,,,,,,
37,10,24,2,490,2340,780,468,,1385,,
0,10,24,0,,,,,,,,
14,10,25,1,1211,2111,1056,2466,709,580,,
34,10,25,0,,,,,,,,
0,10,25,0,,,,,,,,
59,10,26,0,,,,,,,,
65,10,26,2,803,3237,3704,1786,938,1064,,
0,10,26,0,,,,,,,,
36,10,27,1,2282,4455,1485,1293,151,4590,,
6,10,27,0,,,,,,,,
0,10,27,0,,,,,,,,
53,10,28,0,,,,,,,,
41,10,28,2,489,1066,1387,1851,1483,1909,,
0,10,28,0,,,,,,,,
44,10,29,1,1131,337,2580,904,686,1102,,
37,10,29,0,,,,,,,,
0,10,29,0,,,,,,,,
33,10,30,0,,,,,,,,
62,10,30,2,1377,1746,2435,1454,91,4859,,
0,10,30,0,,,,,,,,
60,10,31,1,799,4584,2533,603,,1513,,
63,10,31,0,,,,,,,,
0,10,31,0,,,,,,,,
30,10,32,0,,,,,,,,
26,10,32,2,681,2376,1863,1245,3280,2090,,
0,10,32,0,,,,,,,,
29,11,1,0,,,,,,,,
0,11,1,0,,,,,,,,
57,11,1,2,1792,886,813,1444,423,,,
47,11,2,1,,1189,2288,961,3362,464,1445,
0,11,2,0,,,,,,,,
19,11,2,0,,,,,,,,
56,11,3,0,,,,,,,,
0,11,3,0,,,,,,,,
6,11,3,2,,1252,1779,2107,,4425,,
39,11,4,1,1238,1433,1705,4602,188,,,
0,11,4,0,,,,,,,,
58,11,4,0,,,,,,,,
46,11,5,0,,,,,,,,
0,11,5,0,,,,,,,,
17,11,5,2,709,371,5271,937,1046,1630,,
10,11,6,1,2293,2156,2235,2205,2090,1022,1691,
0,11,6,0,,,,,,,,
27,11,6,0,,,,,,,,
51,11,7,0,,,,,,,,
0,11,7,0,,,,,,,,
33,11,7,2,1480,112,2489,326,754,3454,,
8,11,8,1,6487,1655,1721,138,3275,4985,,
0,11,8,0,,,,,,,,
63,11,8,0,,,,,,,,
9,11,9,0,,,,,,,,
0,11,9,0,,,,,,,,
59,11,9,2,814,1032,880,681,686,,2375,
26,11,10,1,968,2250,700,,916,966,1856,
0,11,10,0,,,,,,,,
34,11,10,0,,,,,,,,
45,11,11,0,,,,,,,,
46,11,11,2,1083,,767,2036,738,,2626,
0,11,11,0,,,,,,,,
68,11,12,1,534,,1430,383,729,921,1050,
38,11,12,0,,,,,,,,
0,11,12,0,,,,,,,,
16,11,13,0,,,,,,,,
45,11,13,2,2481,777,967,1176,1526,1856,,
0,11,13,0,,,,,,,,
42,11,14,1,1922,195,868,942,929,,2423,
67,11,14,0,,,,,,,,
0,11,14,0,,,,,,,,
42,11,15,0,,,,,,,,
41,11,15,2,1172,,1342,2349,1201,133,1941,
0,11,15,0,,,,,,,,
14,11,16,1,2843,4186,1786,1128,,2187,,
15,11,16,0,,,,,,,,
0,11,16,0,,,,,,,,
61,11,17,0,,,,,,,,
21,11,17,2,2846,3022,1588,1541,1833,1873,,
0,11,17,0,,,,,,,,
32,11,18,1,1260,1967,140,2238,1232,1707,,
31,11,18,0,,,,,,,,
0,11,18,0,,,,,,,,
55,11,19,0,,,,,,,,
12,11,19,2,1228,86,5603,,2319,3762,,
0,11,19,0,,,,,,,,
54,11,20,1,2813,1510,603,1716,,2072,,
33,11,20,0,,,,,,,,
0,11,20,0,,,,,,,,
25,11,21,0,,,,,,,,
16,11,21,2,3683,244,1670,837,1778,3714,,
0,11,21,0,,,,,,,,
55,11,22,1,637,389,1819,275,592,2551,,
66,11,22,0,,,,,,,,
0,11,22,0,,,,,,,,
40,11,23,0,,,,,,,,
24,11,23,2,1284,1147,,1394,999,2271,,
0,11,23,0,,,,,,,,
62,11,24,1,582,566,,2206,411,108,181,
37,11,24,0,,,,,,,,
0,11,24,0,,,,,,,,
14,11,25,0,,,,,,,,
66,11,25,2,542,306,2410,764,1024,2197,,
0,11,25,0,,,,,,,,
48,11,26,1,1190,1389,1267,1364,596,1281,,
65,11,26,0,,,,,,,,
0,11,26,0,,,,,,,,
36,11,27,0,,,,,,,,
67,11,27,2,713,1646,679,1029,456,176,,
0,11,27,0,,,,,,,,
25,11,28,1,753,566,2124,2835,415,322,,
41,11,28,0,,,,,,,,
0,11,28,0,,,,,,,,
44,11,29,0,,,,,,,,
19,11,29,2,1013,686,1835,4519,133,3189,,
0,11,29,0,,,,,,,,
31,11,30,1,870,2860,1455,508,677,2721,,
62,11,30,0,,,,,,,,
0,11,30,0,,,,,,,,
60,11,31,0,,,,,,,,
53,11,31,2,1997,1618,883,553,223,930,1402,
0,11,31,0,,,,,,,,
56,11,32,1,1758,1720,1302,1503,144,705,809,
26,11,32,0,,,,,,,,
0,11,32,0,,,,,,,,
57,12,1,1,1058,4402,1179,4716,,3466,,
0,12,1,0,,,,,,,,
57,12,1,0,,,,,,,,
47,12,2,0,,,,,,,,
0,12,2,0,,,,,,,,
25,12,2,2,760,4944,7001,3300,1456,2418,,
46,12,3,1,3281,2180,2428,3969,,3357,,
0,12,3,0,,,,,,,,
6,12,3,0,,,,,,,,
39,12,4,0,,,,,,,,
0,12,4,0,,,,,,,,
23,12,4,2,878,3752,1107,1439,1764,6645,,
10,12,5,1,2680,1012,557,5128,2239,1334,,
0,12,5,0,,,,,,,,
17,12,5,0,,,,,,,,
10,12,6,0,,,,,,,,
0,12,6,0,,,,,,,,
66,12,6,2,473,3929,254,2287,2168,142,,
18,12,7,1,1690,2713,2347,3812,1217,1724,,
0,12,7,0,,,,,,,,
33,12,7,0,,,,,,,,
8,12,8,0,,,,,,,,
0,12,8,0,,,,,,,,
32,12,8,2,1431,3154,1199,1258,1287,2294,,
8,12,9,1,1618,2578,2131,1031,164,3740,,
0,12,9,0,,,,,,,,
59,12,9,0,,,,,,,,
26,12,10,0,,,,,,,,
0,12,10,0,,,,,,,,
56,12,10,2,1545,2288,2152,1640,1583,657,,
20,12,11,1,2540,1662,3086,3147,1930,1700,,
46,12,11,0,,,,,,,,
0,12,11,0,,,,,,,,
68,12,12,0,,,,,,,,
51,12,12,2,1705,3753,2287,1673,,3733,,
0,12,12,0,,,,,,,,
49,12,13,1,4318,2660,2475,4784,,4917,,
45,12,13,0,,,,,,,,
0,12,13,0,,,,,,,,
42,12,14,0,,,,,,,,
31,12,14,2,2453,2310,2028,897,1221,941,,
0,12,14,0,,,,,,,,
7,12,15,1,1823,2007,1908,2874,5387,1440,,
41,12,15,0,,,,,,,,
0,12,15,0,,,,,,,,
14,12,16,0,,,,,,,,
67,12,16,2,1599,2945,1322,1852,854,851,,
0,12,16,0,,,,,,,,
14,12,17,1,2265,1542,2679,1194,1331,2885,,
21,12,17,0,,,,,,,,
0,12,17,0,,,,,,,,
32,12,18,0,,,,,,,,
22,12,18,2,2232,2861,4147,1568,1772,1773,,
0,12,18,0,,,,,,,,
12,12,19,1,1498,3437,4109,1009,1357,3724,,
12,12,19,0,,,,,,,,
0,12,19,0,,,,,,,,
54,12,20,0,,,,,,,,
42,12,20,2,1202,889,6643,1526,,3099,,
0,12,20,0,,,,,,,,
15,12,21,1,3322,,5339,2911,,3652,,
16,12,21,0,,,,,,,,
0,12,21,0,,,,,,,,
55,12,22,0,,,,,,,,
52,12,22,2,1861,1896,2204,1488,1147,3847,,
0,12,22,0,,,,,,,,
50,12,23,1,2335,2624,2251,1133,1096,1366,,
24,12,23,0,,,,,,,,
0,12,23,0,,,,,,,,
62,12,24,0,,,,,,,,
43,12,24,2,6137,1899,2714,1247,,4448,,
0,12,24,0,,,,,,,,
48,12,25,1,2766,2188,1360,3310,854,1841,,
66,12,25,0,,,,,,,,
0,12,25,0,,,,,,,,
48,12,26,0,,,,,,,,
65,12,26,2,2087,2610,2094,1317,2365,1075,,
0,12,26,0,,,,,,,,
63,12,27,1,2360,619,1326,3303,608,2210,,
67,12,27,0,,,,,,,,
0,12,27,0,,,,,,,,
25,12,28,0,,,,,,,,
54,12,28,2,3266,2796,1568,988,3999,3344,,
0,12,28,0,,,,,,,,
13,12,29,1,2282,3979,3072,1664,1984,1171,,
19,12,29,0,,,,,,,,
0,12,29,0,,,,,,,,
31,12,30,0,,,,,,,,
41,12,30,2,3926,2592,2577,3014,2030,1708,,
0,12,30,0,,,,,,,,
39,12,31,1,801,5219,2049,1010,1477,1412,,
53,12,31,0,,,,,,,,
0,12,31,0,,,,,,,,
56,12,32,0,,,,,,,,
53,12,32,2,1843,1936,4159,2022,1863,432,,
0,12,32,0,,,,,,,,
57,13,1,0,,,,,,,,
0,13,1,0,,,,,,,,
49,13,1,2,3167,4770,2343,1989,1140,1859,,
16,13,2,1,4536,2711,6309,2578,2095,7684,,
0,13,2,0,,,,,,,,
25,13,2,0,,,,,,,,
46,13,3,0,,,,,,,,
0,13,3,0,,,,,,,,
12,13,3,2,1886,2146,1778,2203,,4495,,
58,13,4,1,2664,3582,1522,1363,991,1004,,
0,13,4,0,,,,,,,,
23,13,4,0,,,,,,,,
10,13,5,0,,,,,,,,
0,13,5,0,,,,,,,,
5,13,5,2,4165,2762,14498,1644,3071,6112,,
22,13,6,1,1461,3610,1831,1889,1549,2321,,
0,13,6,0,,,,,,,,
66,13,6,0,,,,,,,,
18,13,7,0,,,,,,,,
0,13,7,0,,,,,,,,
14,13,7,2,4213,2250,2300,4602,6495,1407,,
35,13,8,1,1522,1854,2640,1291,2387,3181,,
0,13,8,0,,,,,,,,
32,13,8,0,,,,,,,,
8,13,9,0,,,,,,,,
0,13,9,0,,,,,,,,
26,13,9,2,2725,2193,1906,2438,545,6208,,
52,13,10,1,1227,2109,1972,1851,1307,1381,,
0,13,10,0,,,,,,,,
56,13,10,0,,,,,,,,
20,13,11,0,,,,,,,,
54,13,11,2,1638,4596,13565,1350,,2464,,
0,13,11,0,,,,,,,,
64,13,12,1,1244,2609,2871,2217,5404,2529,,
51,13,12,0,,,,,,,,
0,13,12,0,,,,,,,,
49,13,13,0,,,,,,,,
32,13,13,2,2527,1701,2640,2277,2529,2344,,
0,13,13,0,,,,,,,,
67,13,14,1,1690,1852,3968,3634,,3590,,
31,13,14,0,,,,,,,,
0,13,14,0,,,,,,,,
7,13,15,0,,,,,,,,
44,13,15,2,1188,1133,2966,2175,2016,2573,,
0,13,15,0,,,,,,,,
51,13,16,1,1491,1873,1369,1451,1013,,,
67,13,16,0,,,,,,,,
0,13,16,0,,,,,,,,
14,13,17,0,,,,,,,,
56,13,17,2,1925,3572,2473,1191,1555,5561,,
0,13,17,0,,,,,,,,
8,13,18,1,2130,5397,1896,4806,1786,2109,,
22,13,18,0,,,,,,,,
0,13,18,0,,,,,,,,
12,13,19,0,,,,,,,,
9,13,19,2,2490,6647,,5485,2224,3203,,
0,13,19,0,,,,,,,,
66,13,20,1,4348,2299,2179,2788,1273,12667,,
42,13,20,0,,,,,,,,
0,13,20,0,,,,,,,,
15,13,21,0,,,,,,,,
45,13,21,2,3293,2258,2337,1799,2132,1752,,
0,13,21,0,,,,,,,,
63,13,22,1,1919,1135,1058,1279,1673,2692,,
52,13,22,0,,,,,,,,
0,13,22,0,,,,,,,,
50,13,23,0,,,,,,,,
62,13,23,2,1741,3440,3307,1378,1450,2335,,
0,13,23,0,,,,,,,,
18,13,24,1,2765,1788,2091,1148,,3049,,
43,13,24,0,,,,,,,,
0,13,24,0,,,,,,,,
48,13,25,0,,,,,,,,
34,13,25,2,3665,2345,2016,3330,3103,8496,,
0,13,25,0,,,,,,,,
10,13,26,1,2289,2649,2532,5322,2196,5792,,
65,13,26,0,,,,,,,,
0,13,26,0,,,,,,,,
63,13,27,0,,,,,,,,
7,13,27,2,3113,2938,2934,1170,635,10888,,
0,13,27,0,,,,,,,,
33,13,28,1,7470,1716,1544,2717,,14056,,
54,13,28,0,,,,,,,,
0,13,28,0,,,,,,,,
13,13,29,0,,,,,,,,
55,13,29,2,7830,3124,6636,1767,1354,1340,,
0,13,29,0,,,,,,,,
20,13,30,1,3352,3372,2811,1923,1456,1840,,
41,13,30,0,,,,,,,,
0,13,30,0,,,,,,,,
39,13,31,0,,,,,,,,
24,13,31,2,4397,4415,3451,1636,1121,2179,,
0,13,31,0,,,,,,,,
57,13,32,1,1348,3239,1871,925,1118,1063,,
53,13,32,0,,,,,,,,
0,13,32,0,,,,,,,,
57,14,1,0,,,,,,,,
0,14,1,0,,,,,,,,
13,14,1,2,5221,2653,1238,2321,1083,1643,,
8,14,2,1,4599,6612,2948,2645,1546,3364,,
0,14,2,0,,,,,,,,
25,14,2,0,,,,,,,,
46,14,3,0,,,,,,,,
0,14,3,0,,,,,,,,
62,14,3,2,2788,444,8126,2461,1581,2254,,
11,14,4,1,3364,2851,5296,1549,1234,2640,410,
0,14,4,0,,,,,,,,
23,14,4,0,,,,,,,,
10,14,5,0,,,,,,,,
0,14,5,0,,,,,,,,
58,14,5,2,4980,,6862,,2634,1670,,
64,14,6,1,100,4507,4927,2861,245,827,,
0,14,6,0,,,,,,,,
66,14,6,0,,,,,,,,
18,14,7,0,,,,,,,,
0,14,7,0,,,,,,,,
35,14,7,2,5059,2667,4134,2855,1402,5446,,
55,14,8,1,1466,3015,4375,1246,1227,3418,,
0,14,8,0,,,,,,,,
32,14,8,0,,,,,,,,
8,14,9,0,,,,,,,,
0,14,9,0,,,,,,,,
50,14,9,2,1847,2611,1598,1339,569,3967,,
17,14,10,1,5569,1816,2080,1346,1292,3482,,
0,14,10,0,,,,,,,,
56,14,10,0,,,,,,,,
20,14,11,0,,,,,,,,
46,14,11,2,3211,803,3217,873,1695,1685,,
0,14,11,0,,,,,,,,
39,14,12,1,1294,3272,1528,1240,,2663,,
51,14,12,0,,,,,,,,
0,14,12,0,,,,,,,,
49,14,13,0,,,,,,,,
26,14,13,2,2426,2021,2035,1296,,4978,,
0,14,13,0,,,,,,,,
32,14,14,1,1872,6132,2857,1273,1091,1356,,
31,14,14,0,,,,,,,,
0,14,14,0,,,,,,,,
7,14,15,0,,,,,,,,
22,14,15,2,1687,2709,2840,1355,775,16083,,
0,14,15,0,,,,,,,,
23,14,16,1,2222,1423,7214,15389,919,1470,,
67,14,16,0,,,,,,,,
0,14,16,0,,,,,,,,
14,14,17,0,,,,,,,,
28,14,17,2,4397,3490,1313,1709,1026,5743,,
0,14,17,0,,,,,,,,
49,14,18,1,4016,11088,,,,12738,,
22,14,18,0,,,,,,,,
0,14,18,0,,,,,,,,
12,14,19,0,,,,,,,,
30,14,19,2,4696,1958,2045,1405,3570,3254,,
0,14,19,0,,,,,,,,
45,14,20,1,3161,4608,3085,3516,1308,1778,,
42,14,20,0,,,,,,,,
0,14,20,0,,,,,,,,
15,14,21,0,,,,,,,,
31,14,21,2,4742,3967,1618,1710,1830,2178,,
0,14,21,0,,,,,,,,
16,14,22,1,1285,1728,356,2662,1778,3147,,
52,14,22,0,,,,,,,,
0,14,22,0,,,,,,,,
50,14,23,0,,,,,,,,
61,14,23,2,2141,4594,2817,1512,910,2133,,
0,14,23,0,,,,,,,,
37,14,24,1,3152,3852,3022,931,,3649,,
43,14,24,0,,,,,,,,
0,14,24,0,,,,,,,,
48,14,25,0,,,,,,,,
38,14,25,2,3685,5010,1785,2243,3257,1113,,
0,14,25,0,,,,,,,,
40,14,26,1,5241,900,1461,1489,1237,1455,,
65,14,26,0,,,,,,,,
0,14,26,0,,,,,,,,
63,14,27,0,,,,,,,,
27,14,27,2,3048,1560,3096,1643,203,5270,,
0,14,27,0,,,,,,,,
66,14,28,1,3897,1865,3907,1825,1103,3075,,
54,14,28,0,,,,,,,,
0,14,28,0,,,,,,,,
13,14,29,0,,,,,,,,
5,14,29,2,3867,2148,3357,5779,6453,6344,,
0,14,29,0,,,,,,,,
10,14,30,1,,6945,22089,1588,1268,2772,,
41,14,30,0,,,,,,,,
0,14,30,0,,,,,,,,
39,14,31,0,,,,,,,,
53,14,31,2,1547,3711,,6386,1501,4195,,
0,14,31,0,,,,,,,,
54,14,32,1,2003,,11949,1538,5109,684,,
53,14,32,0,,,,,,,,
0,14,32,0,,,,,,,,
57,15,1,0,,,,,,,,
0,15,1,0,,,,,,,,
36,15,1,2,439,2334,2964,2006,,,,
24,15,2,1,1524,2486,2475,1202,1342,1359,,
0,15,2,0,,,,,,,,
25,15,2,0,,,,,,,,
46,15,3,0,,,,,,,,
0,15,3,0,,,,,,,,
14,15,3,2,2221,2085,2006,1247,,789,,
55,15,4,1,1639,1993,2158,1921,,2255,,
0,15,4,0,,,,,,,,
23,15,4,0,,,,,,,,
10,15,5,0,,,,,,,,
0,15,5,0,,,,,,,,
10,15,5,2,2095,1764,1893,1837,1572,2582,,
46,15,6,1,1561,1884,1962,2271,1123,3080,,
0,15,6,0,,,,,,,,
66,15,6,0,,,,,,,,
18,15,7,0,,,,,,,,
0,15,7,0,,,,,,,,
34,15,7,2,2083,1730,,3017,1120,2019,,
20,15,8,1,1026,1149,4293,877,1062,1570,,
0,15,8,0,,,,,,,,
32,15,8,0,,,,,,,,
8,15,9,0,,,,,,,,
0,15,9,0,,,,,,,,
48,15,9,2,1748,1314,1421,1171,,3836,,
52,15,10,1,1344,2873,301,3656,994,1114,,
0,15,10,0,,,,,,,,
56,15,10,0,,,,,,,,
20,15,11,0,,,,,,,,
56,15,11,2,1657,1260,4387,1124,196,2257,,
0,15,11,0,,,,,,,,
44,15,12,1,1413,2337,1523,1276,,2114,,
51,15,12,0,,,,,,,,
0,15,12,0,,,,,,,,
49,15,13,0,,,,,,,,
64,15,13,2,2271,1328,3055,1096,,2827,,
0,15,13,0,,,,,,,,
16,15,14,1,2003,1534,1909,1984,1057,1758,,
31,15,14,0,,,,,,,,
0,15,14,0,,,,,,,,
7,15,15,0,,,,,,,,
28,15,15,2,1037,2220,1351,2471,1565,2153,,
0,15,15,0,,,,,,,,
12,15,16,1,1216,3867,1357,1973,2833,1149,,
67,15,16,0,,,,,,,,
0,15,16,0,,,,,,,,
14,15,17,0,,,,,,,,
41,15,17,2,1611,2053,1659,1394,1236,4325,,
0,15,17,0,,,,,,,,
40,15,18,1,1420,2339,2044,1915,1097,1207,,
22,15,18,0,,,,,,,,
0,15,18,0,,,,,,,,
12,15,19,0,,,,,,,,
7,15,19,2,3227,1905,2793,1489,1302,3375,,
0,15,19,0,,,,,,,,
62,15,20,1,1820,1776,1297,817,957,858,,
42,15,20,0,,,,,,,,
0,15,20,0,,,,,,,,
15,15,21,0,,,,,,,,
51,15,21,2,1472,1332,1013,2758,1616,1222,,
0,15,21,0,,,,,,,,
38,15,22,1,1241,1790,1383,1393,1710,1693,,
52,15,22,0,,,,,,,,
0,15,22,0,,,,,,,,
50,15,23,0,,,,,,,,
13,15,23,2,2873,1704,1693,884,2764,2405,,
0,15,23,0,,,,,,,,
58,15,24,1,2483,1905,940,1060,,3282,,
43,15,24,0,,,,,,,,
0,15,24,0,,,,,,,,
48,15,25,0,,,,,,,,
61,15,25,2,1637,1357,1587,1813,1628,1222,,
0,15,25,0,,,,,,,,
47,15,26,1,2418,1401,1699,1532,1354,2362,,
65,15,26,0,,,,,,,,
0,15,26,0,,,,,,,,
63,15,27,0,,,,,,,,
9,15,27,2,3707,2238,625,3966,,4239,,
0,15,27,0,,,,,,,,
42,15,28,1,2756,1306,1644,1557,241,5337,,
54,15,28,0,,,,,,,,
0,15,28,0,,,,,,,,
13,15,29,0,,,,,,,,
17,15,29,2,2971,2181,370,3210,1595,1682,,
0,15,29,0,,,,,,,,
19,15,30,1,3595,427,4533,2398,1545,1896,,
41,15,30,0,,,,,,,,
0,15,30,0,,,,,,,,
39,15,31,0,,,,,,,,
60,15,31,2,1246,2074,1746,1235,1148,6151,,
0,15,31,0,,,,,,,,
39,15,32,1,1620,2150,1796,1897,1060,861,,
53,15,32,0,,,,,,,,
0,15,32,0,,,,,,,,
57,16,1,0,,,,,,,,
0,16,1,0,,,,,,,,
54,16,1,2,1461,578,3163,563,1459,1649,,
41,16,2,1,3407,,2561,3244,1180,1033,,
0,16,2,0,,,,,,,,
25,16,2,0,,,,,,,,
46,16,3,0,,,,,,,,
0,16,3,0,,,,,,,,
33,16,3,2,2016,1626,1393,1580,,,,
63,16,4,1,1638,169,1946,2277,1391,2071,,
0,16,4,0,,,,,,,,
23,16,4,0,,,,,,,,
10,16,5,0,,,,,,,,
0,16,5,0,,,,,,,,
45,16,5,2,1408,,1466,2430,1133,1538,,
62,16,6,1,1689,109,2363,1194,1965,791,,
0,16,6,0,,,,,,,,
66,16,6,0,,,,,,,,
18,16,7,0,,,,,,,,
0,16,7,0,,,,,,,,
64,16,7,2,1693,,1411,3607,,4423,,
16,16,8,1,541,2057,936,1070,1330,1227,,
0,16,8,0,,,,,,,,
32,16,8,0,,,,,,,,
8,16,9,0,,,,,,,,
0,16,9,0,,,,,,,,
14,16,9,2,2069,2601,1190,1818,214,2507,,
21,16,10,1,1820,2518,1427,2566,2881,1726,,
0,16,10,0,,,,,,,,
56,16,10,0,,,,,,,,
20,16,11,0,,,,,,,,
37,16,11,2,1573,1267,,3229,,2005,,
0,16,11,0,,,,,,,,
19,16,12,1,1183,2050,1257,1380,,2045,,
51,16,12,0,,,,,,,,
0,16,12,0,,,,,,,,
49,16,13,0,,,,,,,,
44,16,13,2,1973,124,1779,3355,1056,789,,
0,16,13,0,,,,,,,,
35,16,14,1,1608,1492,1681,1346,844,824,,
31,16,14,0,,,,,,,,
0,16,14,0,,,,,,,,
7,16,15,0,,,,,,,,
7,16,15,2,1386,1823,908,759,1497,871,,
0,16,15,0,,,,,,,,
17,16,16,1,1784,1862,1769,1038,855,967,,
67,16,16,0,,,,,,,,
0,16,16,0,,,,,,,,
14,16,17,0,,,,,,,,
22,16,17,2,521,2943,1045,958,1925,1323,,
0,16,17,0,,,,,,,,
27,16,18,1,1079,2136,1888,1955,1428,1134,,
22,16,18,0,,,,,,,,
0,16,18,0,,,,,,,,
12,16,19,0,,,,,,,,
57,16,19,2,2034,,1889,1505,3164,2036,,
0,16,19,0,,,,,,,,
39,16,20,1,1668,361,1847,3652,825,896,,
42,16,20,0,,,,,,,,
0,16,20,0,,,,,,,,
15,16,21,0,,,,,,,,
28,16,21,2,1622,1910,1228,1224,1316,1001,,
0,16,21,0,,,,,,,,
50,16,22,1,1160,297,872,2974,1075,1636,,
52,16,22,0,,,,,,,,
0,16,22,0,,,,,,,,
50,16,23,0,,,,,,,,
52,16,23,2,1309,293,2076,1051,1020,1454,,
0,16,23,0,,,,,,,,
12,16,24,1,381,3034,1392,1238,,3000,,
43,16,24,0,,,,,,,,
0,16,24,0,,,,,,,,
48,16,25,0,,,,,,,,
11,16,25,2,1680,1603,1477,1565,1003,1596,,
0,16,25,0,,,,,,,,
42,16,26,1,,,3159,1208,996,1111,,
65,16,26,0,,,,,,,,
0,16,26,0,,,,,,,,
63,16,27,0,,,,,,,,
56,16,27,2,1332,,1463,4354,2816,1360,,
0,16,27,0,,,,,,,,
13,16,28,1,3184,1390,1411,1969,183,4191,,
54,16,28,0,,,,,,,,
0,16,28,0,,,,,,,,
13,16,29,0,,,,,,,,
6,16,29,2,2223,1920,2134,1441,1341,1425,,
0,16,29,0,,,,,,,,
61,16,30,1,1824,415,2323,1646,499,2262,,
41,16,30,0,,,,,,,,
0,16,30,0,,,,,,,,
39,16,31,0,,,,,,,,
5,16,31,2,2724,1667,2480,1669,1320,1867,,
0,16,31,0,,,,,,,,
53,16,32,1,1621,,2264,1153,1053,922,,
53,16,32,0,,,,,,,,
0,16,32,0,,,,,,,,
57,17,1,0,,,,,,,,
0,17,1,0,,,,,,,,
35,17,1,2,2247,3172,1078,1659,,2129,,
32,17,2,1,2117,1955,1718,994,4896,5315,,
0,17,2,0,,,,,,,,
25,17,2,0,,,,,,,,
46,17,3,0,,,,,,,,
0,17,3,0,,,,,,,,
18,17,3,2,1342,973,1031,1617,776,2310,,
66,17,4,1,1857,1769,1850,1050,1301,2098,,
0,17,4,0,,,,,,,,
23,17,4,0,,,,,,,,
10,17,5,0,,,,,,,,
0,17,5,0,,,,,,,,
47,17,5,2,948,1023,1044,692,584,641,,
5,17,6,1,1448,2132,1676,1238,1542,1879,,
0,17,6,0,,,,,,,,
66,17,6,0,,,,,,,,
18,17,7,0,,,,,,,,
0,17,7,0,,,,,,,,
13,17,7,2,1726,2420,1718,1042,1075,1132,,
30,17,8,1,736,759,1416,696,716,3549,,
0,17,8,0,,,,,,,,
32,17,8,0,,,,,,,,
8,17,9,0,,,,,,,,
0,17,9,0,,,,,,,,
27,17,9,2,1076,1804,967,426,,2309,,
49,17,10,1,1195,1424,1686,1632,1426,853,,
0,17,10,0,,,,,,,,
56,17,10,0,,,,,,,,
20,17,11,0,,,,,,,,
15,17,11,2,3663,1958,2350,1520,1514,1674,,
0,17,11,0,,,,,,,,
12,17,12,1,1961,3490,2888,2690,1640,1120,,
51,17,12,0,,,,,,,,
0,17,12,0,,,,,,,,
49,17,13,0,,,,,,,,
44,17,13,2,888,655,911,1677,985,547,,
0,17,13,0,,,,,,,,
64,17,14,1,745,869,1137,663,554,459,,
31,17,14,0,,,,,,,,
0,17,14,0,,,,,,,,
7,17,15,0,,,,,,,,
20,17,15,2,802,1017,2145,562,1436,704,,
0,17,15,0,,,,,,,,
41,17,16,1,1102,1158,1305,676,603,543,,
67,17,16,0,,,,,,,,
0,17,16,0,,,,,,,,
14,17,17,0,,,,,,,,
51,17,17,2,2330,1800,3036,825,645,2060,,
0,17,17,0,,,,,,,,
52,17,18,1,1242,1786,1657,826,1085,930,,
22,17,18,0,,,,,,,,
0,17,18,0,,,,,,,,
12,17,19,0,,,,,,,,
7,17,19,2,2575,2214,3895,1497,1192,2607,,
0,17,19,0,,,,,,,,
26,17,20,1,4331,2049,1638,1774,1708,3408,,
42,17,20,0,,,,,,,,
0,17,20,0,,,,,,,,
15,17,21,0,,,,,,,,
58,17,21,2,1347,701,679,736,1178,325,,
0,17,21,0,,,,,,,,
55,17,22,1,,,2713,978,606,549,,
52,17,22,0,,,,,,,,
0,17,22,0,,,,,,,,
50,17,23,0,,,,,,,,
42,17,23,2,94,,3295,3084,4402,2784,,
0,17,23,0,,,,,,,,
40,17,24,1,4129,994,713,497,,2677,,
43,17,24,0,,,,,,,,
0,17,24,0,,,,,,,,
48,17,25,0,,,,,,,,
23,17,25,2,1237,2970,1778,2096,,5115,,
0,17,25,0,,,,,,,,
34,17,26,1,1019,3587,2158,1496,3099,470,,
65,17,26,0,,,,,,,,
0,17,26,0,,,,,,,,
63,17,27,0,,,,,,,,
56,17,27,2,2688,1852,3212,495,216,1853,,
0,17,27,0,,,,,,,,
29,17,28,1,1410,3753,2209,543,1067,2550,,
54,17,28,0,,,,,,,,
0,17,28,0,,,,,,,,
13,17,29,0,,,,,,,,
45,17,29,2,979,4231,2929,768,687,1215,,
0,17,29,0,,,,,,,,
62,17,30,1,1531,3084,1205,885,732,415,,
41,17,30,0,,,,,,,,
0,17,30,0,,,,,,,,
39,17,31,0,,,,,,,,
63,17,31,2,1036,939,817,364,1008,2434,,
0,17,31,0,,,,,,,,
46,17,32,1,1485,2469,2923,1290,783,1220,,
53,17,32,0,,,,,,,,
0,17,32,0,,,,,,,,
