seq,subj,item,cond,R1,R2,R3,R4,R5,R6,R7,R8
0,1,1,0,,,,,,,,
0,1,1,0,,,,,,,,
50,1,1,2,2670,3047,1017,954,2137,,,
16,1,2,1,3677,1405,880,1045,,,,
0,1,2,0,,,,,,,,
0,1,2,0,,,,,,,,
0,1,3,0,,,,,,,,
0,1,3,0,,,,,,,,
12,1,3,2,974,,1340,1549,2328,,,
59,1,4,1,1444,3243,,252,1343,,,
0,1,4,0,,,,,,,,
0,1,4,0,,,,,,,,
0,1,5,0,,,,,,,,
0,1,5,0,,,,,,,,
5,1,5,2,1467,1636,346,184,,,,
22,1,6,1,1000,1161,4765,,,,,
0,1,6,0,,,,,,,,
0,1,6,0,,,,,,,,
0,1,7,0,,,,,,,,
0,1,7,0,,,,,,,,
14,1,7,2,1405,2041,894,1720,1334,,,
36,1,8,1,256,287,,,,,,
0,1,8,0,,,,,,,,
0,1,8,0,,,,,,,,
0,1,9,0,,,,,,,,
0,1,9,0,,,,,,,,
27,1,9,2,3566,1439,1086,2892,3228,,,
53,1,10,1,,2254,,,,,,
0,1,10,0,,,,,,,,
0,1,10,0,,,,,,,,
0,1,11,0,,,,,,,,
55,1,11,2,512,1968,242,92,,,,
0,1,11,0,,,,,,,,
65,1,12,1,1335,3400,1839,1670,,,,
0,1,12,0,,,,,,,,
0,1,12,0,,,,,,,,
0,1,13,0,,,,,,,,
33,1,13,2,1112,1899,1433,,1438,,,
0,1,13,0,,,,,,,,
68,1,14,1,390,229,508,961,1472,816,,
0,1,14,0,,,,,,,,
0,1,14,0,,,,,,,,
0,1,15,0,,,,,,,,
45,1,15,2,715,972,1420,,,,,
0,1,15,0,,,,,,,,
52,1,16,1,2790,1617,310,99,,,,
0,1,16,0,,,,,,,,
0,1,16,0,,,,,,,,
0,1,17,0,,,,,,,,
57,1,17,2,,2316,750,,,,,
0,1,17,0,,,,,,,,
8,1,18,1,1465,2617,,1215,,,,
0,1,18,0,,,,,,,,
0,1,18,0,,,,,,,,
0,1,19,0,,,,,,,,
9,1,19,2,1108,2112,1813,,890,,,
0,1,19,0,,,,,,,,
67,1,20,1,6641,4504,108,,1327,1271,,
0,1,20,0,,,,,,,,
0,1,20,0,,,,,,,,
0,1,21,0,,,,,,,,
46,1,21,2,,,384,493,,,,
0,1,21,0,,,,,,,,
64,1,22,1,584,409,208,1455,184,,,
0,1,22,0,,,,,,,,
0,1,22,0,,,,,,,,
0,1,23,0,,,,,,,,
63,1,23,2,389,709,,777,217,,,
0,1,23,0,,,,,,,,
18,1,24,1,1168,2109,2304,,952,,,
0,1,24,0,,,,,,,,
0,1,24,0,,,,,,,,
0,1,25,0,,,,,,,,
35,1,25,2,,,,,,,,
0,1,25,0,,,,,,,,
10,1,26,1,1265,4143,,3901,1047,,,
0,1,26,0,,,,,,,,
0,1,26,0,,,,,,,,
0,1,27,0,,,,,,,,
7,1,27,2,1151,370,3830,3265,2227,,,
0,1,27,0,,,,,,,,
34,1,28,1,757,1302,1946,976,,,,
0,1,28,0,,,,,,,,
0,1,28,0,,,,,,,,
0,1,29,0,,,,,,,,
56,1,29,2,3004,1202,350,521,,,,
0,1,29,0,,,,,,,,
20,1,30,1,2972,2708,2505,1512,1703,,,
0,1,30,0,,,,,,,,
0,1,30,0,,,,,,,,
0,1,31,0,,,,,,,,
24,1,31,2,1423,3204,1872,1921,631,,,
0,1,31,0,,,,,,,,
58,1,32,1,1230,2395,1013,1403,732,,,
0,1,32,0,,,,,,,,
0,1,32,0,,,,,,,,
0,2,1,0,,,,,,,,
0,2,1,0,,,,,,,,
13,2,1,2,,120,,,1310,,,
8,2,2,1,,,,,,,,
0,2,2,0,,,,,,,,
0,2,2,0,,,,,,,,
0,2,3,0,,,,,,,,
0,2,3,0,,,,,,,,
61,2,3,2,,,,,,,,
11,2,4,1,,141,,,1533,,,
0,2,4,0,,,,,,,,
0,2,4,0,,,,,,,,
0,2,5,0,,,,,,,,
0,2,5,0,,,,,,,,
57,2,5,2,1066,,,,,,,
63,2,6,1,,81,,,123,,,
0,2,6,0,,,,,,,,
0,2,6,0,,,,,,,,
0,2,7,0,,,,,,,,
0,2,7,0,,,,,,,,
35,2,7,2,,,,,,,,
54,2,8,1,,,,,,,,
0,2,8,0,,,,,,,,
0,2,8,0,,,,,,,,
0,2,9,0,,,,,,,,
0,2,9,0,,,,,,,,
49,2,9,2,180,835,1074,544,,,,
17,2,10,1,,,,,,,,
0,2,10,0,,,,,,,,
0,2,10,0,,,,,,,,
0,2,11,0,,,,,,,,
45,2,11,2,281,391,,251,1398,,,
0,2,11,0,,,,,,,,
39,2,12,1,,1442,,136,,,,
0,2,12,0,,,,,,,,
0,2,12,0,,,,,,,,
0,2,13,0,,,,,,,,
26,2,13,2,,,,291,407,,,
0,2,13,0,,,,,,,,
32,2,14,1,,,,553,355,,,
0,2,14,0,,,,,,,,
0,2,14,0,,,,,,,,
0,2,15,0,,,,,,,,
22,2,15,2,,,,161,,,,
0,2,15,0,,,,,,,,
23,2,16,1,,,,,,,,
0,2,16,0,,,,,,,,
0,2,16,0,,,,,,,,
0,2,17,0,,,,,,,,
28,2,17,2,,,,304,385,,,
0,2,17,0,,,,,,,,
48,2,18,1,,,,,,,,
0,2,18,0,,,,,,,,
0,2,18,0,,,,,,,,
0,2,19,0,,,,,,,,
30,2,19,2,,,480,,,,,
0,2,19,0,,,,,,,,
44,2,20,1,,,,558,,,,
0,2,20,0,,,,,,,,
0,2,20,0,,,,,,,,
0,2,21,0,,,,,,,,
31,2,21,2,351,,,,,,,
0,2,21,0,,,,,,,,
16,2,22,1,1843,2029,1583,1141,1696,,,
0,2,22,0,,,,,,,,
0,2,22,0,,,,,,,,
0,2,23,0,,,,,,,,
60,2,23,2,,,,,,,,
0,2,23,0,,,,,,,,
37,2,24,1,,,,,857,,,
0,2,24,0,,,,,,,,
0,2,24,0,,,,,,,,
0,2,25,0,,,,,,,,
38,2,25,2,,,,,,,,
0,2,25,0,,,,,,,,
40,2,26,1,1366,,,,,,,
0,2,26,0,,,,,,,,
0,2,26,0,,,,,,,,
0,2,27,0,,,,,,,,
27,2,27,2,324,164,,164,,,,
0,2,27,0,,,,,,,,
65,2,28,1,944,1383,,,1095,,,
0,2,28,0,,,,,,,,
0,2,28,0,,,,,,,,
0,2,29,0,,,,,,,,
5,2,29,2,304,172,,,,,,
0,2,29,0,,,,,,,,
10,2,30,1,,,,,,,,
0,2,30,0,,,,,,,,
0,2,30,0,,,,,,,,
0,2,31,0,,,,,,,,
52,2,31,2,,,,,,,,
0,2,31,0,,,,,,,,
53,2,32,1,,,,,,,,
0,2,32,0,,,,,,,,
0,2,32,0,,,,,,,,
0,3,1,0,,,,,,,,
0,3,1,0,,,,,,,,
17,3,1,2,106,207,,,,,,
37,3,2,1,984,,301,,,,,
0,3,2,0,,,,,,,,
0,3,2,0,,,,,,,,
0,3,3,0,,,,,,,,
0,3,3,0,,,,,,,,
42,3,3,2,142,,,180,,,,
60,3,4,1,140,,,397,,,,
0,3,4,0,,,,,,,,
0,3,4,0,,,,,,,,
0,3,5,0,,,,,,,,
0,3,5,0,,,,,,,,
66,3,5,2,,,,108,,,,
48,3,6,1,,179,135,,,,,
0,3,6,0,,,,,,,,
0,3,6,0,,,,,,,,
0,3,7,0,,,,,,,,
0,3,7,0,,,,,,,,
29,3,7,2,313,,,190,,,,
51,3,8,1,,137,123,,350,,,
0,3,8,0,,,,,,,,
0,3,8,0,,,,,,,,
0,3,9,0,,,,,,,,
0,3,9,0,,,,,,,,
13,3,9,2,289,1155,,306,,,,
54,3,10,1,1075,,,,,,,
0,3,10,0,,,,,,,,
0,3,10,0,,,,,,,,
0,3,11,0,,,,,,,,
6,3,11,2,,280,,198,508,,,
0,3,11,0,,,,,,,,
20,3,12,1,131,,,,,,,
0,3,12,0,,,,,,,,
0,3,12,0,,,,,,,,
0,3,13,0,,,,,,,,
44,3,13,2,815,,,,,,,
0,3,13,0,,,,,,,,
23,3,14,1,221,,,184,,,,
0,3,14,0,,,,,,,,
0,3,14,0,,,,,,,,
0,3,15,0,,,,,,,,
27,3,15,2,,191,,221,,,,
0,3,15,0,,,,,,,,
41,3,16,1,,,585,,,,,
0,3,16,0,,,,,,,,
0,3,16,0,,,,,,,,
0,3,17,0,,,,,,,,
56,3,17,2,,,157,,374,,,
0,3,17,0,,,,,,,,
65,3,18,1,,,,,,,,
0,3,18,0,,,,,,,,
0,3,18,0,,,,,,,,
0,3,19,0,,,,,,,,
47,3,19,2,491,,1369,935,193,,,
0,3,19,0,,,,,,,,
63,3,20,1,1188,368,268,,,,,
0,3,20,0,,,,,,,,
0,3,20,0,,,,,,,,
0,3,21,0,,,,,,,,
10,3,21,2,,,,,,,,
0,3,21,0,,,,,,,,
19,3,22,1,,226,182,161,,,,
0,3,22,0,,,,,,,,
0,3,22,0,,,,,,,,
0,3,23,0,,,,,,,,
33,3,23,2,227,,,,,,,
0,3,23,0,,,,,,,,
68,3,24,1,,,,348,544,,,
0,3,24,0,,,,,,,,
0,3,24,0,,,,,,,,
0,3,25,0,,,,,,,,
59,3,25,2,845,,,,,,,
0,3,25,0,,,,,,,,
28,3,26,1,1333,,,,,,,
0,3,26,0,,,,,,,,
0,3,26,0,,,,,,,,
0,3,27,0,,,,,,,,
50,3,27,2,405,601,,146,498,,,
0,3,27,0,,,,,,,,
39,3,28,1,148,,148,192,,,,
0,3,28,0,,,,,,,,
0,3,28,0,,,,,,,,
0,3,29,0,,,,,,,,
21,3,29,2,464,,581,623,,,,
0,3,29,0,,,,,,,,
35,3,30,1,396,,165,,,,,
0,3,30,0,,,,,,,,
0,3,30,0,,,,,,,,
0,3,31,0,,,,,,,,
53,3,31,2,,,,878,499,,,
0,3,31,0,,,,,,,,
36,3,32,1,613,,,191,188,,,
0,3,32,0,,,,,,,,
0,3,32,0,,,,,,,,
0,4,1,0,,,,,,,,
0,4,1,0,,,,,,,,
49,4,1,2,,,,,,,,
43,4,2,1,,,,,,,,
0,4,2,0,,,,,,,,
0,4,2,0,,,,,,,,
0,4,3,0,,,,,,,,
0,4,3,0,,,,,,,,
35,4,3,2,,,667,82,2208,,,
55,4,4,1,,,,,2190,,,
0,4,4,0,,,,,,,,
0,4,4,0,,,,,,,,
0,4,5,0,,,,,,,,
0,4,5,0,,,,,,,,
6,4,5,2,,,266,,,,,
18,4,6,1,,,,86,,,,
0,4,6,0,,,,,,,,
0,4,6,0,,,,,,,,
0,4,7,0,,,,,,,,
0,4,7,0,,,,,,,,
24,4,7,2,,,,,,,,
32,4,8,1,598,,,,,,,
0,4,8,0,,,,,,,,
0,4,8,0,,,,,,,,
0,4,9,0,,,,,,,,
0,4,9,0,,,,,,,,
30,4,9,2,,,,,2385,,,
13,4,10,1,332,119,1499,,,,,
0,4,10,0,,,,,,,,
0,4,10,0,,,,,,,,
0,4,11,0,,,,,,,,
40,4,11,2,278,,,,950,,,
0,4,11,0,,,,,,,,
11,4,12,1,245,,1180,,1567,,,
0,4,12,0,,,,,,,,
0,4,12,0,,,,,,,,
0,4,13,0,,,,,,,,
64,4,13,2,,,,,2180,,,
0,4,13,0,,,,,,,,
46,4,14,1,406,,,,,,,
0,4,14,0,,,,,,,,
0,4,14,0,,,,,,,,
0,4,15,0,,,,,,,,
34,4,15,2,,,153,145,372,,,
0,4,15,0,,,,,,,,
26,4,16,1,274,,,,189,1200,,
0,4,16,0,,,,,,,,
0,4,16,0,,,,,,,,
0,4,17,0,,,,,,,,
47,4,17,2,1935,,,,,,,
0,4,17,0,,,,,,,,
57,4,18,1,223,,,,,,,
0,4,18,0,,,,,,,,
0,4,18,0,,,,,,,,
0,4,19,0,,,,,,,,
29,4,19,2,2953,,,,,,,
0,4,19,0,,,,,,,,
65,4,20,1,168,,,,,,,
0,4,20,0,,,,,,,,
0,4,20,0,,,,,,,,
0,4,21,0,,,,,,,,
8,4,21,2,,,,,,,,
0,4,21,0,,,,,,,,
39,4,22,1,,,,,1171,,,
0,4,22,0,,,,,,,,
0,4,22,0,,,,,,,,
0,4,23,0,,,,,,,,
52,4,23,2,,,,,,,,
0,4,23,0,,,,,,,,
63,4,24,1,,,,117,1147,,,
0,4,24,0,,,,,,,,
0,4,24,0,,,,,,,,
0,4,25,0,,,,,,,,
15,4,25,2,1703,2478,,,1208,2927,,
0,4,25,0,,,,,,,,
12,4,26,1,,,,,,,,
0,4,26,0,,,,,,,,
0,4,26,0,,,,,,,,
0,4,27,0,,,,,,,,
67,4,27,2,,,,,2312,,,
0,4,27,0,,,,,,,,
22,4,28,1,4428,,,,2487,,,
0,4,28,0,,,,,,,,
0,4,28,0,,,,,,,,
0,4,29,0,,,,,,,,
41,4,29,2,,,2527,,2436,,,
0,4,29,0,,,,,,,,
5,4,30,1,,,,,,,,
0,4,30,0,,,,,,,,
0,4,30,0,,,,,,,,
0,4,31,0,,,,,,,,
48,4,31,2,,,280,,,,,
0,4,31,0,,,,,,,,
45,4,32,1,,,,,,,,
0,4,32,0,,,,,,,,
0,4,32,0,,,,,,,,
0,5,1,0,,,,,,,,
0,5,1,0,,,,,,,,
54,5,1,2,1188,,,,696,,,
38,5,2,1,,,346,,1189,,,
0,5,2,0,,,,,,,,
0,5,2,0,,,,,,,,
0,5,3,0,,,,,,,,
0,5,3,0,,,,,,,,
11,5,3,2,,,,,,,,
43,5,4,1,,,,,,,,
0,5,4,0,,,,,,,,
0,5,4,0,,,,,,,,
0,5,5,0,,,,,,,,
0,5,5,0,,,,,,,,
56,5,5,2,,,,,453,,,
40,5,6,1,,,,,946,,,
0,5,6,0,,,,,,,,
0,5,6,0,,,,,,,,
0,5,7,0,,,,,,,,
0,5,7,0,,,,,,,,
36,5,7,2,,282,,,,,,
31,5,8,1,335,,,,,,,
0,5,8,0,,,,,,,,
0,5,8,0,,,,,,,,
0,5,9,0,,,,,,,,
0,5,9,0,,,,,,,,
60,5,9,2,,,,,1060,,,
22,5,10,1,,,,,1092,,,
0,5,10,0,,,,,,,,
0,5,10,0,,,,,,,,
0,5,11,0,,,,,,,,
46,5,11,2,,520,233,689,468,,,
0,5,11,0,,,,,,,,
18,5,12,1,,,,,623,935,,
0,5,12,0,,,,,,,,
0,5,12,0,,,,,,,,
0,5,13,0,,,,,,,,
29,5,13,2,,129,,,941,,,
0,5,13,0,,,,,,,,
35,5,14,1,,,,,,,,
0,5,14,0,,,,,,,,
0,5,14,0,,,,,,,,
0,5,15,0,,,,,,,,
68,5,15,2,289,321,,,165,,,
0,5,15,0,,,,,,,,
15,5,16,1,,,305,1208,692,,,
0,5,16,0,,,,,,,,
0,5,16,0,,,,,,,,
0,5,17,0,,,,,,,,
28,5,17,2,440,108,,,802,,,
0,5,17,0,,,,,,,,
47,5,18,1,,,,,,,,
0,5,18,0,,,,,,,,
0,5,18,0,,,,,,,,
0,5,19,0,,,,,,,,
34,5,19,2,,,,,,,,
0,5,19,0,,,,,,,,
16,5,20,1,,,,,496,,,
0,5,20,0,,,,,,,,
0,5,20,0,,,,,,,,
0,5,21,0,,,,,,,,
7,5,21,2,,,,,343,,,
0,5,21,0,,,,,,,,
21,5,22,1,1267,2186,1765,1805,479,,,
0,5,22,0,,,,,,,,
0,5,22,0,,,,,,,,
0,5,23,0,,,,,,,,
25,5,23,2,,91,,524,403,,,
0,5,23,0,,,,,,,,
45,5,24,1,,,337,1216,679,,,
0,5,24,0,,,,,,,,
0,5,24,0,,,,,,,,
0,5,25,0,,,,,,,,
30,5,25,2,398,166,,,208,,,
0,5,25,0,,,,,,,,
53,5,26,1,119,,,460,255,,,
0,5,26,0,,,,,,,,
0,5,26,0,,,,,,,,
0,5,27,0,,,,,,,,
8,5,27,2,,172,,,814,,,
0,5,27,0,,,,,,,,
51,5,28,1,,,,,957,,,
0,5,28,0,,,,,,,,
0,5,28,0,,,,,,,,
0,5,29,0,,,,,,,,
63,5,29,2,,727,,163,,,,
0,5,29,0,,,,,,,,
24,5,30,1,148,207,,,1663,,,
0,5,30,0,,,,,,,,
0,5,30,0,,,,,,,,
0,5,31,0,,,,,,,,
6,5,31,2,,,1709,838,486,,,
0,5,31,0,,,,,,,,
14,5,32,1,,207,,,539,,,
0,5,32,0,,,,,,,,
0,5,32,0,,,,,,,,
0,6,1,0,,,,,,,,
0,6,1,0,,,,,,,,
57,6,1,2,,,,99,,3468,213,
43,6,2,1,1833,187,,,,3297,,
0,6,2,0,,,,,,,,
0,6,2,0,,,,,,,,
0,6,3,0,,,,,,,,
0,6,3,0,,,,,,,,
36,6,3,2,1142,,1510,209,1409,,,
66,6,4,1,,300,,,,,,
0,6,4,0,,,,,,,,
0,6,4,0,,,,,,,,
0,6,5,0,,,,,,,,
0,6,5,0,,,,,,,,
51,6,5,2,1075,,,,,,,
64,6,6,1,,1368,3034,,,1164,,
0,6,6,0,,,,,,,,
0,6,6,0,,,,,,,,
0,6,7,0,,,,,,,,
0,6,7,0,,,,,,,,
68,6,7,2,1081,176,,154,,,,
17,6,8,1,1849,1000,382,,2446,,,
0,6,8,0,,,,,,,,
0,6,8,0,,,,,,,,
0,6,9,0,,,,,,,,
0,6,9,0,,,,,,,,
15,6,9,2,2149,929,470,1756,2119,,,
22,6,10,1,,970,,,,,,
0,6,10,0,,,,,,,,
0,6,10,0,,,,,,,,
0,6,11,0,,,,,,,,
40,6,11,2,1875,110,,,,2666,,
0,6,11,0,,,,,,,,
21,6,12,1,3424,830,1003,124,1627,,,
0,6,12,0,,,,,,,,
0,6,12,0,,,,,,,,
0,6,13,0,,,,,,,,
46,6,13,2,2047,932,,,,2609,513,
0,6,13,0,,,,,,,,
38,6,14,1,,,927,529,308,1629,,
0,6,14,0,,,,,,,,
0,6,14,0,,,,,,,,
0,6,15,0,,,,,,,,
8,6,15,2,,1340,,1480,224,,,
0,6,15,0,,,,,,,,
19,6,16,1,,538,,,,,,
0,6,16,0,,,,,,,,
0,6,16,0,,,,,,,,
0,6,17,0,,,,,,,,
27,6,17,2,222,278,318,704,2047,,,
0,6,17,0,,,,,,,,
28,6,18,1,,1455,907,,752,,,
0,6,18,0,,,,,,,,
0,6,18,0,,,,,,,,
0,6,19,0,,,,,,,,
62,6,19,2,,1647,,1460,191,,,
0,6,19,0,,,,,,,,
42,6,20,1,,790,666,,,,,
0,6,20,0,,,,,,,,
0,6,20,0,,,,,,,,
0,6,21,0,,,,,,,,
33,6,21,2,,,133,1596,885,,,
0,6,21,0,,,,,,,,
53,6,22,1,1302,,,,,,,
0,6,22,0,,,,,,,,
0,6,22,0,,,,,,,,
0,6,23,0,,,,,,,,
54,6,23,2,,533,,1067,183,,,
0,6,23,0,,,,,,,,
13,6,24,1,987,151,,,1035,,,
0,6,24,0,,,,,,,,
0,6,24,0,,,,,,,,
0,6,25,0,,,,,,,,
12,6,25,2,,188,1891,921,584,3391,,
0,6,25,0,,,,,,,,
45,6,26,1,,584,545,2007,1852,,,
0,6,26,0,,,,,,,,
0,6,26,0,,,,,,,,
0,6,27,0,,,,,,,,
61,6,27,2,,364,,,,4142,,
0,6,27,0,,,,,,,,
14,6,28,1,2254,,,172,1391,,,
0,6,28,0,,,,,,,,
0,6,28,0,,,,,,,,
0,6,29,0,,,,,,,,
7,6,29,2,238,473,2112,,2809,,,
0,6,29,0,,,,,,,,
63,6,30,1,1202,193,120,,447,,,
0,6,30,0,,,,,,,,
0,6,30,0,,,,,,,,
0,6,31,0,,,,,,,,
6,6,31,2,1701,,,1748,162,,,
0,6,31,0,,,,,,,,
56,6,32,1,,1385,,,,1277,,
0,6,32,0,,,,,,,,
0,6,32,0,,,,,,,,
0,7,1,0,,,,,,,,
0,7,1,0,,,,,,,,
43,7,1,2,,,,,1481,,,
12,7,2,1,1150,,,,150,,,
0,7,2,0,,,,,,,,
0,7,2,0,,,,,,,,
0,7,3,0,,,,,,,,
0,7,3,0,,,,,,,,
35,7,3,2,,,,,1480,,,
21,7,4,1,,,,2749,,,,
0,7,4,0,,,,,,,,
0,7,4,0,,,,,,,,
0,7,5,0,,,,,,,,
0,7,5,0,,,,,,,,
46,7,5,2,,,,,,,,
6,7,6,1,,,2227,1361,,,,
0,7,6,0,,,,,,,,
0,7,6,0,,,,,,,,
0,7,7,0,,,,,,,,
0,7,7,0,,,,,,,,
29,7,7,2,,,1454,,,,,
17,7,8,1,,,1041,,,,,
0,7,8,0,,,,,,,,
0,7,8,0,,,,,,,,
0,7,9,0,,,,,,,,
0,7,9,0,,,,,,,,
23,7,9,2,719,2498,,272,1157,,,
49,7,10,1,374,1067,,,,,,
0,7,10,0,,,,,,,,
0,7,10,0,,,,,,,,
0,7,11,0,,,,,,,,
45,7,11,2,,512,1173,,705,,,
0,7,11,0,,,,,,,,
10,7,12,1,,,1565,1620,1373,,,
0,7,12,0,,,,,,,,
0,7,12,0,,,,,,,,
0,7,13,0,,,,,,,,
37,7,13,2,1395,,,,889,,,
0,7,13,0,,,,,,,,
19,7,14,1,,,,,,,,
0,7,14,0,,,,,,,,
0,7,14,0,,,,,,,,
0,7,15,0,,,,,,,,
26,7,15,2,530,561,146,355,1028,,,
0,7,15,0,,,,,,,,
31,7,16,1,,,,,,,,
0,7,16,0,,,,,,,,
0,7,16,0,,,,,,,,
0,7,17,0,,,,,,,,
58,7,17,2,574,,,,,,,
0,7,17,0,,,,,,,,
28,7,18,1,599,1803,2158,1504,,,,
0,7,18,0,,,,,,,,
0,7,18,0,,,,,,,,
0,7,19,0,,,,,,,,
56,7,19,2,,1984,,,,,,
0,7,19,0,,,,,,,,
16,7,20,1,1696,1825,,,,,,
0,7,20,0,,,,,,,,
0,7,20,0,,,,,,,,
0,7,21,0,,,,,,,,
42,7,21,2,,,,,1130,,,
0,7,21,0,,,,,,,,
27,7,22,1,568,,943,,,,,
0,7,22,0,,,,,,,,
0,7,22,0,,,,,,,,
0,7,23,0,,,,,,,,
59,7,23,2,,,,,,,,
0,7,23,0,,,,,,,,
20,7,24,1,,,,,891,,,
0,7,24,0,,,,,,,,
0,7,24,0,,,,,,,,
0,7,25,0,,,,,,,,
40,7,25,2,,,,,,,,
0,7,25,0,,,,,,,,
60,7,26,1,,,,,,,,
0,7,26,0,,,,,,,,
0,7,26,0,,,,,,,,
0,7,27,0,,,,,,,,
11,7,27,2,,,105,,1374,,,
0,7,27,0,,,,,,,,
48,7,28,1,,,,,,,,
0,7,28,0,,,,,,,,
0,7,28,0,,,,,,,,
0,7,29,0,,,,,,,,
65,7,29,2,821,2006,,,,,,
0,7,29,0,,,,,,,,
52,7,30,1,590,,,,,,,
0,7,30,0,,,,,,,,
0,7,30,0,,,,,,,,
0,7,31,0,,,,,,,,
57,7,31,2,,,,,735,,,
0,7,31,0,,,,,,,,
32,7,32,1,,,,,,,,
0,7,32,0,,,,,,,,
0,7,32,0,,,,,,,,
0,8,1,0,,,,,,,,
0,8,1,0,,,,,,,,
26,8,1,2,235,1328,1482,1098,865,1639,,
63,8,2,1,491,571,,,,,,
0,8,2,0,,,,,,,,
0,8,2,0,,,,,,,,
0,8,3,0,,,,,,,,
0,8,3,0,,,,,,,,
42,8,3,2,,488,579,255,471,3130,,
48,8,4,1,,185,309,,1806,,,
0,8,4,0,,,,,,,,
0,8,4,0,,,,,,,,
0,8,5,0,,,,,,,,
0,8,5,0,,,,,,,,
38,8,5,2,,1136,239,526,189,,,
52,8,6,1,175,,,,,,,
0,8,6,0,,,,,,,,
0,8,6,0,,,,,,,,
0,8,7,0,,,,,,,,
0,8,7,0,,,,,,,,
32,8,7,2,,512,425,263,,,,
35,8,8,1,201,734,137,255,140,880,,
0,8,8,0,,,,,,,,
0,8,8,0,,,,,,,,
0,8,9,0,,,,,,,,
0,8,9,0,,,,,,,,
28,8,9,2,,471,1112,942,305,,,
15,8,10,1,,,,,963,,,
0,8,10,0,,,,,,,,
0,8,10,0,,,,,,,,
0,8,11,0,,,,,,,,
30,8,11,2,,,883,,107,3460,,
0,8,11,0,,,,,,,,
41,8,12,1,,656,746,661,,1284,,
0,8,12,0,,,,,,,,
0,8,12,0,,,,,,,,
0,8,13,0,,,,,,,,
57,8,13,2,297,113,,,1735,,,
0,8,13,0,,,,,,,,
8,8,14,1,,,777,134,,,,
0,8,14,0,,,,,,,,
0,8,14,0,,,,,,,,
0,8,15,0,,,,,,,,
34,8,15,2,,356,778,242,348,1126,,
0,8,15,0,,,,,,,,
9,8,16,1,,1083,1394,,,,,
0,8,16,0,,,,,,,,
0,8,16,0,,,,,,,,
0,8,17,0,,,,,,,,
40,8,17,2,,1422,853,803,580,,,
0,8,17,0,,,,,,,,
7,8,18,1,2773,454,126,1060,,,,
0,8,18,0,,,,,,,,
0,8,18,0,,,,,,,,
0,8,19,0,,,,,,,,
60,8,19,2,,,,,,,,
0,8,19,0,,,,,,,,
54,8,20,1,159,103,,,,,,
0,8,20,0,,,,,,,,
0,8,20,0,,,,,,,,
0,8,21,0,,,,,,,,
64,8,21,2,,,,,,,,
0,8,21,0,,,,,,,,
66,8,22,1,,,,180,,,,
0,8,22,0,,,,,,,,
0,8,22,0,,,,,,,,
0,8,23,0,,,,,,,,
11,8,23,2,,2091,,,,,,
0,8,23,0,,,,,,,,
31,8,24,1,130,1141,,808,756,,,
0,8,24,0,,,,,,,,
0,8,24,0,,,,,,,,
0,8,25,0,,,,,,,,
10,8,25,2,,492,,,191,,,
0,8,25,0,,,,,,,,
6,8,26,1,104,,,,,,,
0,8,26,0,,,,,,,,
0,8,26,0,,,,,,,,
0,8,27,0,,,,,,,,
23,8,27,2,366,920,1916,825,731,,,
0,8,27,0,,,,,,,,
51,8,28,1,195,,156,,1655,,,
0,8,28,0,,,,,,,,
0,8,28,0,,,,,,,,
0,8,29,0,,,,,,,,
49,8,29,2,544,243,,,2400,,,
0,8,29,0,,,,,,,,
44,8,30,1,,1244,916,728,771,,,
0,8,30,0,,,,,,,,
0,8,30,0,,,,,,,,
0,8,31,0,,,,,,,,
62,8,31,2,130,183,,,,,,
0,8,31,0,,,,,,,,
19,8,32,1,,782,257,941,538,,,
0,8,32,0,,,,,,,,
0,8,32,0,,,,,,,,
0,9,1,0,,,,,,,,
0,9,1,0,,,,,,,,
57,9,1,2,2567,3097,,,1905,2170,,
20,9,2,1,2705,1571,1157,1372,3861,,,
0,9,2,0,,,,,,,,
0,9,2,0,,,,,,,,
0,9,3,0,,,,,,,,
0,9,3,0,,,,,,,,
28,9,3,2,2801,3262,1075,1534,896,,,
6,9,4,1,1479,3313,2228,903,,,,
0,9,4,0,,,,,,,,
0,9,4,0,,,,,,,,
0,9,5,0,,,,,,,,
0,9,5,0,,,,,,,,
64,9,5,2,1534,1016,1183,1109,596,,,
14,9,6,1,258,805,885,192,1101,2517,,
0,9,6,0,,,,,,,,
0,9,6,0,,,,,,,,
0,9,7,0,,,,,,,,
0,9,7,0,,,,,,,,
18,9,7,2,591,,,,,,,
50,9,8,1,810,2564,,2273,1273,2412,,
0,9,8,0,,,,,,,,
0,9,8,0,,,,,,,,
0,9,9,0,,,,,,,,
0,9,9,0,,,,,,,,
48,9,9,2,761,1319,707,,1007,,,
9,9,10,1,1126,2541,1950,729,980,,,
0,9,10,0,,,,,,,,
0,9,10,0,,,,,,,,
0,9,11,0,,,,,,,,
44,9,11,2,1534,234,1721,166,985,,,
0,9,11,0,,,,,,,,
39,9,12,1,1386,4795,3954,1398,1364,,,
0,9,12,0,,,,,,,,
0,9,12,0,,,,,,,,
0,9,13,0,,,,,,,,
12,9,13,2,1550,342,2705,1063,2608,,,
0,9,13,0,,,,,,,,
56,9,14,1,1275,554,599,807,978,2437,,
0,9,14,0,,,,,,,,
0,9,14,0,,,,,,,,
0,9,15,0,,,,,,,,
47,9,15,2,,2343,754,325,795,543,,
0,9,15,0,,,,,,,,
45,9,16,1,972,618,843,,177,,,
0,9,16,0,,,,,,,,
0,9,16,0,,,,,,,,
0,9,17,0,,,,,,,,
59,9,17,2,924,,950,,1129,,,
0,9,17,0,,,,,,,,
11,9,18,1,856,3878,2028,2915,,,,
0,9,18,0,,,,,,,,
0,9,18,0,,,,,,,,
0,9,19,0,,,,,,,,
34,9,19,2,715,165,,403,,,,
0,9,19,0,,,,,,,,
42,9,20,1,2569,5049,1237,1099,949,,,
0,9,20,0,,,,,,,,
0,9,20,0,,,,,,,,
0,9,21,0,,,,,,,,
17,9,21,2,,1495,2207,1287,1982,2360,,
0,9,21,0,,,,,,,,
27,9,22,1,,645,460,566,151,,,
0,9,22,0,,,,,,,,
0,9,22,0,,,,,,,,
0,9,23,0,,,,,,,,
46,9,23,2,625,584,1473,430,517,3583,,
0,9,23,0,,,,,,,,
36,9,24,1,,345,324,843,1221,,,
0,9,24,0,,,,,,,,
0,9,24,0,,,,,,,,
0,9,25,0,,,,,,,,
43,9,25,2,2412,2998,223,1017,1028,,,
0,9,25,0,,,,,,,,
32,9,26,1,537,1788,1171,1328,1102,,,
0,9,26,0,,,,,,,,
0,9,26,0,,,,,,,,
0,9,27,0,,,,,,,,
62,9,27,2,2003,1106,2460,692,1735,2026,,
0,9,27,0,,,,,,,,
33,9,28,1,658,537,361,882,1318,,,
0,9,28,0,,,,,,,,
0,9,28,0,,,,,,,,
0,9,29,0,,,,,,,,
52,9,29,2,1275,1157,1419,147,,,,
0,9,29,0,,,,,,,,
30,9,30,1,824,2211,1632,1895,,,,
0,9,30,0,,,,,,,,
0,9,30,0,,,,,,,,
0,9,31,0,,,,,,,,
16,9,31,2,1211,2606,2356,89,,,,
0,9,31,0,,,,,,,,
35,9,32,1,,,,1180,,,,
0,9,32,0,,,,,,,,
0,9,32,0,,,,,,,,
0,10,1,0,,,,,,,,
0,10,1,0,,,,,,,,
5,10,1,2,455,991,1047,,1372,,,
62,10,2,1,1121,2003,,,3019,,,
0,10,2,0,,,,,,,,
0,10,2,0,,,,,,,,
0,10,3,0,,,,,,,,
0,10,3,0,,,,,,,,
36,10,3,2,1127,,,,1390,,,
53,10,4,1,453,741,,117,1592,,,
0,10,4,0,,,,,,,,
0,10,4,0,,,,,,,,
0,10,5,0,,,,,,,,
0,10,5,0,,,,,,,,
44,10,5,2,,,1320,652,274,,,
20,10,6,1,936,241,962,,,,,
0,10,6,0,,,,,,,,
0,10,6,0,,,,,,,,
0,10,7,0,,,,,,,,
0,10,7,0,,,,,,,,
47,10,7,2,663,259,356,474,402,,,
24,10,8,1,1427,169,,684,116,2418,,
0,10,8,0,,,,,,,,
0,10,8,0,,,,,,,,
0,10,9,0,,,,,,,,
0,10,9,0,,,,,,,,
11,10,9,2,751,330,148,,1371,,,
56,10,10,1,,504,,799,,,,
0,10,10,0,,,,,,,,
0,10,10,0,,,,,,,,
0,10,11,0,,,,,,,,
8,10,11,2,,892,,158,1093,,,
0,10,11,0,,,,,,,,
17,10,12,1,929,2323,,,1423,,,
0,10,12,0,,,,,,,,
0,10,12,0,,,,,,,,
0,10,13,0,,,,,,,,
34,10,13,2,1393,2655,1506,1012,1801,,,
0,10,13,0,,,,,,,,
15,10,14,1,2378,664,,943,,,,
0,10,14,0,,,,,,,,
0,10,14,0,,,,,,,,
0,10,15,0,,,,,,,,
66,10,15,2,,236,,264,,227,,
0,10,15,0,,,,,,,,
18,10,16,1,1006,,,,,,,
0,10,16,0,,,,,,,,
0,10,16,0,,,,,,,,
0,10,17,0,,,,,,,,
29,10,17,2,442,200,1743,1705,,,,
0,10,17,0,,,,,,,,
10,10,18,1,,131,168,,,,,
0,10,18,0,,,,,,,,
0,10,18,0,,,,,,,,
0,10,19,0,,,,,,,,
39,10,19,2,120,,,,,,,
0,10,19,0,,,,,,,,
40,10,20,1,,,,,,,,
0,10,20,0,,,,,,,,
0,10,20,0,,,,,,,,
0,10,21,0,,,,,,,,
16,10,21,2,2056,1933,,1143,,,,
0,10,21,0,,,,,,,,
33,10,22,1,,,1308,,,,,
0,10,22,0,,,,,,,,
0,10,22,0,,,,,,,,
0,10,23,0,,,,,,,,
27,10,23,2,587,216,1359,,1286,,,
0,10,23,0,,,,,,,,
9,10,24,1,,,,,1061,,,
0,10,24,0,,,,,,,,
0,10,24,0,,,,,,,,
0,10,25,0,,,,,,,,
58,10,25,2,841,,,136,1067,,,
0,10,25,0,,,,,,,,
31,10,26,1,474,253,,1648,,,,
0,10,26,0,,,,,,,,
0,10,26,0,,,,,,,,
0,10,27,0,,,,,,,,
65,10,27,2,,2062,,,1475,,,
0,10,27,0,,,,,,,,
38,10,28,1,1188,1407,181,,1989,,,
0,10,28,0,,,,,,,,
0,10,28,0,,,,,,,,
0,10,29,0,,,,,,,,
7,10,29,2,,390,,494,,,,
0,10,29,0,,,,,,,,
32,10,30,1,,,290,,,,,
0,10,30,0,,,,,,,,
0,10,30,0,,,,,,,,
0,10,31,0,,,,,,,,
23,10,31,2,488,,,,,,,
0,10,31,0,,,,,,,,
64,10,32,1,,344,523,84,,,,
0,10,32,0,,,,,,,,
0,10,32,0,,,,,,,,
0,11,1,0,,,,,,,,
0,11,1,0,,,,,,,,
13,11,1,2,480,499,,,285,,,
34,11,2,1,,368,143,236,183,,,
0,11,2,0,,,,,,,,
0,11,2,0,,,,,,,,
0,11,3,0,,,,,,,,
0,11,3,0,,,,,,,,
11,11,3,2,104,,,125,1487,,,
26,11,4,1,257,338,,1040,,,,
0,11,4,0,,,,,,,,
0,11,4,0,,,,,,,,
0,11,5,0,,,,,,,,
0,11,5,0,,,,,,,,
19,11,5,2,,342,,,,,,
54,11,6,1,,207,,,219,,,
0,11,6,0,,,,,,,,
0,11,6,0,,,,,,,,
0,11,7,0,,,,,,,,
0,11,7,0,,,,,,,,
36,11,7,2,487,,193,1196,196,,,
31,11,8,1,,,,,446,,,
0,11,8,0,,,,,,,,
0,11,8,0,,,,,,,,
0,11,9,0,,,,,,,,
0,11,9,0,,,,,,,,
43,11,9,2,661,449,183,151,,,,
38,11,10,1,1356,,,,,,,
0,11,10,0,,,,,,,,
0,11,10,0,,,,,,,,
0,11,11,0,,,,,,,,
52,11,11,2,90,444,,171,1256,,,
0,11,11,0,,,,,,,,
25,11,12,1,148,,188,230,1573,,,
0,11,12,0,,,,,,,,
0,11,12,0,,,,,,,,
0,11,13,0,,,,,,,,
68,11,13,2,158,,,,,,,
0,11,13,0,,,,,,,,
50,11,14,1,3821,,,191,,,,
0,11,14,0,,,,,,,,
0,11,14,0,,,,,,,,
0,11,15,0,,,,,,,,
53,11,15,2,,,,330,834,206,,
0,11,15,0,,,,,,,,
63,11,16,1,,,,,,,,
0,11,16,0,,,,,,,,
0,11,16,0,,,,,,,,
0,11,17,0,,,,,,,,
22,11,17,2,171,305,,,,,,
0,11,17,0,,,,,,,,
21,11,18,1,435,,,,,,,
0,11,18,0,,,,,,,,
0,11,18,0,,,,,,,,
0,11,19,0,,,,,,,,
59,11,19,2,,,,,460,,,
0,11,19,0,,,,,,,,
10,11,20,1,4361,,261,,,,,
0,11,20,0,,,,,,,,
0,11,20,0,,,,,,,,
0,11,21,0,,,,,,,,
23,11,21,2,,,232,128,1120,,,
0,11,21,0,,,,,,,,
57,11,22,1,322,539,623,361,,,,
0,11,22,0,,,,,,,,
0,11,22,0,,,,,,,,
0,11,23,0,,,,,,,,
18,11,23,2,150,502,,,92,,,
0,11,23,0,,,,,,,,
65,11,24,1,,,139,204,493,,,
0,11,24,0,,,,,,,,
0,11,24,0,,,,,,,,
0,11,25,0,,,,,,,,
49,11,25,2,564,,,,,,,
0,11,25,0,,,,,,,,
56,11,26,1,488,,551,,,,,
0,11,26,0,,,,,,,,
0,11,26,0,,,,,,,,
0,11,27,0,,,,,,,,
33,11,27,2,1265,360,,333,784,,,
0,11,27,0,,,,,,,,
47,11,28,1,,,,398,,,,
0,11,28,0,,,,,,,,
0,11,28,0,,,,,,,,
0,11,29,0,,,,,,,,
24,11,29,2,3417,269,187,452,202,,,
0,11,29,0,,,,,,,,
60,11,30,1,,,,,,,,
0,11,30,0,,,,,,,,
0,11,30,0,,,,,,,,
0,11,31,0,,,,,,,,
30,11,31,2,3101,1398,1469,,176,,,
0,11,31,0,,,,,,,,
17,11,32,1,182,673,782,,,,,
0,11,32,0,,,,,,,,
0,11,32,0,,,,,,,,
0,12,1,0,,,,,,,,
0,12,1,0,,,,,,,,
24,12,1,2,138,,,104,249,1586,,
62,12,2,1,,,,,137,,,
0,12,2,0,,,,,,,,
0,12,2,0,,,,,,,,
0,12,3,0,,,,,,,,
0,12,3,0,,,,,,,,
28,12,3,2,,174,,191,1363,,,
9,12,4,1,376,,,,,,,
0,12,4,0,,,,,,,,
0,12,4,0,,,,,,,,
0,12,5,0,,,,,,,,
0,12,5,0,,,,,,,,
30,12,5,2,770,,852,927,862,,,
18,12,6,1,,,,318,451,,,
0,12,6,0,,,,,,,,
0,12,6,0,,,,,,,,
0,12,7,0,,,,,,,,
0,12,7,0,,,,,,,,
36,12,7,2,106,597,1091,,534,,,
53,12,8,1,670,,,,99,614,,
0,12,8,0,,,,,,,,
0,12,8,0,,,,,,,,
0,12,9,0,,,,,,,,
0,12,9,0,,,,,,,,
60,12,9,2,,,273,103,,,,
32,12,10,1,,,,,,,,
0,12,10,0,,,,,,,,
0,12,10,0,,,,,,,,
0,12,11,0,,,,,,,,
7,12,11,2,659,400,258,681,1200,,,
0,12,11,0,,,,,,,,
69,12,12,1,469,177,697,,,,,
0,12,12,0,,,,,,,,
0,12,12,0,,,,,,,,
0,12,13,0,,,,,,,,
38,12,13,2,,921,874,144,,,,
0,12,13,0,,,,,,,,
11,12,14,1,316,184,,,447,,,
0,12,14,0,,,,,,,,
0,12,14,0,,,,,,,,
0,12,15,0,,,,,,,,
64,12,15,2,112,,,590,619,290,,
0,12,15,0,,,,,,,,
14,12,16,1,4347,1841,,,,,,
0,12,16,0,,,,,,,,
0,12,16,0,,,,,,,,
0,12,17,0,,,,,,,,
20,12,17,2,2390,,,354,,,,
0,12,17,0,,,,,,,,
68,12,18,1,,,,,429,,,
0,12,18,0,,,,,,,,
0,12,18,0,,,,,,,,
0,12,19,0,,,,,,,,
49,12,19,2,1182,773,231,,169,,,
0,12,19,0,,,,,,,,
70,12,20,1,,,1225,,,,,
0,12,20,0,,,,,,,,
0,12,20,0,,,,,,,,
0,12,21,0,,,,,,,,
6,12,21,2,382,,,,,,,
0,12,21,0,,,,,,,,
51,12,22,1,149,997,,,,,,
0,12,22,0,,,,,,,,
0,12,22,0,,,,,,,,
0,12,23,0,,,,,,,,
48,12,23,2,621,195,,,,,,
0,12,23,0,,,,,,,,
26,12,24,1,,94,,,701,,,
0,12,24,0,,,,,,,,
0,12,24,0,,,,,,,,
0,12,25,0,,,,,,,,
8,12,25,2,117,,360,,754,,,
0,12,25,0,,,,,,,,
42,12,26,1,239,,530,,126,,,
0,12,26,0,,,,,,,,
0,12,26,0,,,,,,,,
0,12,27,0,,,,,,,,
67,12,27,2,,186,,184,592,,,
0,12,27,0,,,,,,,,
39,12,28,1,309,,,,605,,,
0,12,28,0,,,,,,,,
0,12,28,0,,,,,,,,
0,12,29,0,,,,,,,,
23,12,29,2,307,247,,1959,295,1764,,
0,12,29,0,,,,,,,,
40,12,30,1,86,,,,,,,
0,12,30,0,,,,,,,,
0,12,30,0,,,,,,,,
0,12,31,0,,,,,,,,
55,12,31,2,,,,1022,,,,
0,12,31,0,,,,,,,,
41,12,32,1,,98,,,408,667,,
0,12,32,0,,,,,,,,
0,12,32,0,,,,,,,,
0,13,1,0,,,,,,,,
0,13,1,0,,,,,,,,
64,13,1,2,1311,1252,1052,729,2782,,,
56,13,2,1,1562,2405,1329,121,115,,,
0,13,2,0,,,,,,,,
0,13,2,0,,,,,,,,
0,13,3,0,,,,,,,,
0,13,3,0,,,,,,,,
22,13,3,2,1202,692,1423,413,1036,,,
53,13,4,1,929,1539,,,109,,,
0,13,4,0,,,,,,,,
0,13,4,0,,,,,,,,
0,13,5,0,,,,,,,,
0,13,5,0,,,,,,,,
60,13,5,2,1185,269,152,102,,,,
43,13,6,1,,112,,,,,,
0,13,6,0,,,,,,,,
0,13,6,0,,,,,,,,
0,13,7,0,,,,,,,,
0,13,7,0,,,,,,,,
30,13,7,2,1305,888,1427,486,483,,,
48,13,8,1,,,,,,,,
0,13,8,0,,,,,,,,
0,13,8,0,,,,,,,,
0,13,9,0,,,,,,,,
0,13,9,0,,,,,,,,
18,13,9,2,848,967,966,961,1503,,,
45,13,10,1,,197,,196,789,,,
0,13,10,0,,,,,,,,
0,13,10,0,,,,,,,,
0,13,11,0,,,,,,,,
58,13,11,2,,266,,274,742,,,
0,13,11,0,,,,,,,,
29,13,12,1,867,592,596,122,1359,,,
0,13,12,0,,,,,,,,
0,13,12,0,,,,,,,,
0,13,13,0,,,,,,,,
50,13,13,2,1482,475,1280,,,,,
0,13,13,0,,,,,,,,
35,13,14,1,919,1126,1841,1378,,,,
0,13,14,0,,,,,,,,
0,13,14,0,,,,,,,,
0,13,15,0,,,,,,,,
47,13,15,2,,247,,103,612,,,
0,13,15,0,,,,,,,,
17,13,16,1,1080,1362,172,,,,,
0,13,16,0,,,,,,,,
0,13,16,0,,,,,,,,
0,13,17,0,,,,,,,,
38,13,17,2,1235,,,,,,,
0,13,17,0,,,,,,,,
51,13,18,1,,334,258,,,,,
0,13,18,0,,,,,,,,
0,13,18,0,,,,,,,,
0,13,19,0,,,,,,,,
9,13,19,2,,194,,,,,,
0,13,19,0,,,,,,,,
55,13,20,1,1292,735,,,,,,
0,13,20,0,,,,,,,,
0,13,20,0,,,,,,,,
0,13,21,0,,,,,,,,
14,13,21,2,,,,,,,,
0,13,21,0,,,,,,,,
37,13,22,1,706,970,865,1452,443,,,
0,13,22,0,,,,,,,,
0,13,22,0,,,,,,,,
0,13,23,0,,,,,,,,
5,13,23,2,1385,,,,,,,
0,13,23,0,,,,,,,,
7,13,24,1,625,,,,906,,,
0,13,24,0,,,,,,,,
0,13,24,0,,,,,,,,
0,13,25,0,,,,,,,,
59,13,25,2,1176,936,1171,579,,,,
0,13,25,0,,,,,,,,
8,13,26,1,1063,201,,,350,,,
0,13,26,0,,,,,,,,
0,13,26,0,,,,,,,,
0,13,27,0,,,,,,,,
6,13,27,2,969,,,,1534,,,
0,13,27,0,,,,,,,,
15,13,28,1,957,,159,92,1103,,,
0,13,28,0,,,,,,,,
0,13,28,0,,,,,,,,
0,13,29,0,,,,,,,,
12,13,29,2,1061,,,170,,,,
0,13,29,0,,,,,,,,
26,13,30,1,,,307,141,403,,,
0,13,30,0,,,,,,,,
0,13,30,0,,,,,,,,
0,13,31,0,,,,,,,,
36,13,31,2,817,1488,128,,,,,
0,13,31,0,,,,,,,,
28,13,32,1,1101,,819,604,145,,,
0,13,32,0,,,,,,,,
0,13,32,0,,,,,,,,
0,14,1,0,,,,,,,,
0,14,1,0,,,,,,,,
26,14,1,2,,1909,981,,2582,,,
39,14,2,1,5016,3991,141,1334,2425,,,
0,14,2,0,,,,,,,,
0,14,2,0,,,,,,,,
0,14,3,0,,,,,,,,
0,14,3,0,,,,,,,,
16,14,3,2,6054,4612,1611,2345,4226,,,
66,14,4,1,4137,2564,2741,,1828,,,
0,14,4,0,,,,,,,,
0,14,4,0,,,,,,,,
0,14,5,0,,,,,,,,
0,14,5,0,,,,,,,,
54,14,5,2,7047,2058,2147,81,,,,
37,14,6,1,,529,,,,,,
0,14,6,0,,,,,,,,
0,14,6,0,,,,,,,,
0,14,7,0,,,,,,,,
0,14,7,0,,,,,,,,
11,14,7,2,6780,4638,2379,1815,,,,
50,14,8,1,825,,,418,319,2916,,
0,14,8,0,,,,,,,,
0,14,8,0,,,,,,,,
0,14,9,0,,,,,,,,
0,14,9,0,,,,,,,,
5,14,9,2,2256,1268,1638,1774,3728,,,
60,14,10,1,717,629,748,,667,1962,,
0,14,10,0,,,,,,,,
0,14,10,0,,,,,,,,
0,14,11,0,,,,,,,,
44,14,11,2,4192,1785,6719,,722,1966,,
0,14,11,0,,,,,,,,
7,14,12,1,2168,4005,770,,,,,
0,14,12,0,,,,,,,,
0,14,12,0,,,,,,,,
0,14,13,0,,,,,,,,
33,14,13,2,3591,2168,1120,908,1460,1556,,
0,14,13,0,,,,,,,,
63,14,14,1,,,2092,678,2551,2054,,
0,14,14,0,,,,,,,,
0,14,14,0,,,,,,,,
0,14,15,0,,,,,,,,
48,14,15,2,5286,741,928,586,,1671,,
0,14,15,0,,,,,,,,
35,14,16,1,1461,5558,2062,,,,,
0,14,16,0,,,,,,,,
0,14,16,0,,,,,,,,
0,14,17,0,,,,,,,,
59,14,17,2,4477,1713,,,1911,,,
0,14,17,0,,,,,,,,
53,14,18,1,4412,1857,,1875,,,,
0,14,18,0,,,,,,,,
0,14,18,0,,,,,,,,
0,14,19,0,,,,,,,,
51,14,19,2,5933,445,,,,,,
0,14,19,0,,,,,,,,
23,14,20,1,1749,2477,,1355,1015,,,
0,14,20,0,,,,,,,,
0,14,20,0,,,,,,,,
0,14,21,0,,,,,,,,
15,14,21,2,2152,5395,194,,,,,
0,14,21,0,,,,,,,,
29,14,22,1,157,1798,482,143,,1958,,
0,14,22,0,,,,,,,,
0,14,22,0,,,,,,,,
0,14,23,0,,,,,,,,
55,14,23,2,1825,1465,4265,812,,3509,,
0,14,23,0,,,,,,,,
36,14,24,1,6089,6953,798,931,600,,,
0,14,24,0,,,,,,,,
0,14,24,0,,,,,,,,
0,14,25,0,,,,,,,,
14,14,25,2,628,,,,,,,
0,14,25,0,,,,,,,,
30,14,26,1,1511,,,,88,,,
0,14,26,0,,,,,,,,
0,14,26,0,,,,,,,,
0,14,27,0,,,,,,,,
18,14,27,2,1859,1182,2741,1689,1304,,,
0,14,27,0,,,,,,,,
34,14,28,1,1840,,5026,1531,3749,,,
0,14,28,0,,,,,,,,
0,14,28,0,,,,,,,,
0,14,29,0,,,,,,,,
13,14,29,2,3309,1212,515,130,,,,
0,14,29,0,,,,,,,,
46,14,30,1,5287,1325,,,,,,
0,14,30,0,,,,,,,,
0,14,30,0,,,,,,,,
0,14,31,0,,,,,,,,
49,14,31,2,2182,,,618,,2464,,
0,14,31,0,,,,,,,,
45,14,32,1,4860,9283,4994,,,,,
0,14,32,0,,,,,,,,
0,14,32,0,,,,,,,,
0,15,1,0,,,,,,,,
0,15,1,0,,,,,,,,
63,15,1,2,,,,,,,,
22,15,2,1,332,,,,1957,,,
0,15,2,0,,,,,,,,
0,15,2,0,,,,,,,,
0,15,3,0,,,,,,,,
0,15,3,0,,,,,,,,
56,15,3,2,,,,,1962,,,
59,15,4,1,,,,113,,,,
0,15,4,0,,,,,,,,
0,15,4,0,,,,,,,,
0,15,5,0,,,,,,,,
0,15,5,0,,,,,,,,
25,15,5,2,1351,1020,,900,,,,
52,15,6,1,,,,,,,,
0,15,6,0,,,,,,,,
0,15,6,0,,,,,,,,
0,15,7,0,,,,,,,,
0,15,7,0,,,,,,,,
47,15,7,2,,,,,,,,
13,15,8,1,,,,,,,,
0,15,8,0,,,,,,,,
0,15,8,0,,,,,,,,
0,15,9,0,,,,,,,,
0,15,9,0,,,,,,,,
50,15,9,2,,,,,1180,,,
54,15,10,1,,,,137,,,,
0,15,10,0,,,,,,,,
0,15,10,0,,,,,,,,
0,15,11,0,,,,,,,,
66,15,11,2,1834,595,,,1277,,,
0,15,11,0,,,,,,,,
21,15,12,1,,,,,1367,,,
0,15,12,0,,,,,,,,
0,15,12,0,,,,,,,,
0,15,13,0,,,,,,,,
67,15,13,2,901,1631,,,2153,,,
0,15,13,0,,,,,,,,
20,15,14,1,,,,,,,,
0,15,14,0,,,,,,,,
0,15,14,0,,,,,,,,
0,15,15,0,,,,,,,,
36,15,15,2,,188,,126,,,,
0,15,15,0,,,,,,,,
62,15,16,1,647,,,,,,,
0,15,16,0,,,,,,,,
0,15,16,0,,,,,,,,
0,15,17,0,,,,,,,,
24,15,17,2,2418,3311,,,,,,
0,15,17,0,,,,,,,,
8,15,18,1,,,637,,,,,
0,15,18,0,,,,,,,,
0,15,18,0,,,,,,,,
0,15,19,0,,,,,,,,
15,15,19,2,1370,,,,,,,
0,15,19,0,,,,,,,,
11,15,20,1,,,,,,,,
0,15,20,0,,,,,,,,
0,15,20,0,,,,,,,,
0,15,21,0,,,,,,,,
17,15,21,2,,,,,1032,,,
0,15,21,0,,,,,,,,
19,15,22,1,,,,,,,,
0,15,22,0,,,,,,,,
0,15,22,0,,,,,,,,
0,15,23,0,,,,,,,,
33,15,23,2,,,,,,,,
0,15,23,0,,,,,,,,
58,15,24,1,143,872,,,793,,,
0,15,24,0,,,,,,,,
0,15,24,0,,,,,,,,
0,15,25,0,,,,,,,,
10,15,25,2,,,,,,,,
0,15,25,0,,,,,,,,
65,15,26,1,,,,,,,,
0,15,26,0,,,,,,,,
0,15,26,0,,,,,,,,
0,15,27,0,,,,,,,,
45,15,27,2,,,,,1104,,,
0,15,27,0,,,,,,,,
39,15,28,1,3965,1851,2535,,1089,,,
0,15,28,0,,,,,,,,
0,15,28,0,,,,,,,,
0,15,29,0,,,,,,,,
40,15,29,2,,1922,,,,,,
0,15,29,0,,,,,,,,
5,15,30,1,,,,,,,,
0,15,30,0,,,,,,,,
0,15,30,0,,,,,,,,
0,15,31,0,,,,,,,,
34,15,31,2,1409,1204,1131,227,344,,,
0,15,31,0,,,,,,,,
49,15,32,1,,585,,,,,,
0,15,32,0,,,,,,,,
0,15,32,0,,,,,,,,
0,16,1,0,,,,,,,,
0,16,1,0,,,,,,,,
35,16,1,2,1696,294,,457,1193,2249,590,
21,16,2,1,2475,768,774,,314,3234,1277,
0,16,2,0,,,,,,,,
0,16,2,0,,,,,,,,
0,16,3,0,,,,,,,,
0,16,3,0,,,,,,,,
14,16,3,2,,,284,,1165,1947,,
55,16,4,1,761,1074,496,,1323,,,
0,16,4,0,,,,,,,,
0,16,4,0,,,,,,,,
0,16,5,0,,,,,,,,
0,16,5,0,,,,,,,,
10,16,5,2,297,,,,261,,,
46,16,6,1,,,1139,591,292,923,,
0,16,6,0,,,,,,,,
0,16,6,0,,,,,,,,
0,16,7,0,,,,,,,,
0,16,7,0,,,,,,,,
29,16,7,2,961,,,1218,1632,,,
20,16,8,1,,86,,,,1867,,
0,16,8,0,,,,,,,,
0,16,8,0,,,,,,,,
0,16,9,0,,,,,,,,
0,16,9,0,,,,,,,,
50,16,9,2,1391,232,249,1027,1670,,,
54,16,10,1,955,563,2615,,1836,,,
0,16,10,0,,,,,,,,
0,16,10,0,,,,,,,,
0,16,11,0,,,,,,,,
57,16,11,2,972,756,1006,184,1372,1830,,
0,16,11,0,,,,,,,,
45,16,12,1,219,1490,176,,1266,844,157,
0,16,12,0,,,,,,,,
0,16,12,0,,,,,,,,
0,16,13,0,,,,,,,,
66,16,13,2,,1378,1413,,1612,1370,,
0,16,13,0,,,,,,,,
15,16,14,1,,720,1250,,,,,
0,16,14,0,,,,,,,,
0,16,14,0,,,,,,,,
0,16,15,0,,,,,,,,
25,16,15,2,,284,1020,,996,2299,,
0,16,15,0,,,,,,,,
12,16,16,1,,,,1070,369,1645,,
0,16,16,0,,,,,,,,
0,16,16,0,,,,,,,,
0,16,17,0,,,,,,,,
41,16,17,2,1161,763,111,223,1300,,,
0,16,17,0,,,,,,,,
40,16,18,1,582,2157,645,806,,,,
0,16,18,0,,,,,,,,
0,16,18,0,,,,,,,,
0,16,19,0,,,,,,,,
7,16,19,2,125,,,,587,,,
0,16,19,0,,,,,,,,
63,16,20,1,164,4411,,,1658,,,
0,16,20,0,,,,,,,,
0,16,20,0,,,,,,,,
0,16,21,0,,,,,,,,
51,16,21,2,,1723,83,797,,,,
0,16,21,0,,,,,,,,
37,16,22,1,,399,,1323,,,,
0,16,22,0,,,,,,,,
0,16,22,0,,,,,,,,
0,16,23,0,,,,,,,,
13,16,23,2,,,183,,483,1736,,
0,16,23,0,,,,,,,,
59,16,24,1,162,1579,2367,,1103,,,
0,16,24,0,,,,,,,,
0,16,24,0,,,,,,,,
0,16,25,0,,,,,,,,
61,16,25,2,,,,,1841,,,
0,16,25,0,,,,,,,,
47,16,26,1,610,,,,,,,
0,16,26,0,,,,,,,,
0,16,26,0,,,,,,,,
0,16,27,0,,,,,,,,
9,16,27,2,,269,,,1263,,,
0,16,27,0,,,,,,,,
43,16,28,1,1208,1449,236,1123,2234,1315,,
0,16,28,0,,,,,,,,
0,16,28,0,,,,,,,,
0,16,29,0,,,,,,,,
17,16,29,2,,94,487,811,,1499,,
0,16,29,0,,,,,,,,
18,16,30,1,,805,88,200,516,,,
0,16,30,0,,,,,,,,
0,16,30,0,,,,,,,,
0,16,31,0,,,,,,,,
60,16,31,2,,226,,,,,,
0,16,31,0,,,,,,,,
39,16,32,1,330,,,200,842,936,,
0,16,32,0,,,,,,,,
0,16,32,0,,,,,,,,
0,17,1,0,,,,,,,,
0,17,1,0,,,,,,,,
22,17,1,2,401,,,,1032,,,
36,17,2,1,816,1344,340,,2240,,,
0,17,2,0,,,,,,,,
0,17,2,0,,,,,,,,
0,17,3,0,,,,,,,,
0,17,3,0,,,,,,,,
23,17,3,2,2123,644,,307,907,,,
63,17,4,1,1229,1759,,,736,,,
0,17,4,0,,,,,,,,
0,17,4,0,,,,,,,,
0,17,5,0,,,,,,,,
0,17,5,0,,,,,,,,
37,17,5,2,1408,373,210,492,1018,,,
62,17,6,1,,262,,,725,,,
0,17,6,0,,,,,,,,
0,17,6,0,,,,,,,,
0,17,7,0,,,,,,,,
0,17,7,0,,,,,,,,
55,17,7,2,,632,,,,,,
25,17,8,1,,,427,181,1737,,,
0,17,8,0,,,,,,,,
0,17,8,0,,,,,,,,
0,17,9,0,,,,,,,,
0,17,9,0,,,,,,,,
43,17,9,2,464,626,1234,,998,,,
56,17,10,1,315,,,,224,,,
0,17,10,0,,,,,,,,
0,17,10,0,,,,,,,,
0,17,11,0,,,,,,,,
5,17,11,2,688,922,180,146,629,,,
0,17,11,0,,,,,,,,
18,17,12,1,262,321,,168,2113,,,
0,17,12,0,,,,,,,,
0,17,12,0,,,,,,,,
0,17,13,0,,,,,,,,
50,17,13,2,2260,2780,561,1263,2585,,,
0,17,13,0,,,,,,,,
13,17,14,1,,,,103,272,,,
0,17,14,0,,,,,,,,
0,17,14,0,,,,,,,,
0,17,15,0,,,,,,,,
39,17,15,2,,,1218,1082,1315,,,
0,17,15,0,,,,,,,,
11,17,16,1,,,,,145,,,
0,17,16,0,,,,,,,,
0,17,16,0,,,,,,,,
0,17,17,0,,,,,,,,
41,17,17,2,721,,318,,,,,
0,17,17,0,,,,,,,,
53,17,18,1,729,,,,,,,
0,17,18,0,,,,,,,,
0,17,18,0,,,,,,,,
0,17,19,0,,,,,,,,
54,17,19,2,1035,960,1810,1084,1631,,,
0,17,19,0,,,,,,,,
45,17,20,1,,200,,,976,,,
0,17,20,0,,,,,,,,
0,17,20,0,,,,,,,,
0,17,21,0,,,,,,,,
34,17,21,2,,138,,,,,,
0,17,21,0,,,,,,,,
14,17,22,1,,,,,,,,
0,17,22,0,,,,,,,,
0,17,22,0,,,,,,,,
0,17,23,0,,,,,,,,
60,17,23,2,,,,,853,,,
0,17,23,0,,,,,,,,
7,17,24,1,,1814,,141,630,,,
0,17,24,0,,,,,,,,
0,17,24,0,,,,,,,,
0,17,25,0,,,,,,,,
12,17,25,2,594,,327,442,1073,,,
0,17,25,0,,,,,,,,
35,17,26,1,398,731,,,140,,,
0,17,26,0,,,,,,,,
0,17,26,0,,,,,,,,
0,17,27,0,,,,,,,,
32,17,27,2,739,807,486,,1087,,,
0,17,27,0,,,,,,,,
8,17,28,1,,,,1161,1271,,,
0,17,28,0,,,,,,,,
0,17,28,0,,,,,,,,
0,17,29,0,,,,,,,,
6,17,29,2,,122,,,,,,
0,17,29,0,,,,,,,,
19,17,30,1,,,,,,,,
0,17,30,0,,,,,,,,
0,17,30,0,,,,,,,,
0,17,31,0,,,,,,,,
15,17,31,2,,,255,,,,,
0,17,31,0,,,,,,,,
16,17,32,1,,,,,1551,,,
0,17,32,0,,,,,,,,
0,17,32,0,,,,,,,,
0,18,1,0,,,,,,,,
0,18,1,0,,,,,,,,
13,18,1,2,1025,1130,656,760,1592,,,
48,18,2,1,3430,1168,,,,,,
0,18,2,0,,,,,,,,
0,18,2,0,,,,,,,,
0,18,3,0,,,,,,,,
0,18,3,0,,,,,,,,
33,18,3,2,,,,,223,,,
66,18,4,1,1335,1704,,,,,,
0,18,4,0,,,,,,,,
0,18,4,0,,,,,,,,
0,18,5,0,,,,,,,,
0,18,5,0,,,,,,,,
60,18,5,2,582,610,627,380,369,,,
22,18,6,1,816,458,,,,,,
0,18,6,0,,,,,,,,
0,18,6,0,,,,,,,,
0,18,7,0,,,,,,,,
0,18,7,0,,,,,,,,
55,18,7,2,1009,175,,,,,,
15,18,8,1,352,,,,,,,
0,18,8,0,,,,,,,,
0,18,8,0,,,,,,,,
0,18,9,0,,,,,,,,
0,18,9,0,,,,,,,,
30,18,9,2,,1170,882,,764,,,
26,18,10,1,,,198,,397,,,
0,18,10,0,,,,,,,,
0,18,10,0,,,,,,,,
0,18,11,0,,,,,,,,
63,18,11,2,283,676,,,885,,,
0,18,11,0,,,,,,,,
41,18,12,1,,,,352,325,,,
0,18,12,0,,,,,,,,
0,18,12,0,,,,,,,,
0,18,13,0,,,,,,,,
24,18,13,2,1069,1077,488,,,,,
0,18,13,0,,,,,,,,
5,18,14,1,1065,,,,,,,
0,18,14,0,,,,,,,,
0,18,14,0,,,,,,,,
0,18,15,0,,,,,,,,
50,18,15,2,326,,337,,,,,
0,18,15,0,,,,,,,,
59,18,16,1,114,178,,,,,,
0,18,16,0,,,,,,,,
0,18,16,0,,,,,,,,
0,18,17,0,,,,,,,,
21,18,17,2,773,748,576,826,770,,,
0,18,17,0,,,,,,,,
25,18,18,1,420,473,,,,,,
0,18,18,0,,,,,,,,
0,18,18,0,,,,,,,,
0,18,19,0,,,,,,,,
10,18,19,2,869,1113,1224,,,,,
0,18,19,0,,,,,,,,
52,18,20,1,426,216,,,,,,
0,18,20,0,,,,,,,,
0,18,20,0,,,,,,,,
0,18,21,0,,,,,,,,
45,18,21,2,,,,,,,,
0,18,21,0,,,,,,,,
36,18,22,1,,252,,,,,,
0,18,22,0,,,,,,,,
0,18,22,0,,,,,,,,
0,18,23,0,,,,,,,,
32,18,23,2,753,637,979,575,154,,,
0,18,23,0,,,,,,,,
37,18,24,1,279,,,,848,,,
0,18,24,0,,,,,,,,
0,18,24,0,,,,,,,,
0,18,25,0,,,,,,,,
54,18,25,2,1293,1330,872,,,,,
0,18,25,0,,,,,,,,
12,18,26,1,752,1083,162,,,,,
0,18,26,0,,,,,,,,
0,18,26,0,,,,,,,,
0,18,27,0,,,,,,,,
18,18,27,2,658,517,856,1006,2214,,,
0,18,27,0,,,,,,,,
57,18,28,1,2230,1609,1291,758,950,,,
0,18,28,0,,,,,,,,
0,18,28,0,,,,,,,,
0,18,29,0,,,,,,,,
42,18,29,2,,451,322,344,,,,
0,18,29,0,,,,,,,,
17,18,30,1,1432,,,,,,,
0,18,30,0,,,,,,,,
0,18,30,0,,,,,,,,
0,18,31,0,,,,,,,,
35,18,31,2,1822,1318,949,382,606,,,
0,18,31,0,,,,,,,,
51,18,32,1,,,,,112,,,
0,18,32,0,,,,,,,,
0,18,32,0,,,,,,,,
23,19,1,1,295,,,,1525,,,
0,19,1,0,,,,,,,,
13,19,1,0,,,,,,,,
48,19,2,0,,,,,,,,
0,19,2,0,,,,,,,,
25,19,2,2,2503,2116,2795,1692,5427,,,
36,19,3,1,,607,193,,1025,,,
0,19,3,0,,,,,,,,
33,19,3,0,,,,,,,,
66,19,4,0,,,,,,,,
0,19,4,0,,,,,,,,
27,19,4,2,297,1037,869,621,1386,,,
6,19,5,1,,,,,,,,
0,19,5,0,,,,,,,,
60,19,5,0,,,,,,,,
22,19,6,0,,,,,,,,
0,19,6,0,,,,,,,,
61,19,6,2,,829,,,198,870,,
32,19,7,1,1408,1213,1560,1453,871,,,
0,19,7,0,,,,,,,,
55,19,7,0,,,,,,,,
15,19,8,0,,,,,,,,
0,19,8,0,,,,,,,,
50,19,8,2,858,1100,877,423,500,538,,
53,19,9,1,916,528,,837,735,,,
0,19,9,0,,,,,,,,
30,19,9,0,,,,,,,,
26,19,10,0,,,,,,,,
0,19,10,0,,,,,,,,
58,19,10,2,515,625,2703,319,506,,,
5,19,11,1,,750,1203,,951,,,
63,19,11,0,,,,,,,,
0,19,11,0,,,,,,,,
41,19,12,0,,,,,,,,
38,19,12,2,1874,1522,1046,2027,3186,,,
0,19,12,0,,,,,,,,
20,19,13,1,623,1038,850,1367,1161,,,
24,19,13,0,,,,,,,,
0,19,13,0,,,,,,,,
5,19,14,0,,,,,,,,
47,19,14,2,94,721,,,,,,
0,19,14,0,,,,,,,,
57,19,15,1,,,108,145,,,,
50,19,15,0,,,,,,,,
0,19,15,0,,,,,,,,
59,19,16,0,,,,,,,,
13,19,16,2,,,,,,,,
0,19,16,0,,,,,,,,
43,19,17,1,273,1921,1090,465,942,,,
21,19,17,0,,,,,,,,
0,19,17,0,,,,,,,,
25,19,18,0,,,,,,,,
19,19,18,2,394,2493,1323,815,1003,,,
0,19,18,0,,,,,,,,
60,19,19,1,582,1188,795,,,,,
10,19,19,0,,,,,,,,
0,19,19,0,,,,,,,,
52,19,20,0,,,,,,,,
52,19,20,2,,1702,,,,,,
0,19,20,0,,,,,,,,
44,19,21,1,,1700,,1094,519,,,
45,19,21,0,,,,,,,,
0,19,21,0,,,,,,,,
36,19,22,0,,,,,,,,
31,19,22,2,961,190,419,,1055,,,
0,19,22,0,,,,,,,,
22,19,23,1,,,,,479,,,
32,19,23,0,,,,,,,,
0,19,23,0,,,,,,,,
37,19,24,0,,,,,,,,
49,19,24,2,347,,,548,715,,,
0,19,24,0,,,,,,,,
64,19,25,1,216,134,,271,1033,,,
54,19,25,0,,,,,,,,
0,19,25,0,,,,,,,,
12,19,26,0,,,,,,,,
8,19,26,2,1296,1462,1284,197,,,,
0,19,26,0,,,,,,,,
18,19,27,1,,1334,,919,1211,,,
18,19,27,0,,,,,,,,
0,19,27,0,,,,,,,,
57,19,28,0,,,,,,,,
30,19,28,2,744,641,2986,,1532,,,
0,19,28,0,,,,,,,,
17,19,29,1,1417,882,1106,497,1143,1991,,
42,19,29,0,,,,,,,,
0,19,29,0,,,,,,,,
17,19,30,0,,,,,,,,
45,19,30,2,1347,1816,1186,144,,,,
0,19,30,0,,,,,,,,
46,19,31,1,,,,,193,,,
35,19,31,0,,,,,,,,
0,19,31,0,,,,,,,,
51,19,32,0,,,,,,,,
56,19,32,2,938,101,,,150,,,
0,19,32,0,,,,,,,,
23,20,1,0,,,,,,,,
0,20,1,0,,,,,,,,
32,20,1,2,,471,,,,,,
61,20,2,1,,,,,,,,
0,20,2,0,,,,,,,,
25,20,2,0,,,,,,,,
36,20,3,0,,,,,,,,
0,20,3,0,,,,,,,,
17,20,3,2,,,,96,1180,,,
14,20,4,1,,1158,,,,,,
0,20,4,0,,,,,,,,
27,20,4,0,,,,,,,,
6,20,5,0,,,,,,,,
0,20,5,0,,,,,,,,
66,20,5,2,,,,,,,,
41,20,6,1,,,,,,,,
0,20,6,0,,,,,,,,
61,20,6,0,,,,,,,,
32,20,7,0,,,,,,,,
0,20,7,0,,,,,,,,
39,20,7,2,,162,,,,,,
7,20,8,1,,,,,608,,,
0,20,8,0,,,,,,,,
50,20,8,0,,,,,,,,
53,20,9,0,,,,,,,,
0,20,9,0,,,,,,,,
9,20,9,2,423,1071,787,,1499,,,
22,20,10,1,,,,,,,,
0,20,10,0,,,,,,,,
58,20,10,0,,,,,,,,
5,20,11,0,,,,,,,,
53,20,11,2,,371,,,899,,,
0,20,11,0,,,,,,,,
65,20,12,1,1343,,,236,,,,
38,20,12,0,,,,,,,,
0,20,12,0,,,,,,,,
20,20,13,0,,,,,,,,
50,20,13,2,,1202,,,973,,,
0,20,13,0,,,,,,,,
38,20,14,1,,,,,,,,
47,20,14,0,,,,,,,,
0,20,14,0,,,,,,,,
57,20,15,0,,,,,,,,
59,20,15,2,,180,,,,,,
0,20,15,0,,,,,,,,
48,20,16,1,,,,,121,,,
13,20,16,0,,,,,,,,
0,20,16,0,,,,,,,,
43,20,17,0,,,,,,,,
12,20,17,2,,,,,,,,
0,20,17,0,,,,,,,,
29,20,18,1,,1747,,,,,,
19,20,18,0,,,,,,,,
0,20,18,0,,,,,,,,
60,20,19,0,,,,,,,,
64,20,19,2,,,,,,,,
0,20,19,0,,,,,,,,
45,20,20,1,,,,484,,,,
52,20,20,0,,,,,,,,
0,20,20,0,,,,,,,,
44,20,21,0,,,,,,,,
63,20,21,2,,,,,,,,
0,20,21,0,,,,,,,,
35,20,22,1,,153,983,,,,,
31,20,22,0,,,,,,,,
0,20,22,0,,,,,,,,
22,20,23,0,,,,,,,,
31,20,23,2,,,,,,,,
0,20,23,0,,,,,,,,
47,20,24,1,,,,,761,,,
49,20,24,0,,,,,,,,
0,20,24,0,,,,,,,,
64,20,25,0,,,,,,,,
26,20,25,2,,,,269,,,,
0,20,25,0,,,,,,,,
24,20,26,1,,,,,,,,
8,20,26,0,,,,,,,,
0,20,26,0,,,,,,,,
18,20,27,0,,,,,,,,
37,20,27,2,654,207,2446,,,,,
0,20,27,0,,,,,,,,
57,20,28,1,,,,,1761,,,
30,20,28,0,,,,,,,,
0,20,28,0,,,,,,,,
17,20,29,0,,,,,,,,
56,20,29,2,2260,,,,,,,
0,20,29,0,,,,,,,,
30,20,30,1,,,657,,701,,,
45,20,30,0,,,,,,,,
0,20,30,0,,,,,,,,
46,20,31,0,,,,,,,,
60,20,31,2,,,,,,,,
0,20,31,0,,,,,,,,
46,20,32,1,,526,,,,,,
56,20,32,0,,,,,,,,
0,20,32,0,,,,,,,,
