seq,subj,item,cond,R1,R2,R3,R4,R5,R6,R7,R8
0,1,1,0,,,,,,,,
0,1,1,0,,,,,,,,
50,1,1,2,3256,5130,2929,2781,2137,1268,,
16,1,2,1,4599,4529,1114,2788,2389,1364,,
0,1,2,0,,,,,,,,
0,1,2,0,,,,,,,,
0,1,3,0,,,,,,,,
0,1,3,0,,,,,,,,
12,1,3,2,1790,500,3276,4052,2328,3134,,
59,1,4,1,2311,4723,5877,1897,1343,2053,,
0,1,4,0,,,,,,,,
0,1,4,0,,,,,,,,
0,1,5,0,,,,,,,,
0,1,5,0,,,,,,,,
5,1,5,2,,4917,2504,2890,1210,1690,,
22,1,6,1,1528,1859,7503,4331,1462,1085,,
0,1,6,0,,,,,,,,
0,1,6,0,,,,,,,,
0,1,7,0,,,,,,,,
0,1,7,0,,,,,,,,
14,1,7,2,1886,2669,2476,2350,1557,2267,,
36,1,8,1,1341,1632,1744,1295,1309,1248,,
0,1,8,0,,,,,,,,
0,1,8,0,,,,,,,,
0,1,9,0,,,,,,,,
0,1,9,0,,,,,,,,
27,1,9,2,4560,3899,2562,4460,3556,2268,,
53,1,10,1,1662,2254,2088,1266,1565,1349,,
0,1,10,0,,,,,,,,
0,1,10,0,,,,,,,,
0,1,11,0,,,,,,,,
55,1,11,2,1219,2398,1072,2402,1657,1280,,
0,1,11,0,,,,,,,,
65,1,12,1,2746,7561,2636,2903,1277,700,,
0,1,12,0,,,,,,,,
0,1,12,0,,,,,,,,
0,1,13,0,,,,,,,,
33,1,13,2,3572,4411,3669,2291,1438,1396,,
0,1,13,0,,,,,,,,
68,1,14,1,2212,1505,636,1834,1605,816,214,
0,1,14,0,,,,,,,,
0,1,14,0,,,,,,,,
0,1,15,0,,,,,,,,
45,1,15,2,1237,2895,1644,2643,1467,1309,,
0,1,15,0,,,,,,,,
52,1,16,1,3359,3452,2423,1059,1397,1045,,
0,1,16,0,,,,,,,,
0,1,16,0,,,,,,,,
0,1,17,0,,,,,,,,
57,1,17,2,1608,2397,1468,2235,2020,1740,,
0,1,17,0,,,,,,,,
8,1,18,1,2357,3434,2113,1719,1409,1769,,
0,1,18,0,,,,,,,,
0,1,18,0,,,,,,,,
0,1,19,0,,,,,,,,
9,1,19,2,1532,3439,3040,1910,1327,2067,,
0,1,19,0,,,,,,,,
67,1,20,1,7713,5481,4161,1754,1327,1271,139,
0,1,20,0,,,,,,,,
0,1,20,0,,,,,,,,
0,1,21,0,,,,,,,,
46,1,21,2,3106,1582,2156,3073,1258,1564,,
0,1,21,0,,,,,,,,
64,1,22,1,1707,701,1478,1551,2272,1050,,
0,1,22,0,,,,,,,,
0,1,22,0,,,,,,,,
0,1,23,0,,,,,,,,
63,1,23,2,2564,1177,1745,2382,2051,1351,,
0,1,23,0,,,,,,,,
18,1,24,1,1651,3089,2883,2201,952,1362,,
0,1,24,0,,,,,,,,
0,1,24,0,,,,,,,,
0,1,25,0,,,,,,,,
35,1,25,2,1800,1256,1430,1526,2177,1225,,
0,1,25,0,,,,,,,,
10,1,26,1,1688,6017,4394,4924,2751,1231,,
0,1,26,0,,,,,,,,
0,1,26,0,,,,,,,,
0,1,27,0,,,,,,,,
7,1,27,2,1843,2998,4111,3513,3087,2290,,
0,1,27,0,,,,,,,,
34,1,28,1,3956,3131,3438,3005,2541,1639,,
0,1,28,0,,,,,,,,
0,1,28,0,,,,,,,,
0,1,29,0,,,,,,,,
56,1,29,2,3394,2220,3319,3015,2202,1692,,
0,1,29,0,,,,,,,,
20,1,30,1,3273,3677,4192,4207,2163,2953,,
0,1,30,0,,,,,,,,
0,1,30,0,,,,,,,,
0,1,31,0,,,,,,,,
24,1,31,2,1805,3896,3297,3497,1110,2643,,
0,1,31,0,,,,,,,,
58,1,32,1,2667,2511,3227,3120,2088,1188,,
0,1,32,0,,,,,,,,
0,1,32,0,,,,,,,,
0,2,1,0,,,,,,,,
0,2,1,0,,,,,,,,
13,2,1,2,1863,1776,976,976,1310,1133,,
8,2,2,1,3308,2528,3045,1245,2472,1467,,
0,2,2,0,,,,,,,,
0,2,2,0,,,,,,,,
0,2,3,0,,,,,,,,
0,2,3,0,,,,,,,,
61,2,3,2,1428,858,1192,974,1058,1024,,
11,2,4,1,2795,2312,2372,1571,1533,1263,,
0,2,4,0,,,,,,,,
0,2,4,0,,,,,,,,
0,2,5,0,,,,,,,,
0,2,5,0,,,,,,,,
57,2,5,2,3597,2054,1604,873,1103,926,,
63,2,6,1,1241,2919,1569,1896,1070,1278,,
0,2,6,0,,,,,,,,
0,2,6,0,,,,,,,,
0,2,7,0,,,,,,,,
0,2,7,0,,,,,,,,
35,2,7,2,1853,1719,1833,2082,1264,985,,
54,2,8,1,1041,1352,1191,799,1473,2542,,
0,2,8,0,,,,,,,,
0,2,8,0,,,,,,,,
0,2,9,0,,,,,,,,
0,2,9,0,,,,,,,,
49,2,9,2,1402,2073,2239,1398,1130,836,,
17,2,10,1,1637,1907,1399,1317,1253,846,,
0,2,10,0,,,,,,,,
0,2,10,0,,,,,,,,
0,2,11,0,,,,,,,,
45,2,11,2,2057,4665,1356,796,1572,1162,,
0,2,11,0,,,,,,,,
39,2,12,1,1034,1707,2156,1695,1593,599,,
0,2,12,0,,,,,,,,
0,2,12,0,,,,,,,,
0,2,13,0,,,,,,,,
26,2,13,2,2533,1889,1287,2019,2037,1007,,
0,2,13,0,,,,,,,,
32,2,14,1,2420,3361,2090,2074,2033,841,,
0,2,14,0,,,,,,,,
0,2,14,0,,,,,,,,
0,2,15,0,,,,,,,,
22,2,15,2,1175,1379,994,751,1101,1002,,
0,2,15,0,,,,,,,,
23,2,16,1,1611,3458,2591,1442,762,1078,,
0,2,16,0,,,,,,,,
0,2,16,0,,,,,,,,
0,2,17,0,,,,,,,,
28,2,17,2,1592,2635,1357,2509,1643,943,,
0,2,17,0,,,,,,,,
48,2,18,1,1433,1683,2028,1237,981,823,,
0,2,18,0,,,,,,,,
0,2,18,0,,,,,,,,
0,2,19,0,,,,,,,,
30,2,19,2,2726,4006,1968,1491,1200,2553,,
0,2,19,0,,,,,,,,
44,2,20,1,1505,2032,1500,1568,1593,1188,,
0,2,20,0,,,,,,,,
0,2,20,0,,,,,,,,
0,2,21,0,,,,,,,,
31,2,21,2,2018,1575,912,1499,1361,1291,,
0,2,21,0,,,,,,,,
16,2,22,1,1843,2029,1583,1141,1696,1405,,
0,2,22,0,,,,,,,,
0,2,22,0,,,,,,,,
0,2,23,0,,,,,,,,
60,2,23,2,1359,969,812,957,756,1505,,
0,2,23,0,,,,,,,,
37,2,24,1,1422,1526,1258,1721,857,2279,,
0,2,24,0,,,,,,,,
0,2,24,0,,,,,,,,
0,2,25,0,,,,,,,,
38,2,25,2,1452,1436,1429,1943,778,1316,,
0,2,25,0,,,,,,,,
40,2,26,1,1366,2461,1749,1250,1348,1125,,
0,2,26,0,,,,,,,,
0,2,26,0,,,,,,,,
0,2,27,0,,,,,,,,
27,2,27,2,2723,1805,2399,1393,1349,1487,,
0,2,27,0,,,,,,,,
65,2,28,1,1784,2260,2485,1206,1379,2267,,
0,2,28,0,,,,,,,,
0,2,28,0,,,,,,,,
0,2,29,0,,,,,,,,
5,2,29,2,2555,2472,2336,2719,1414,1007,,
0,2,29,0,,,,,,,,
10,2,30,1,1983,2232,2272,1952,2349,1566,,
0,2,30,0,,,,,,,,
0,2,30,0,,,,,,,,
0,2,31,0,,,,,,,,
52,2,31,2,1129,2260,3093,3218,886,970,,
0,2,31,0,,,,,,,,
53,2,32,1,1218,2451,1309,766,613,614,,
0,2,32,0,,,,,,,,
0,2,32,0,,,,,,,,
0,3,1,0,,,,,,,,
0,3,1,0,,,,,,,,
17,3,1,2,1453,1810,967,882,731,507,,
37,3,2,1,2488,1704,1177,833,756,425,,
0,3,2,0,,,,,,,,
0,3,2,0,,,,,,,,
0,3,3,0,,,,,,,,
0,3,3,0,,,,,,,,
42,3,3,2,1977,787,1354,710,1032,1653,,
60,3,4,1,1625,1567,1724,1217,832,415,,
0,3,4,0,,,,,,,,
0,3,4,0,,,,,,,,
0,3,5,0,,,,,,,,
0,3,5,0,,,,,,,,
66,3,5,2,1479,1176,757,993,426,440,,
48,3,6,1,1951,1273,1484,990,642,602,,
0,3,6,0,,,,,,,,
0,3,6,0,,,,,,,,
0,3,7,0,,,,,,,,
0,3,7,0,,,,,,,,
29,3,7,2,2251,986,1035,590,632,858,,
51,3,8,1,1378,1284,1338,1144,1146,995,,
0,3,8,0,,,,,,,,
0,3,8,0,,,,,,,,
0,3,9,0,,,,,,,,
0,3,9,0,,,,,,,,
13,3,9,2,1627,2299,1090,792,951,389,,
54,3,10,1,1075,1310,631,699,895,581,,
0,3,10,0,,,,,,,,
0,3,10,0,,,,,,,,
0,3,11,0,,,,,,,,
6,3,11,2,2124,2026,686,1298,1118,968,,
0,3,11,0,,,,,,,,
20,3,12,1,1062,1478,1211,943,853,,,
0,3,12,0,,,,,,,,
0,3,12,0,,,,,,,,
0,3,13,0,,,,,,,,
44,3,13,2,3372,1674,1084,1453,681,410,,
0,3,13,0,,,,,,,,
23,3,14,1,1078,1080,840,431,1004,537,,
0,3,14,0,,,,,,,,
0,3,14,0,,,,,,,,
0,3,15,0,,,,,,,,
27,3,15,2,847,508,820,221,1023,493,,
0,3,15,0,,,,,,,,
41,3,16,1,1668,1232,2497,377,338,460,,
0,3,16,0,,,,,,,,
0,3,16,0,,,,,,,,
0,3,17,0,,,,,,,,
56,3,17,2,1849,1949,978,2020,1449,1250,,
0,3,17,0,,,,,,,,
65,3,18,1,2365,1921,1174,877,458,314,,
0,3,18,0,,,,,,,,
0,3,18,0,,,,,,,,
0,3,19,0,,,,,,,,
47,3,19,2,2119,1337,2749,2577,872,1473,,
0,3,19,0,,,,,,,,
63,3,20,1,3361,1783,1781,1072,685,559,,
0,3,20,0,,,,,,,,
0,3,20,0,,,,,,,,
0,3,21,0,,,,,,,,
10,3,21,2,2515,1038,641,968,879,751,,
0,3,21,0,,,,,,,,
19,3,22,1,1280,645,1002,781,1468,744,,
0,3,22,0,,,,,,,,
0,3,22,0,,,,,,,,
0,3,23,0,,,,,,,,
33,3,23,2,2020,1006,1114,537,488,998,,
0,3,23,0,,,,,,,,
68,3,24,1,1490,1003,892,602,544,970,,
0,3,24,0,,,,,,,,
0,3,24,0,,,,,,,,
0,3,25,0,,,,,,,,
59,3,25,2,4698,1027,1453,966,565,680,,
0,3,25,0,,,,,,,,
28,3,26,1,4745,1964,1167,833,565,443,,
0,3,26,0,,,,,,,,
0,3,26,0,,,,,,,,
0,3,27,0,,,,,,,,
50,3,27,2,2979,1862,2371,644,648,775,,
0,3,27,0,,,,,,,,
39,3,28,1,2235,1208,1332,833,1333,943,,
0,3,28,0,,,,,,,,
0,3,28,0,,,,,,,,
0,3,29,0,,,,,,,,
21,3,29,2,2121,1246,1564,1335,1140,885,,
0,3,29,0,,,,,,,,
35,3,30,1,2249,1285,1363,732,1332,718,,
0,3,30,0,,,,,,,,
0,3,30,0,,,,,,,,
0,3,31,0,,,,,,,,
53,3,31,2,1700,1385,1055,1573,1204,472,,
0,3,31,0,,,,,,,,
36,3,32,1,1840,646,902,1362,825,386,,
0,3,32,0,,,,,,,,
0,3,32,0,,,,,,,,
0,4,1,0,,,,,,,,
0,4,1,0,,,,,,,,
49,4,1,2,3330,3129,1384,2192,1868,2003,,
43,4,2,1,3828,3413,1972,1988,1680,1065,,
0,4,2,0,,,,,,,,
0,4,2,0,,,,,,,,
0,4,3,0,,,,,,,,
0,4,3,0,,,,,,,,
35,4,3,2,2539,3513,2743,2810,2208,2303,,
55,4,4,1,2533,3262,3646,3789,2190,2375,,
0,4,4,0,,,,,,,,
0,4,4,0,,,,,,,,
0,4,5,0,,,,,,,,
0,4,5,0,,,,,,,,
6,4,5,2,3328,2038,3853,1705,1225,1785,,
18,4,6,1,3592,3065,1930,2656,3062,3602,,
0,4,6,0,,,,,,,,
0,4,6,0,,,,,,,,
0,4,7,0,,,,,,,,
0,4,7,0,,,,,,,,
24,4,7,2,5789,2301,3004,4102,1063,1558,,
32,4,8,1,2434,2465,1971,1073,1805,3374,,
0,4,8,0,,,,,,,,
0,4,8,0,,,,,,,,
0,4,9,0,,,,,,,,
0,4,9,0,,,,,,,,
30,4,9,2,2367,2615,1836,1412,2385,2163,,
13,4,10,1,3198,2307,1499,2519,1886,2654,,
0,4,10,0,,,,,,,,
0,4,10,0,,,,,,,,
0,4,11,0,,,,,,,,
40,4,11,2,2018,2124,2000,2924,1322,1540,,
0,4,11,0,,,,,,,,
11,4,12,1,2910,4059,3363,2791,1567,1535,,
0,4,12,0,,,,,,,,
0,4,12,0,,,,,,,,
0,4,13,0,,,,,,,,
64,4,13,2,2807,3022,3181,3386,2180,1662,,
0,4,13,0,,,,,,,,
46,4,14,1,1387,2452,2168,1957,1471,1174,,
0,4,14,0,,,,,,,,
0,4,14,0,,,,,,,,
0,4,15,0,,,,,,,,
34,4,15,2,2436,1641,3427,3220,1988,2526,,
0,4,15,0,,,,,,,,
26,4,16,1,3294,3891,3849,2118,957,1358,197,
0,4,16,0,,,,,,,,
0,4,16,0,,,,,,,,
0,4,17,0,,,,,,,,
47,4,17,2,5462,2720,2101,2146,3663,2446,,
0,4,17,0,,,,,,,,
57,4,18,1,3064,2982,2832,2734,1868,1720,,
0,4,18,0,,,,,,,,
0,4,18,0,,,,,,,,
0,4,19,0,,,,,,,,
29,4,19,2,4059,3731,2649,1950,1678,2010,,
0,4,19,0,,,,,,,,
65,4,20,1,3376,3005,3080,4456,2902,1806,,
0,4,20,0,,,,,,,,
0,4,20,0,,,,,,,,
0,4,21,0,,,,,,,,
8,4,21,2,4520,2218,2499,1771,1272,1879,,
0,4,21,0,,,,,,,,
39,4,22,1,3102,1937,2004,1884,2174,2207,,
0,4,22,0,,,,,,,,
0,4,22,0,,,,,,,,
0,4,23,0,,,,,,,,
52,4,23,2,2417,3103,1890,3513,2089,2806,,
0,4,23,0,,,,,,,,
63,4,24,1,1887,2557,1984,2435,1147,1690,,
0,4,24,0,,,,,,,,
0,4,24,0,,,,,,,,
0,4,25,0,,,,,,,,
15,4,25,2,2510,3787,2474,3265,1208,2927,,
0,4,25,0,,,,,,,,
12,4,26,1,3742,1527,2002,2073,1594,1344,,
0,4,26,0,,,,,,,,
0,4,26,0,,,,,,,,
0,4,27,0,,,,,,,,
67,4,27,2,2737,2302,2701,1670,3391,3208,,
0,4,27,0,,,,,,,,
22,4,28,1,5351,2212,3162,2585,2664,3423,,
0,4,28,0,,,,,,,,
0,4,28,0,,,,,,,,
0,4,29,0,,,,,,,,
41,4,29,2,3405,2785,2668,2903,3201,2578,,
0,4,29,0,,,,,,,,
5,4,30,1,4183,3516,3588,3313,2065,2529,,
0,4,30,0,,,,,,,,
0,4,30,0,,,,,,,,
0,4,31,0,,,,,,,,
48,4,31,2,4267,2624,2282,2130,1459,1657,,
0,4,31,0,,,,,,,,
45,4,32,1,1935,2250,2204,1919,2183,1229,,
0,4,32,0,,,,,,,,
0,4,32,0,,,,,,,,
0,5,1,0,,,,,,,,
0,5,1,0,,,,,,,,
54,5,1,2,3103,2973,1173,1803,789,2966,,
38,5,2,1,2238,1994,2897,1701,1189,1304,,
0,5,2,0,,,,,,,,
0,5,2,0,,,,,,,,
0,5,3,0,,,,,,,,
0,5,3,0,,,,,,,,
11,5,3,2,3020,1240,1510,1260,1444,1643,,
43,5,4,1,1883,2449,2584,1561,1428,934,,
0,5,4,0,,,,,,,,
0,5,4,0,,,,,,,,
0,5,5,0,,,,,,,,
0,5,5,0,,,,,,,,
56,5,5,2,4231,3385,1582,1292,775,1413,,
40,5,6,1,2202,2674,1953,1934,1235,1301,,
0,5,6,0,,,,,,,,
0,5,6,0,,,,,,,,
0,5,7,0,,,,,,,,
0,5,7,0,,,,,,,,
36,5,7,2,3514,1545,1901,1318,755,761,,
31,5,8,1,1990,1940,1491,900,2002,1596,,
0,5,8,0,,,,,,,,
0,5,8,0,,,,,,,,
0,5,9,0,,,,,,,,
0,5,9,0,,,,,,,,
60,5,9,2,2684,1765,1497,728,1213,1542,,
22,5,10,1,1838,1648,2492,1442,1269,1634,,
0,5,10,0,,,,,,,,
0,5,10,0,,,,,,,,
0,5,11,0,,,,,,,,
46,5,11,2,2499,3706,1979,1032,1075,1379,,
0,5,11,0,,,,,,,,
18,5,12,1,1419,3495,2632,1688,623,1287,221,
0,5,12,0,,,,,,,,
0,5,12,0,,,,,,,,
0,5,13,0,,,,,,,,
29,5,13,2,2820,1534,2120,1940,1329,1750,,
0,5,13,0,,,,,,,,
35,5,14,1,1730,1248,1634,1462,1118,667,,
0,5,14,0,,,,,,,,
0,5,14,0,,,,,,,,
0,5,15,0,,,,,,,,
68,5,15,2,1903,3385,2180,1274,1700,1691,,
0,5,15,0,,,,,,,,
15,5,16,1,3591,2228,2497,1907,985,1687,,
0,5,16,0,,,,,,,,
0,5,16,0,,,,,,,,
0,5,17,0,,,,,,,,
28,5,17,2,2341,1598,2132,1585,1080,2112,,
0,5,17,0,,,,,,,,
47,5,18,1,2202,2552,1924,1324,1394,731,,
0,5,18,0,,,,,,,,
0,5,18,0,,,,,,,,
0,5,19,0,,,,,,,,
34,5,19,2,2297,1937,1790,1603,1160,2060,,
0,5,19,0,,,,,,,,
16,5,20,1,4223,2595,2056,1556,646,1541,,
0,5,20,0,,,,,,,,
0,5,20,0,,,,,,,,
0,5,21,0,,,,,,,,
7,5,21,2,2111,2093,1211,1638,512,2624,,
0,5,21,0,,,,,,,,
21,5,22,1,1267,2186,1765,1805,1438,2057,,
0,5,22,0,,,,,,,,
0,5,22,0,,,,,,,,
0,5,23,0,,,,,,,,
25,5,23,2,2024,1431,2206,2249,1109,1680,,
0,5,23,0,,,,,,,,
45,5,24,1,3271,1341,1478,1380,1006,1945,,
0,5,24,0,,,,,,,,
0,5,24,0,,,,,,,,
0,5,25,0,,,,,,,,
30,5,25,2,2606,2113,1450,1813,1270,1698,,
0,5,25,0,,,,,,,,
53,5,26,1,3243,2800,2243,941,1389,1427,,
0,5,26,0,,,,,,,,
0,5,26,0,,,,,,,,
0,5,27,0,,,,,,,,
8,5,27,2,2802,2062,1622,1058,1558,2071,,
0,5,27,0,,,,,,,,
51,5,28,1,3166,1741,2412,1358,957,3866,,
0,5,28,0,,,,,,,,
0,5,28,0,,,,,,,,
0,5,29,0,,,,,,,,
63,5,29,2,3885,3301,2428,1716,1574,966,,
0,5,29,0,,,,,,,,
24,5,30,1,2802,2729,2351,2260,1663,2109,,
0,5,30,0,,,,,,,,
0,5,30,0,,,,,,,,
0,5,31,0,,,,,,,,
6,5,31,2,2346,2173,2010,1476,653,3117,,
0,5,31,0,,,,,,,,
14,5,32,1,2017,2124,1984,1534,812,1326,,
0,5,32,0,,,,,,,,
0,5,32,0,,,,,,,,
0,6,1,0,,,,,,,,
0,6,1,0,,,,,,,,
57,6,1,2,2026,611,1048,2744,1138,3761,213,
43,6,2,1,2775,2521,1777,467,1743,4791,267,
0,6,2,0,,,,,,,,
0,6,2,0,,,,,,,,
0,6,3,0,,,,,,,,
0,6,3,0,,,,,,,,
36,6,3,2,3511,623,2177,3270,1409,2406,,
66,6,4,1,1713,629,2243,1838,1423,4249,,
0,6,4,0,,,,,,,,
0,6,4,0,,,,,,,,
0,6,5,0,,,,,,,,
0,6,5,0,,,,,,,,
51,6,5,2,2231,618,1701,1725,1102,2452,,
64,6,6,1,2291,2425,3922,3637,698,2513,,
0,6,6,0,,,,,,,,
0,6,6,0,,,,,,,,
0,6,7,0,,,,,,,,
0,6,7,0,,,,,,,,
68,6,7,2,2919,1881,868,1423,1786,2229,,
17,6,8,1,2561,2609,1177,810,2817,2902,,
0,6,8,0,,,,,,,,
0,6,8,0,,,,,,,,
0,6,9,0,,,,,,,,
0,6,9,0,,,,,,,,
15,6,9,2,4625,3093,1723,2842,2907,1778,,
22,6,10,1,1066,1396,1771,1409,2056,1224,,
0,6,10,0,,,,,,,,
0,6,10,0,,,,,,,,
0,6,11,0,,,,,,,,
40,6,11,2,1875,1506,1963,1924,4087,2855,,
0,6,11,0,,,,,,,,
21,6,12,1,4005,5756,2335,3399,1627,2133,,
0,6,12,0,,,,,,,,
0,6,12,0,,,,,,,,
0,6,13,0,,,,,,,,
46,6,13,2,2624,932,1831,637,1058,2849,513,
0,6,13,0,,,,,,,,
38,6,14,1,1731,1080,2595,1802,812,2311,140,
0,6,14,0,,,,,,,,
0,6,14,0,,,,,,,,
0,6,15,0,,,,,,,,
8,6,15,2,2034,1558,3744,2554,3744,2573,,
0,6,15,0,,,,,,,,
19,6,16,1,3651,2250,1948,4306,1313,1418,,
0,6,16,0,,,,,,,,
0,6,16,0,,,,,,,,
0,6,17,0,,,,,,,,
27,6,17,2,1138,948,2121,2204,3281,3237,,
0,6,17,0,,,,,,,,
28,6,18,1,5416,2420,1621,2089,752,1612,,
0,6,18,0,,,,,,,,
0,6,18,0,,,,,,,,
0,6,19,0,,,,,,,,
62,6,19,2,1470,2606,3861,1460,1041,3810,,
0,6,19,0,,,,,,,,
42,6,20,1,1224,1567,1918,2453,948,3799,,
0,6,20,0,,,,,,,,
0,6,20,0,,,,,,,,
0,6,21,0,,,,,,,,
33,6,21,2,1303,1328,2205,2851,1819,1804,,
0,6,21,0,,,,,,,,
53,6,22,1,3286,1547,1145,916,338,2681,,
0,6,22,0,,,,,,,,
0,6,22,0,,,,,,,,
0,6,23,0,,,,,,,,
54,6,23,2,1938,972,1880,1670,1109,3818,,
0,6,23,0,,,,,,,,
13,6,24,1,3637,3840,2175,1441,1035,2272,,
0,6,24,0,,,,,,,,
0,6,24,0,,,,,,,,
0,6,25,0,,,,,,,,
12,6,25,2,1815,1882,1891,1576,1314,3558,,
0,6,25,0,,,,,,,,
45,6,26,1,1916,704,1902,3541,3203,3656,,
0,6,26,0,,,,,,,,
0,6,26,0,,,,,,,,
0,6,27,0,,,,,,,,
61,6,27,2,1582,1581,755,1708,1081,4733,,
0,6,27,0,,,,,,,,
14,6,28,1,3440,2955,1303,1614,1572,2649,,
0,6,28,0,,,,,,,,
0,6,28,0,,,,,,,,
0,6,29,0,,,,,,,,
7,6,29,2,4697,3015,2112,4433,2809,2398,,
0,6,29,0,,,,,,,,
63,6,30,1,2206,1655,1012,1783,2467,4295,,
0,6,30,0,,,,,,,,
0,6,30,0,,,,,,,,
0,6,31,0,,,,,,,,
6,6,31,2,5232,2354,1898,3669,2082,3412,,
0,6,31,0,,,,,,,,
56,6,32,1,1258,2260,995,865,1118,2061,438,
0,6,32,0,,,,,,,,
0,6,32,0,,,,,,,,
0,7,1,0,,,,,,,,
0,7,1,0,,,,,,,,
43,7,1,2,1624,2725,1795,1342,1481,1147,,
12,7,2,1,3371,2107,1959,1155,1654,1103,,
0,7,2,0,,,,,,,,
0,7,2,0,,,,,,,,
0,7,3,0,,,,,,,,
0,7,3,0,,,,,,,,
35,7,3,2,2042,1606,1583,1844,1480,1672,,
21,7,4,1,1775,3093,1657,2749,1681,1211,,
0,7,4,0,,,,,,,,
0,7,4,0,,,,,,,,
0,7,5,0,,,,,,,,
0,7,5,0,,,,,,,,
46,7,5,2,1971,1238,2167,1507,947,1128,,
6,7,6,1,2308,2914,2525,1535,1711,1788,,
0,7,6,0,,,,,,,,
0,7,6,0,,,,,,,,
0,7,7,0,,,,,,,,
0,7,7,0,,,,,,,,
29,7,7,2,2228,1336,1454,1656,1186,1268,,
17,7,8,1,1333,1388,1187,1223,1252,1606,,
0,7,8,0,,,,,,,,
0,7,8,0,,,,,,,,
0,7,9,0,,,,,,,,
0,7,9,0,,,,,,,,
23,7,9,2,2723,2716,1742,1264,1413,1250,,
49,7,10,1,2317,1422,1213,1299,1005,650,,
0,7,10,0,,,,,,,,
0,7,10,0,,,,,,,,
0,7,11,0,,,,,,,,
45,7,11,2,1630,1578,1604,872,936,869,,
0,7,11,0,,,,,,,,
10,7,12,1,1883,2236,1565,1759,1538,1075,,
0,7,12,0,,,,,,,,
0,7,12,0,,,,,,,,
0,7,13,0,,,,,,,,
37,7,13,2,2204,2094,2085,2426,1034,669,,
0,7,13,0,,,,,,,,
19,7,14,1,2231,1266,1744,822,1596,1434,,
0,7,14,0,,,,,,,,
0,7,14,0,,,,,,,,
0,7,15,0,,,,,,,,
26,7,15,2,2189,1539,2073,1142,1567,1857,,
0,7,15,0,,,,,,,,
31,7,16,1,2387,2661,3013,2114,914,1417,,
0,7,16,0,,,,,,,,
0,7,16,0,,,,,,,,
0,7,17,0,,,,,,,,
58,7,17,2,3932,3361,1531,1654,1872,1491,,
0,7,17,0,,,,,,,,
28,7,18,1,2923,1803,2418,1812,1324,1262,,
0,7,18,0,,,,,,,,
0,7,18,0,,,,,,,,
0,7,19,0,,,,,,,,
56,7,19,2,2115,1984,1848,1125,1296,1459,,
0,7,19,0,,,,,,,,
16,7,20,1,4603,1948,1795,2841,970,1114,,
0,7,20,0,,,,,,,,
0,7,20,0,,,,,,,,
0,7,21,0,,,,,,,,
42,7,21,2,2895,1408,1174,1492,1130,1158,,
0,7,21,0,,,,,,,,
27,7,22,1,2167,1861,1371,1558,1589,1575,,
0,7,22,0,,,,,,,,
0,7,22,0,,,,,,,,
0,7,23,0,,,,,,,,
59,7,23,2,2209,1705,1556,1216,1230,598,,
0,7,23,0,,,,,,,,
20,7,24,1,2151,1589,1267,1004,891,1554,,
0,7,24,0,,,,,,,,
0,7,24,0,,,,,,,,
0,7,25,0,,,,,,,,
40,7,25,2,1630,1494,1256,1956,953,898,,
0,7,25,0,,,,,,,,
60,7,26,1,2285,1905,1406,963,876,1042,,
0,7,26,0,,,,,,,,
0,7,26,0,,,,,,,,
0,7,27,0,,,,,,,,
11,7,27,2,3104,1968,2026,1148,1816,2016,,
0,7,27,0,,,,,,,,
48,7,28,1,2323,2186,4312,1484,1344,941,,
0,7,28,0,,,,,,,,
0,7,28,0,,,,,,,,
0,7,29,0,,,,,,,,
65,7,29,2,3022,2006,1845,1200,1369,1649,,
0,7,29,0,,,,,,,,
52,7,30,1,5131,2157,1455,2244,1140,724,,
0,7,30,0,,,,,,,,
0,7,30,0,,,,,,,,
0,7,31,0,,,,,,,,
57,7,31,2,2343,1839,1718,2444,959,1682,,
0,7,31,0,,,,,,,,
32,7,32,1,1549,1757,1434,1370,820,590,,
0,7,32,0,,,,,,,,
0,7,32,0,,,,,,,,
0,8,1,0,,,,,,,,
0,8,1,0,,,,,,,,
26,8,1,2,3401,1568,2216,2283,1055,1639,,
63,8,2,1,2768,2953,1825,1887,1162,994,,
0,8,2,0,,,,,,,,
0,8,2,0,,,,,,,,
0,8,3,0,,,,,,,,
0,8,3,0,,,,,,,,
42,8,3,2,529,1572,2893,1957,847,3130,,
48,8,4,1,2256,2809,2630,1473,2054,2273,,
0,8,4,0,,,,,,,,
0,8,4,0,,,,,,,,
0,8,5,0,,,,,,,,
0,8,5,0,,,,,,,,
38,8,5,2,438,3123,1055,2805,821,2616,,
52,8,6,1,1895,2207,1407,2362,1786,1581,,
0,8,6,0,,,,,,,,
0,8,6,0,,,,,,,,
0,8,7,0,,,,,,,,
0,8,7,0,,,,,,,,
32,8,7,2,672,1582,3339,1224,1568,2772,,
35,8,8,1,791,1868,1754,2046,1186,2262,,
0,8,8,0,,,,,,,,
0,8,8,0,,,,,,,,
0,8,9,0,,,,,,,,
0,8,9,0,,,,,,,,
28,8,9,2,1754,829,2377,1895,1061,2280,,
15,8,10,1,2022,1839,1272,1147,1238,1729,,
0,8,10,0,,,,,,,,
0,8,10,0,,,,,,,,
0,8,11,0,,,,,,,,
30,8,11,2,585,1649,1847,1874,1381,3648,,
0,8,11,0,,,,,,,,
41,8,12,1,656,2125,2168,2515,250,2277,610,
0,8,12,0,,,,,,,,
0,8,12,0,,,,,,,,
0,8,13,0,,,,,,,,
57,8,13,2,2937,2140,1551,1541,1735,1815,,
0,8,13,0,,,,,,,,
8,8,14,1,2256,1215,1361,1737,1430,1371,,
0,8,14,0,,,,,,,,
0,8,14,0,,,,,,,,
0,8,15,0,,,,,,,,
34,8,15,2,506,1514,1591,2269,1990,1858,,
0,8,15,0,,,,,,,,
9,8,16,1,3184,1711,1797,1961,1655,1411,,
0,8,16,0,,,,,,,,
0,8,16,0,,,,,,,,
0,8,17,0,,,,,,,,
40,8,17,2,499,3205,3452,1455,2528,1476,,
0,8,17,0,,,,,,,,
7,8,18,1,5174,3226,2043,1696,1456,1992,,
0,8,18,0,,,,,,,,
0,8,18,0,,,,,,,,
0,8,19,0,,,,,,,,
60,8,19,2,1938,1951,1682,1438,1776,2571,,
0,8,19,0,,,,,,,,
54,8,20,1,2240,2054,1666,1690,1285,2018,,
0,8,20,0,,,,,,,,
0,8,20,0,,,,,,,,
0,8,21,0,,,,,,,,
64,8,21,2,2376,1691,1486,2246,1364,1752,,
0,8,21,0,,,,,,,,
66,8,22,1,1481,1288,1733,1896,1805,1976,,
0,8,22,0,,,,,,,,
0,8,22,0,,,,,,,,
0,8,23,0,,,,,,,,
11,8,23,2,1924,2091,1874,1338,1324,1741,,
0,8,23,0,,,,,,,,
31,8,24,1,555,2281,392,2293,989,2781,,
0,8,24,0,,,,,,,,
0,8,24,0,,,,,,,,
0,8,25,0,,,,,,,,
10,8,25,2,3439,1571,936,3246,891,2254,,
0,8,25,0,,,,,,,,
6,8,26,1,3346,1887,1805,1621,1377,2278,,
0,8,26,0,,,,,,,,
0,8,26,0,,,,,,,,
0,8,27,0,,,,,,,,
23,8,27,2,1939,1277,2358,2024,1369,2546,,
0,8,27,0,,,,,,,,
51,8,28,1,3165,1914,1550,2067,1655,2553,,
0,8,28,0,,,,,,,,
0,8,28,0,,,,,,,,
0,8,29,0,,,,,,,,
49,8,29,2,3387,2419,1997,1657,2727,1028,,
0,8,29,0,,,,,,,,
44,8,30,1,234,3721,1980,1851,1583,2751,,
0,8,30,0,,,,,,,,
0,8,30,0,,,,,,,,
0,8,31,0,,,,,,,,
62,8,31,2,2170,1909,1459,1717,1331,1916,,
0,8,31,0,,,,,,,,
19,8,32,1,2615,1153,1661,1746,1138,2063,,
0,8,32,0,,,,,,,,
0,8,32,0,,,,,,,,
0,9,1,0,,,,,,,,
0,9,1,0,,,,,,,,
57,9,1,2,3555,3458,3416,1548,1905,2440,,
20,9,2,1,3671,3667,2803,1714,4489,2153,,
0,9,2,0,,,,,,,,
0,9,2,0,,,,,,,,
0,9,3,0,,,,,,,,
0,9,3,0,,,,,,,,
28,9,3,2,3754,4337,3438,2263,1010,2908,,
6,9,4,1,4231,4850,5324,2354,1767,1502,,
0,9,4,0,,,,,,,,
0,9,4,0,,,,,,,,
0,9,5,0,,,,,,,,
0,9,5,0,,,,,,,,
64,9,5,2,2328,2187,2032,2081,2337,2262,,
14,9,6,1,4087,1904,1765,3033,1320,3132,,
0,9,6,0,,,,,,,,
0,9,6,0,,,,,,,,
0,9,7,0,,,,,,,,
0,9,7,0,,,,,,,,
18,9,7,2,2166,2494,1560,1258,1678,2535,,
50,9,8,1,2141,3990,3044,2411,1887,3631,,
0,9,8,0,,,,,,,,
0,9,8,0,,,,,,,,
0,9,9,0,,,,,,,,
0,9,9,0,,,,,,,,
48,9,9,2,2747,4841,3424,1120,1175,2028,,
9,9,10,1,1839,3293,2665,1365,1658,1826,,
0,9,10,0,,,,,,,,
0,9,10,0,,,,,,,,
0,9,11,0,,,,,,,,
44,9,11,2,1534,1824,2230,915,1155,1868,,
0,9,11,0,,,,,,,,
39,9,12,1,2651,5631,4231,1888,1510,1204,,
0,9,12,0,,,,,,,,
0,9,12,0,,,,,,,,
0,9,13,0,,,,,,,,
12,9,13,2,1954,4825,3385,2022,2779,1624,,
0,9,13,0,,,,,,,,
56,9,14,1,3212,1462,1523,1637,1369,2437,159,
0,9,14,0,,,,,,,,
0,9,14,0,,,,,,,,
0,9,15,0,,,,,,,,
47,9,15,2,502,3260,4621,988,1974,1751,,
0,9,15,0,,,,,,,,
45,9,16,1,2894,970,1207,1956,1340,2150,,
0,9,16,0,,,,,,,,
0,9,16,0,,,,,,,,
0,9,17,0,,,,,,,,
59,9,17,2,3552,3141,950,1324,1462,2105,,
0,9,17,0,,,,,,,,
11,9,18,1,3532,4102,4983,4249,1031,2196,,
0,9,18,0,,,,,,,,
0,9,18,0,,,,,,,,
0,9,19,0,,,,,,,,
34,9,19,2,2885,3666,1918,1525,1497,1272,,
0,9,19,0,,,,,,,,
42,9,20,1,4161,5987,2727,1960,1432,2864,,
0,9,20,0,,,,,,,,
0,9,20,0,,,,,,,,
0,9,21,0,,,,,,,,
17,9,21,2,3007,1495,2967,1932,3281,2360,,
0,9,21,0,,,,,,,,
27,9,22,1,1911,783,2478,1997,2293,2009,,
0,9,22,0,,,,,,,,
0,9,22,0,,,,,,,,
0,9,23,0,,,,,,,,
46,9,23,2,3801,1278,1834,1504,1665,3583,357,
0,9,23,0,,,,,,,,
36,9,24,1,2069,3728,2118,1454,1503,4272,,
0,9,24,0,,,,,,,,
0,9,24,0,,,,,,,,
0,9,25,0,,,,,,,,
43,9,25,2,3257,7751,2618,1621,1237,1794,,
0,9,25,0,,,,,,,,
32,9,26,1,2248,1949,1530,1798,1668,2997,,
0,9,26,0,,,,,,,,
0,9,26,0,,,,,,,,
0,9,27,0,,,,,,,,
62,9,27,2,2485,1905,3431,1168,2534,2368,,
0,9,27,0,,,,,,,,
33,9,28,1,3700,2914,3755,2225,2209,1971,,
0,9,28,0,,,,,,,,
0,9,28,0,,,,,,,,
0,9,29,0,,,,,,,,
52,9,29,2,6612,2734,1793,1359,1703,1614,,
0,9,29,0,,,,,,,,
30,9,30,1,4302,2211,4319,2393,2182,1576,,
0,9,30,0,,,,,,,,
0,9,30,0,,,,,,,,
0,9,31,0,,,,,,,,
16,9,31,2,3579,2748,3404,3758,1439,1662,,
0,9,31,0,,,,,,,,
35,9,32,1,1534,2745,1625,1488,1744,1062,,
0,9,32,0,,,,,,,,
0,9,32,0,,,,,,,,
0,10,1,0,,,,,,,,
0,10,1,0,,,,,,,,
5,10,1,2,3069,3267,1047,1605,1372,1562,,
62,10,2,1,3573,4538,2440,2298,3019,1270,,
0,10,2,0,,,,,,,,
0,10,2,0,,,,,,,,
0,10,3,0,,,,,,,,
0,10,3,0,,,,,,,,
36,10,3,2,2669,1766,1835,2075,1390,1667,,
53,10,4,1,2445,3547,1996,1527,1817,1655,,
0,10,4,0,,,,,,,,
0,10,4,0,,,,,,,,
0,10,5,0,,,,,,,,
0,10,5,0,,,,,,,,
44,10,5,2,2049,2032,4181,3296,3179,1696,,
20,10,6,1,2463,2090,1779,2590,1963,1857,,
0,10,6,0,,,,,,,,
0,10,6,0,,,,,,,,
0,10,7,0,,,,,,,,
0,10,7,0,,,,,,,,
47,10,7,2,3201,1662,2311,2725,2276,1622,,
24,10,8,1,2764,2660,2159,1980,1400,2418,,
0,10,8,0,,,,,,,,
0,10,8,0,,,,,,,,
0,10,9,0,,,,,,,,
0,10,9,0,,,,,,,,
11,10,9,2,2675,2457,1895,1966,1371,1592,,
56,10,10,1,1543,2585,2747,2438,1307,1323,,
0,10,10,0,,,,,,,,
0,10,10,0,,,,,,,,
0,10,11,0,,,,,,,,
8,10,11,2,1743,1716,2103,1739,1286,1429,,
0,10,11,0,,,,,,,,
17,10,12,1,2580,5861,3394,1947,1423,920,,
0,10,12,0,,,,,,,,
0,10,12,0,,,,,,,,
0,10,13,0,,,,,,,,
34,10,13,2,4288,4710,1976,3701,1801,1886,,
0,10,13,0,,,,,,,,
15,10,14,1,2378,2160,2003,1809,1616,910,,
0,10,14,0,,,,,,,,
0,10,14,0,,,,,,,,
0,10,15,0,,,,,,,,
66,10,15,2,1716,1982,1934,1660,1917,1614,,
0,10,15,0,,,,,,,,
18,10,16,1,3441,1844,2812,1058,1624,911,,
0,10,16,0,,,,,,,,
0,10,16,0,,,,,,,,
0,10,17,0,,,,,,,,
29,10,17,2,2194,1985,2096,1826,2138,2255,,
0,10,17,0,,,,,,,,
10,10,18,1,2584,1961,1799,2377,1107,1587,,
0,10,18,0,,,,,,,,
0,10,18,0,,,,,,,,
0,10,19,0,,,,,,,,
39,10,19,2,1838,2330,2741,1437,1706,2389,,
0,10,19,0,,,,,,,,
40,10,20,1,2594,2493,2854,2310,1057,1580,,
0,10,20,0,,,,,,,,
0,10,20,0,,,,,,,,
0,10,21,0,,,,,,,,
16,10,21,2,2154,2071,1252,3770,1994,1971,,
0,10,21,0,,,,,,,,
33,10,22,1,2033,1710,1757,1526,1691,1719,,
0,10,22,0,,,,,,,,
0,10,22,0,,,,,,,,
0,10,23,0,,,,,,,,
27,10,23,2,2265,2087,1359,1666,2432,1891,,
0,10,23,0,,,,,,,,
9,10,24,1,2279,2422,1234,1323,1061,1789,,
0,10,24,0,,,,,,,,
0,10,24,0,,,,,,,,
0,10,25,0,,,,,,,,
58,10,25,2,3461,2232,2288,1861,1067,1518,,
0,10,25,0,,,,,,,,
31,10,26,1,3233,2005,1565,1648,1730,1573,,
0,10,26,0,,,,,,,,
0,10,26,0,,,,,,,,
0,10,27,0,,,,,,,,
65,10,27,2,1585,2384,3654,1768,1940,1647,,
0,10,27,0,,,,,,,,
38,10,28,1,6852,3459,2885,2060,2123,3399,,
0,10,28,0,,,,,,,,
0,10,28,0,,,,,,,,
0,10,29,0,,,,,,,,
7,10,29,2,3260,2988,2631,2649,3066,1685,,
0,10,29,0,,,,,,,,
32,10,30,1,2677,2342,2467,2872,1450,2011,,
0,10,30,0,,,,,,,,
0,10,30,0,,,,,,,,
0,10,31,0,,,,,,,,
23,10,31,2,2213,1716,1885,1913,1103,1763,,
0,10,31,0,,,,,,,,
64,10,32,1,2246,3563,1468,1508,1338,1566,,
0,10,32,0,,,,,,,,
0,10,32,0,,,,,,,,
0,11,1,0,,,,,,,,
0,11,1,0,,,,,,,,
13,11,1,2,3815,3886,1655,1584,1399,923,,
34,11,2,1,3053,2760,2148,3092,2439,1578,,
0,11,2,0,,,,,,,,
0,11,2,0,,,,,,,,
0,11,3,0,,,,,,,,
0,11,3,0,,,,,,,,
11,11,3,2,5587,1354,1134,3150,1487,2670,,
26,11,4,1,3791,3370,3069,3754,3153,1567,,
0,11,4,0,,,,,,,,
0,11,4,0,,,,,,,,
0,11,5,0,,,,,,,,
0,11,5,0,,,,,,,,
19,11,5,2,2621,3006,2088,1277,1388,1281,,
54,11,6,1,1598,2431,2797,1956,1040,1021,,
0,11,6,0,,,,,,,,
0,11,6,0,,,,,,,,
0,11,7,0,,,,,,,,
0,11,7,0,,,,,,,,
36,11,7,2,2834,1810,4523,2995,1147,1189,,
31,11,8,1,2769,2101,2750,1827,3031,1566,,
0,11,8,0,,,,,,,,
0,11,8,0,,,,,,,,
0,11,9,0,,,,,,,,
0,11,9,0,,,,,,,,
43,11,9,2,2789,3934,1737,682,1375,2176,,
38,11,10,1,1533,1410,1283,1032,893,2170,,
0,11,10,0,,,,,,,,
0,11,10,0,,,,,,,,
0,11,11,0,,,,,,,,
52,11,11,2,2055,1248,1198,530,1584,944,,
0,11,11,0,,,,,,,,
25,11,12,1,1373,3408,1841,1445,1573,667,,
0,11,12,0,,,,,,,,
0,11,12,0,,,,,,,,
0,11,13,0,,,,,,,,
68,11,13,2,2063,2356,1524,914,2933,808,,
0,11,13,0,,,,,,,,
50,11,14,1,4066,2761,1345,2213,2530,1342,,
0,11,14,0,,,,,,,,
0,11,14,0,,,,,,,,
0,11,15,0,,,,,,,,
53,11,15,2,1618,1640,1167,698,1681,897,,
0,11,15,0,,,,,,,,
63,11,16,1,2293,2141,1878,1778,1108,891,,
0,11,16,0,,,,,,,,
0,11,16,0,,,,,,,,
0,11,17,0,,,,,,,,
22,11,17,2,2146,4241,2305,1658,871,1423,,
0,11,17,0,,,,,,,,
21,11,18,1,2230,3490,1288,2146,1418,1443,,
0,11,18,0,,,,,,,,
0,11,18,0,,,,,,,,
0,11,19,0,,,,,,,,
59,11,19,2,3233,2062,3758,1995,3333,2788,,
0,11,19,0,,,,,,,,
10,11,20,1,4361,2044,1554,1590,1340,2094,,
0,11,20,0,,,,,,,,
0,11,20,0,,,,,,,,
0,11,21,0,,,,,,,,
23,11,21,2,2713,2105,1317,1681,1544,1931,,
0,11,21,0,,,,,,,,
57,11,22,1,1567,1283,1038,1252,957,1414,,
0,11,22,0,,,,,,,,
0,11,22,0,,,,,,,,
0,11,23,0,,,,,,,,
18,11,23,2,2350,3642,3494,3529,1534,1122,,
0,11,23,0,,,,,,,,
65,11,24,1,2224,2416,936,895,493,1713,,
0,11,24,0,,,,,,,,
0,11,24,0,,,,,,,,
0,11,25,0,,,,,,,,
49,11,25,2,3252,2206,6103,1529,769,1021,,
0,11,25,0,,,,,,,,
56,11,26,1,3169,1910,1461,1642,913,1260,,
0,11,26,0,,,,,,,,
0,11,26,0,,,,,,,,
0,11,27,0,,,,,,,,
33,11,27,2,4435,1806,2458,853,1044,1894,,
0,11,27,0,,,,,,,,
47,11,28,1,3166,1815,2482,2801,1287,1797,,
0,11,28,0,,,,,,,,
0,11,28,0,,,,,,,,
0,11,29,0,,,,,,,,
24,11,29,2,3417,2242,2610,2674,1764,1313,,
0,11,29,0,,,,,,,,
60,11,30,1,3110,3140,4949,2871,2180,1036,,
0,11,30,0,,,,,,,,
0,11,30,0,,,,,,,,
0,11,31,0,,,,,,,,
30,11,31,2,3101,8868,3192,3891,1042,1742,,
0,11,31,0,,,,,,,,
17,11,32,1,2303,2442,2429,2288,1348,877,,
0,11,32,0,,,,,,,,
0,11,32,0,,,,,,,,
0,12,1,0,,,,,,,,
0,12,1,0,,,,,,,,
24,12,1,2,2742,1774,1061,2091,249,2643,179,
62,12,2,1,2235,1927,1832,1385,1215,1681,,
0,12,2,0,,,,,,,,
0,12,2,0,,,,,,,,
0,12,3,0,,,,,,,,
0,12,3,0,,,,,,,,
28,12,3,2,3560,1870,1228,1542,1363,1453,,
9,12,4,1,3219,2320,1842,1405,1336,2560,,
0,12,4,0,,,,,,,,
0,12,4,0,,,,,,,,
0,12,5,0,,,,,,,,
0,12,5,0,,,,,,,,
30,12,5,2,5417,2314,852,1854,1685,1327,,
18,12,6,1,2532,1730,1066,1391,1714,1689,,
0,12,6,0,,,,,,,,
0,12,6,0,,,,,,,,
0,12,7,0,,,,,,,,
0,12,7,0,,,,,,,,
36,12,7,2,1564,1146,1793,1415,838,2126,,
53,12,8,1,2293,1794,1514,810,1838,3968,,
0,12,8,0,,,,,,,,
0,12,8,0,,,,,,,,
0,12,9,0,,,,,,,,
0,12,9,0,,,,,,,,
60,12,9,2,1180,1856,1380,909,993,856,,
32,12,10,1,1142,1196,702,1352,1214,983,,
0,12,10,0,,,,,,,,
0,12,10,0,,,,,,,,
0,12,11,0,,,,,,,,
7,12,11,2,3222,2497,2322,681,1537,1619,,
0,12,11,0,,,,,,,,
69,12,12,1,2807,3309,2360,1958,1130,744,,
0,12,12,0,,,,,,,,
0,12,12,0,,,,,,,,
0,12,13,0,,,,,,,,
38,12,13,2,1943,921,2307,1570,1243,1026,,
0,12,13,0,,,,,,,,
11,12,14,1,2063,2017,1117,848,1369,1802,,
0,12,14,0,,,,,,,,
0,12,14,0,,,,,,,,
0,12,15,0,,,,,,,,
64,12,15,2,3676,1121,928,1221,1341,1360,,
0,12,15,0,,,,,,,,
14,12,16,1,4347,1979,2156,1769,837,1617,,
0,12,16,0,,,,,,,,
0,12,16,0,,,,,,,,
0,12,17,0,,,,,,,,
20,12,17,2,3589,2105,2148,1816,1141,1863,,
0,12,17,0,,,,,,,,
68,12,18,1,1400,1829,2164,1028,1379,1210,,
0,12,18,0,,,,,,,,
0,12,18,0,,,,,,,,
0,12,19,0,,,,,,,,
49,12,19,2,4249,3177,2177,683,1390,1592,,
0,12,19,0,,,,,,,,
70,12,20,1,2487,2136,1225,1528,1163,2158,,
0,12,20,0,,,,,,,,
0,12,20,0,,,,,,,,
0,12,21,0,,,,,,,,
6,12,21,2,2586,1756,1204,1265,1182,1839,,
0,12,21,0,,,,,,,,
51,12,22,1,1504,2388,2127,1590,1744,1068,,
0,12,22,0,,,,,,,,
0,12,22,0,,,,,,,,
0,12,23,0,,,,,,,,
48,12,23,2,2350,1988,1527,834,917,1636,,
0,12,23,0,,,,,,,,
26,12,24,1,1590,1719,960,1112,701,1871,,
0,12,24,0,,,,,,,,
0,12,24,0,,,,,,,,
0,12,25,0,,,,,,,,
8,12,25,2,1974,1933,1742,1973,754,2251,,
0,12,25,0,,,,,,,,
42,12,26,1,3622,2313,530,2047,731,1101,,
0,12,26,0,,,,,,,,
0,12,26,0,,,,,,,,
0,12,27,0,,,,,,,,
67,12,27,2,1501,1899,2488,657,812,1413,,
0,12,27,0,,,,,,,,
39,12,28,1,1952,1080,1245,921,605,1956,,
0,12,28,0,,,,,,,,
0,12,28,0,,,,,,,,
0,12,29,0,,,,,,,,
23,12,29,2,3838,1992,2026,1959,1171,3077,502,
0,12,29,0,,,,,,,,
40,12,30,1,2225,3128,2270,982,895,1687,,
0,12,30,0,,,,,,,,
0,12,30,0,,,,,,,,
0,12,31,0,,,,,,,,
55,12,31,2,1406,2245,1756,1981,1703,1174,,
0,12,31,0,,,,,,,,
41,12,32,1,1816,2208,1178,1100,899,667,432,
0,12,32,0,,,,,,,,
0,12,32,0,,,,,,,,
0,13,1,0,,,,,,,,
0,13,1,0,,,,,,,,
64,13,1,2,3798,3083,2154,2793,2782,1338,,
56,13,2,1,3313,4271,2444,1382,1763,1039,,
0,13,2,0,,,,,,,,
0,13,2,0,,,,,,,,
0,13,3,0,,,,,,,,
0,13,3,0,,,,,,,,
22,13,3,2,3425,2347,3129,1968,1036,1886,,
53,13,4,1,2974,3424,2395,1531,1798,1320,,
0,13,4,0,,,,,,,,
0,13,4,0,,,,,,,,
0,13,5,0,,,,,,,,
0,13,5,0,,,,,,,,
60,13,5,2,3549,1788,1283,1321,668,1450,,
43,13,6,1,2004,1587,1432,2243,1589,1950,,
0,13,6,0,,,,,,,,
0,13,6,0,,,,,,,,
0,13,7,0,,,,,,,,
0,13,7,0,,,,,,,,
30,13,7,2,3251,2044,3400,2121,2078,1178,,
48,13,8,1,1516,1479,1292,1060,1467,2368,,
0,13,8,0,,,,,,,,
0,13,8,0,,,,,,,,
0,13,9,0,,,,,,,,
0,13,9,0,,,,,,,,
18,13,9,2,2566,2886,2508,2527,1639,1386,,
45,13,10,1,2092,1369,1391,1664,2102,1998,,
0,13,10,0,,,,,,,,
0,13,10,0,,,,,,,,
0,13,11,0,,,,,,,,
58,13,11,2,1378,2383,1588,1835,912,1645,,
0,13,11,0,,,,,,,,
29,13,12,1,2713,3163,2421,1204,1502,1051,,
0,13,12,0,,,,,,,,
0,13,12,0,,,,,,,,
0,13,13,0,,,,,,,,
50,13,13,2,5091,2104,3795,2447,1940,1378,,
0,13,13,0,,,,,,,,
35,13,14,1,2508,2147,4667,1881,1492,891,,
0,13,14,0,,,,,,,,
0,13,14,0,,,,,,,,
0,13,15,0,,,,,,,,
47,13,15,2,3703,1538,2345,1067,1999,1652,,
0,13,15,0,,,,,,,,
17,13,16,1,2792,3800,2353,1437,937,934,,
0,13,16,0,,,,,,,,
0,13,16,0,,,,,,,,
0,13,17,0,,,,,,,,
38,13,17,2,4232,1510,1930,1422,1216,1476,,
0,13,17,0,,,,,,,,
51,13,18,1,1477,2408,1864,1848,1064,2542,,
0,13,18,0,,,,,,,,
0,13,18,0,,,,,,,,
0,13,19,0,,,,,,,,
9,13,19,2,1753,2280,1925,1203,1227,1629,,
0,13,19,0,,,,,,,,
55,13,20,1,3754,2945,2036,1723,778,1367,,
0,13,20,0,,,,,,,,
0,13,20,0,,,,,,,,
0,13,21,0,,,,,,,,
14,13,21,2,3023,1190,1605,1789,1373,1726,,
0,13,21,0,,,,,,,,
37,13,22,1,3094,2722,2873,3240,2504,1406,,
0,13,22,0,,,,,,,,
0,13,22,0,,,,,,,,
0,13,23,0,,,,,,,,
5,13,23,2,1385,2229,1274,1174,1331,1511,,
0,13,23,0,,,,,,,,
7,13,24,1,2477,1220,1111,1385,906,1750,,
0,13,24,0,,,,,,,,
0,13,24,0,,,,,,,,
0,13,25,0,,,,,,,,
59,13,25,2,2752,2571,2278,2768,864,1362,,
0,13,25,0,,,,,,,,
8,13,26,1,4051,1894,1832,1218,1659,882,,
0,13,26,0,,,,,,,,
0,13,26,0,,,,,,,,
0,13,27,0,,,,,,,,
6,13,27,2,3251,1465,1862,1499,1674,1902,,
0,13,27,0,,,,,,,,
15,13,28,1,3368,1160,1874,1691,1300,2395,,
0,13,28,0,,,,,,,,
0,13,28,0,,,,,,,,
0,13,29,0,,,,,,,,
12,13,29,2,3110,4286,2306,1451,1766,1773,,
0,13,29,0,,,,,,,,
26,13,30,1,2523,3261,1778,1417,1475,1327,,
0,13,30,0,,,,,,,,
0,13,30,0,,,,,,,,
0,13,31,0,,,,,,,,
36,13,31,2,3536,3000,3336,2204,995,1061,,
0,13,31,0,,,,,,,,
28,13,32,1,2448,1230,2525,1715,1050,613,,
0,13,32,0,,,,,,,,
0,13,32,0,,,,,,,,
0,14,1,0,,,,,,,,
0,14,1,0,,,,,,,,
26,14,1,2,4658,4772,3727,3277,2582,2065,,
39,14,2,1,5897,9053,5632,5196,3851,1691,,
0,14,2,0,,,,,,,,
0,14,2,0,,,,,,,,
0,14,3,0,,,,,,,,
0,14,3,0,,,,,,,,
16,14,3,2,11412,8713,8101,6139,4226,5309,,
66,14,4,1,5471,6057,2970,2620,2721,2214,,
0,14,4,0,,,,,,,,
0,14,4,0,,,,,,,,
0,14,5,0,,,,,,,,
0,14,5,0,,,,,,,,
54,14,5,2,7777,5058,4526,2180,2087,2583,,
37,14,6,1,2136,3414,2174,1781,2021,1827,,
0,14,6,0,,,,,,,,
0,14,6,0,,,,,,,,
0,14,7,0,,,,,,,,
0,14,7,0,,,,,,,,
11,14,7,2,11687,6971,6547,5745,2475,1650,,
50,14,8,1,6139,2463,2163,3987,2125,3655,,
0,14,8,0,,,,,,,,
0,14,8,0,,,,,,,,
0,14,9,0,,,,,,,,
0,14,9,0,,,,,,,,
5,14,9,2,5844,4846,4418,5462,4201,3178,,
60,14,10,1,2588,6179,4880,2408,1281,2762,208,
0,14,10,0,,,,,,,,
0,14,10,0,,,,,,,,
0,14,11,0,,,,,,,,
44,14,11,2,5493,5389,7130,5068,1303,2117,,
0,14,11,0,,,,,,,,
7,14,12,1,5172,10652,4362,3492,2215,1251,,
0,14,12,0,,,,,,,,
0,14,12,0,,,,,,,,
0,14,13,0,,,,,,,,
33,14,13,2,5708,5261,5249,2846,2003,2249,207,
0,14,13,0,,,,,,,,
63,14,14,1,6975,2321,3862,3650,3313,2054,394,
0,14,14,0,,,,,,,,
0,14,14,0,,,,,,,,
0,14,15,0,,,,,,,,
48,14,15,2,5874,3197,3898,4070,1770,1940,,
0,14,15,0,,,,,,,,
35,14,16,1,4828,8365,5327,3463,1052,3739,,
0,14,16,0,,,,,,,,
0,14,16,0,,,,,,,,
0,14,17,0,,,,,,,,
59,14,17,2,8358,6383,3493,2638,2651,3387,,
0,14,17,0,,,,,,,,
53,14,18,1,5591,5728,6452,1875,5421,1464,,
0,14,18,0,,,,,,,,
0,14,18,0,,,,,,,,
0,14,19,0,,,,,,,,
51,14,19,2,6553,4547,3114,1546,1416,3767,,
0,14,19,0,,,,,,,,
23,14,20,1,8937,6851,3913,2749,1015,1305,,
0,14,20,0,,,,,,,,
0,14,20,0,,,,,,,,
0,14,21,0,,,,,,,,
15,14,21,2,6124,5395,4636,3450,1766,1555,,
0,14,21,0,,,,,,,,
29,14,22,1,2280,4320,4328,3742,2226,1958,,
0,14,22,0,,,,,,,,
0,14,22,0,,,,,,,,
0,14,23,0,,,,,,,,
55,14,23,2,8422,3975,4265,3360,1225,3716,281,
0,14,23,0,,,,,,,,
36,14,24,1,6603,8813,4765,2296,1017,2367,,
0,14,24,0,,,,,,,,
0,14,24,0,,,,,,,,
0,14,25,0,,,,,,,,
14,14,25,2,3722,5679,1898,2035,1174,1754,,
0,14,25,0,,,,,,,,
30,14,26,1,4645,2450,3950,3334,858,2308,,
0,14,26,0,,,,,,,,
0,14,26,0,,,,,,,,
0,14,27,0,,,,,,,,
18,14,27,2,4062,4012,7259,3239,2495,2320,,
0,14,27,0,,,,,,,,
34,14,28,1,7297,6294,8192,5723,3935,3510,,
0,14,28,0,,,,,,,,
0,14,28,0,,,,,,,,
0,14,29,0,,,,,,,,
13,14,29,2,8734,5359,5481,2626,2725,1984,,
0,14,29,0,,,,,,,,
46,14,30,1,10331,1848,6846,5319,2384,4463,,
0,14,30,0,,,,,,,,
0,14,30,0,,,,,,,,
0,14,31,0,,,,,,,,
49,14,31,2,,3490,3168,4395,2179,2464,370,
0,14,31,0,,,,,,,,
45,14,32,1,5975,10011,9950,2591,1297,1002,,
0,14,32,0,,,,,,,,
0,14,32,0,,,,,,,,
0,15,1,0,,,,,,,,
0,15,1,0,,,,,,,,
63,15,1,2,2304,2383,1109,1272,1255,2375,,
22,15,2,1,2631,2529,1850,1434,1957,2039,,
0,15,2,0,,,,,,,,
0,15,2,0,,,,,,,,
0,15,3,0,,,,,,,,
0,15,3,0,,,,,,,,
56,15,3,2,1852,1340,2542,1815,1962,4110,,
59,15,4,1,2438,2724,2142,1418,1084,1334,,
0,15,4,0,,,,,,,,
0,15,4,0,,,,,,,,
0,15,5,0,,,,,,,,
0,15,5,0,,,,,,,,
25,15,5,2,6308,3285,1907,1850,1618,2005,,
52,15,6,1,1738,1812,2351,2311,1349,1852,,
0,15,6,0,,,,,,,,
0,15,6,0,,,,,,,,
0,15,7,0,,,,,,,,
0,15,7,0,,,,,,,,
47,15,7,2,2438,1043,1617,1192,1000,2022,,
13,15,8,1,1447,2195,2204,1020,1546,2286,,
0,15,8,0,,,,,,,,
0,15,8,0,,,,,,,,
0,15,9,0,,,,,,,,
0,15,9,0,,,,,,,,
50,15,9,2,1281,1837,1006,1144,1413,1265,,
54,15,10,1,1420,1255,1267,1563,1121,1363,,
0,15,10,0,,,,,,,,
0,15,10,0,,,,,,,,
0,15,11,0,,,,,,,,
66,15,11,2,3402,2803,1965,1102,1468,2696,,
0,15,11,0,,,,,,,,
21,15,12,1,1180,2117,4693,1535,1367,1734,,
0,15,12,0,,,,,,,,
0,15,12,0,,,,,,,,
0,15,13,0,,,,,,,,
67,15,13,2,4108,1631,3681,2499,2153,2729,,
0,15,13,0,,,,,,,,
20,15,14,1,1333,1089,1349,1174,1035,984,,
0,15,14,0,,,,,,,,
0,15,14,0,,,,,,,,
0,15,15,0,,,,,,,,
36,15,15,2,1088,1343,2345,957,1214,2174,,
0,15,15,0,,,,,,,,
62,15,16,1,1819,2392,2118,1209,883,1569,,
0,15,16,0,,,,,,,,
0,15,16,0,,,,,,,,
0,15,17,0,,,,,,,,
24,15,17,2,522,5880,3474,2947,1309,1367,,
0,15,17,0,,,,,,,,
8,15,18,1,2060,2133,2797,4221,1220,2425,,
0,15,18,0,,,,,,,,
0,15,18,0,,,,,,,,
0,15,19,0,,,,,,,,
15,15,19,2,3184,2193,2410,1012,1202,2767,,
0,15,19,0,,,,,,,,
11,15,20,1,2171,1643,1532,1272,1635,1758,,
0,15,20,0,,,,,,,,
0,15,20,0,,,,,,,,
0,15,21,0,,,,,,,,
17,15,21,2,1859,901,1392,1217,1032,1411,,
0,15,21,0,,,,,,,,
19,15,22,1,1418,1735,1624,1582,1251,1828,,
0,15,22,0,,,,,,,,
0,15,22,0,,,,,,,,
0,15,23,0,,,,,,,,
33,15,23,2,1927,1926,1152,3732,1368,2041,,
0,15,23,0,,,,,,,,
58,15,24,1,1264,1535,1442,1369,793,2953,,
0,15,24,0,,,,,,,,
0,15,24,0,,,,,,,,
0,15,25,0,,,,,,,,
10,15,25,2,1782,2281,1613,2620,994,2344,,
0,15,25,0,,,,,,,,
65,15,26,1,2269,1508,2483,1097,1135,1099,,
0,15,26,0,,,,,,,,
0,15,26,0,,,,,,,,
0,15,27,0,,,,,,,,
45,15,27,2,2758,1535,1531,2028,1544,2202,,
0,15,27,0,,,,,,,,
39,15,28,1,6971,4086,2716,1522,1089,3017,,
0,15,28,0,,,,,,,,
0,15,28,0,,,,,,,,
0,15,29,0,,,,,,,,
40,15,29,2,3358,1922,2684,2091,1786,1898,,
0,15,29,0,,,,,,,,
5,15,30,1,3281,3416,2295,2170,1419,3411,,
0,15,30,0,,,,,,,,
0,15,30,0,,,,,,,,
0,15,31,0,,,,,,,,
34,15,31,2,2693,3124,3282,1508,1606,1756,,
0,15,31,0,,,,,,,,
49,15,32,1,1491,2676,2389,2856,1017,947,,
0,15,32,0,,,,,,,,
0,15,32,0,,,,,,,,
0,16,1,0,,,,,,,,
0,16,1,0,,,,,,,,
35,16,1,2,2161,2741,1288,2789,1366,2249,590,
21,16,2,1,2966,3003,3969,1894,1451,3234,1277,
0,16,2,0,,,,,,,,
0,16,2,0,,,,,,,,
0,16,3,0,,,,,,,,
0,16,3,0,,,,,,,,
14,16,3,2,2638,1756,1119,684,2404,2212,,
55,16,4,1,3048,2087,3274,1621,1575,1657,,
0,16,4,0,,,,,,,,
0,16,4,0,,,,,,,,
0,16,5,0,,,,,,,,
0,16,5,0,,,,,,,,
10,16,5,2,3228,1563,1662,1374,2113,1700,,
46,16,6,1,2456,1351,1885,2053,1790,1940,,
0,16,6,0,,,,,,,,
0,16,6,0,,,,,,,,
0,16,7,0,,,,,,,,
0,16,7,0,,,,,,,,
29,16,7,2,2238,2137,474,2641,2319,1482,,
20,16,8,1,592,2744,522,823,1083,2377,,
0,16,8,0,,,,,,,,
0,16,8,0,,,,,,,,
0,16,9,0,,,,,,,,
0,16,9,0,,,,,,,,
50,16,9,2,1822,1561,1484,1805,2048,1523,,
54,16,10,1,1434,4063,2901,2023,2503,1987,,
0,16,10,0,,,,,,,,
0,16,10,0,,,,,,,,
0,16,11,0,,,,,,,,
57,16,11,2,1843,3540,2667,1679,1594,2047,,
0,16,11,0,,,,,,,,
45,16,12,1,1594,2837,2884,2143,1266,844,157,
0,16,12,0,,,,,,,,
0,16,12,0,,,,,,,,
0,16,13,0,,,,,,,,
66,16,13,2,778,2007,1965,1742,1612,1683,,
0,16,13,0,,,,,,,,
15,16,14,1,777,933,1462,1080,1868,1046,301,
0,16,14,0,,,,,,,,
0,16,14,0,,,,,,,,
0,16,15,0,,,,,,,,
25,16,15,2,239,2247,1193,2029,1858,2299,155,
0,16,15,0,,,,,,,,
12,16,16,1,2029,3180,1992,1070,2323,1645,491,
0,16,16,0,,,,,,,,
0,16,16,0,,,,,,,,
0,16,17,0,,,,,,,,
41,16,17,2,1753,1040,2168,1092,2895,2415,,
0,16,17,0,,,,,,,,
40,16,18,1,2333,2696,1691,3206,829,2392,,
0,16,18,0,,,,,,,,
0,16,18,0,,,,,,,,
0,16,19,0,,,,,,,,
7,16,19,2,2387,1790,1541,1127,1821,3456,,
0,16,19,0,,,,,,,,
63,16,20,1,567,5602,5542,1651,1658,1143,,
0,16,20,0,,,,,,,,
0,16,20,0,,,,,,,,
0,16,21,0,,,,,,,,
51,16,21,2,1939,1913,2185,1810,1895,2420,,
0,16,21,0,,,,,,,,
37,16,22,1,862,1177,1659,1531,2541,1724,,
0,16,22,0,,,,,,,,
0,16,22,0,,,,,,,,
0,16,23,0,,,,,,,,
13,16,23,2,1987,1644,1935,1184,1338,2984,404,
0,16,23,0,,,,,,,,
59,16,24,1,727,3031,3649,1906,1103,1356,,
0,16,24,0,,,,,,,,
0,16,24,0,,,,,,,,
0,16,25,0,,,,,,,,
61,16,25,2,1773,915,2367,1805,1841,1856,,
0,16,25,0,,,,,,,,
47,16,26,1,2112,1427,1199,1334,2024,1618,,
0,16,26,0,,,,,,,,
0,16,26,0,,,,,,,,
0,16,27,0,,,,,,,,
9,16,27,2,2396,1773,2285,2115,1465,2013,,
0,16,27,0,,,,,,,,
43,16,28,1,1791,3005,2140,1440,3631,1660,,
0,16,28,0,,,,,,,,
0,16,28,0,,,,,,,,
0,16,29,0,,,,,,,,
17,16,29,2,2987,1381,1165,2057,1209,2116,160,
0,16,29,0,,,,,,,,
18,16,30,1,2268,1303,1276,2180,1438,2120,,
0,16,30,0,,,,,,,,
0,16,30,0,,,,,,,,
0,16,31,0,,,,,,,,
60,16,31,2,2049,1674,1848,2272,1561,1650,,
0,16,31,0,,,,,,,,
39,16,32,1,816,2271,533,1760,1808,1918,615,
0,16,32,0,,,,,,,,
0,16,32,0,,,,,,,,
0,17,1,0,,,,,,,,
0,17,1,0,,,,,,,,
22,17,1,2,2483,2860,1278,1401,1032,1311,,
36,17,2,1,2829,4186,2547,1202,2240,1646,,
0,17,2,0,,,,,,,,
0,17,2,0,,,,,,,,
0,17,3,0,,,,,,,,
0,17,3,0,,,,,,,,
23,17,3,2,5261,2102,1194,1631,907,1441,,
63,17,4,1,3203,4729,2337,1547,915,1282,,
0,17,4,0,,,,,,,,
0,17,4,0,,,,,,,,
0,17,5,0,,,,,,,,
0,17,5,0,,,,,,,,
37,17,5,2,5368,3040,2150,2202,2100,1632,,
62,17,6,1,1689,2849,4827,1551,1998,1361,,
0,17,6,0,,,,,,,,
0,17,6,0,,,,,,,,
0,17,7,0,,,,,,,,
0,17,7,0,,,,,,,,
55,17,7,2,2617,1451,1516,2212,1045,1152,,
25,17,8,1,2810,1864,1745,1567,2033,2696,,
0,17,8,0,,,,,,,,
0,17,8,0,,,,,,,,
0,17,9,0,,,,,,,,
0,17,9,0,,,,,,,,
43,17,9,2,2184,2899,2906,1948,1177,1796,,
56,17,10,1,1915,1179,784,916,1518,1068,,
0,17,10,0,,,,,,,,
0,17,10,0,,,,,,,,
0,17,11,0,,,,,,,,
5,17,11,2,3689,2833,1732,1742,818,428,,
0,17,11,0,,,,,,,,
18,17,12,1,1215,3747,2038,1028,2239,738,,
0,17,12,0,,,,,,,,
0,17,12,0,,,,,,,,
0,17,13,0,,,,,,,,
50,17,13,2,4085,2780,3044,2928,2585,2132,,
0,17,13,0,,,,,,,,
13,17,14,1,1666,1429,1205,977,2045,1744,,
0,17,14,0,,,,,,,,
0,17,14,0,,,,,,,,
0,17,15,0,,,,,,,,
39,17,15,2,1715,1174,1435,1255,2068,1836,,
0,17,15,0,,,,,,,,
11,17,16,1,1768,1946,2141,1432,1031,2331,,
0,17,16,0,,,,,,,,
0,17,16,0,,,,,,,,
0,17,17,0,,,,,,,,
41,17,17,2,2710,2040,2262,2931,1701,1685,,
0,17,17,0,,,,,,,,
53,17,18,1,4393,2154,2117,475,667,1143,,
0,17,18,0,,,,,,,,
0,17,18,0,,,,,,,,
0,17,19,0,,,,,,,,
54,17,19,2,3767,3339,4107,2614,3415,1589,,
0,17,19,0,,,,,,,,
45,17,20,1,3180,1488,1961,891,976,1472,,
0,17,20,0,,,,,,,,
0,17,20,0,,,,,,,,
0,17,21,0,,,,,,,,
34,17,21,2,1945,888,812,612,522,1366,,
0,17,21,0,,,,,,,,
14,17,22,1,1445,1601,1898,2726,1979,1860,,
0,17,22,0,,,,,,,,
0,17,22,0,,,,,,,,
0,17,23,0,,,,,,,,
60,17,23,2,1512,808,1838,1062,1177,1703,,
0,17,23,0,,,,,,,,
7,17,24,1,2244,1814,2042,1551,630,1300,,
0,17,24,0,,,,,,,,
0,17,24,0,,,,,,,,
0,17,25,0,,,,,,,,
12,17,25,2,2670,2142,1871,2381,1073,1540,,
0,17,25,0,,,,,,,,
35,17,26,1,1936,2448,1993,1957,871,811,,
0,17,26,0,,,,,,,,
0,17,26,0,,,,,,,,
0,17,27,0,,,,,,,,
32,17,27,2,3005,2137,3046,1016,1265,1574,,
0,17,27,0,,,,,,,,
8,17,28,1,2313,1922,2045,1384,1271,2645,,
0,17,28,0,,,,,,,,
0,17,28,0,,,,,,,,
0,17,29,0,,,,,,,,
6,17,29,2,3208,1950,1690,1230,2075,1266,,
0,17,29,0,,,,,,,,
19,17,30,1,2503,1767,1801,1537,1158,1343,,
0,17,30,0,,,,,,,,
0,17,30,0,,,,,,,,
0,17,31,0,,,,,,,,
15,17,31,2,1899,1534,2493,1954,1599,1475,,
0,17,31,0,,,,,,,,
16,17,32,1,1552,1566,1960,1127,2417,551,,
0,17,32,0,,,,,,,,
0,17,32,0,,,,,,,,
0,18,1,0,,,,,,,,
0,18,1,0,,,,,,,,
13,18,1,2,5579,2344,1990,1900,2666,1243,,
48,18,2,1,5244,3477,1406,882,623,916,,
0,18,2,0,,,,,,,,
0,18,2,0,,,,,,,,
0,18,3,0,,,,,,,,
0,18,3,0,,,,,,,,
33,18,3,2,1773,766,876,2047,976,974,,
66,18,4,1,2792,3313,2862,716,880,1094,,
0,18,4,0,,,,,,,,
0,18,4,0,,,,,,,,
0,18,5,0,,,,,,,,
0,18,5,0,,,,,,,,
60,18,5,2,1535,1649,1488,1017,795,706,,
22,18,6,1,2045,1105,3349,1714,906,1112,,
0,18,6,0,,,,,,,,
0,18,6,0,,,,,,,,
0,18,7,0,,,,,,,,
0,18,7,0,,,,,,,,
55,18,7,2,2747,2236,1165,720,882,706,,
15,18,8,1,2120,1490,1018,532,1129,1785,,
0,18,8,0,,,,,,,,
0,18,8,0,,,,,,,,
0,18,9,0,,,,,,,,
0,18,9,0,,,,,,,,
30,18,9,2,998,3076,1807,804,764,620,,
26,18,10,1,1122,2355,2018,936,1026,947,,
0,18,10,0,,,,,,,,
0,18,10,0,,,,,,,,
0,18,11,0,,,,,,,,
63,18,11,2,2320,1727,747,531,1058,858,,
0,18,11,0,,,,,,,,
41,18,12,1,2928,1141,1107,1025,1135,1621,,
0,18,12,0,,,,,,,,
0,18,12,0,,,,,,,,
0,18,13,0,,,,,,,,
24,18,13,2,2146,4179,1895,891,2329,1019,,
0,18,13,0,,,,,,,,
5,18,14,1,2341,1166,817,889,926,1669,,
0,18,14,0,,,,,,,,
0,18,14,0,,,,,,,,
0,18,15,0,,,,,,,,
50,18,15,2,1603,2946,1172,424,896,615,,
0,18,15,0,,,,,,,,
59,18,16,1,1418,1425,1504,516,272,442,,
0,18,16,0,,,,,,,,
0,18,16,0,,,,,,,,
0,18,17,0,,,,,,,,
21,18,17,2,2179,2646,1351,1817,1953,1400,,
0,18,17,0,,,,,,,,
25,18,18,1,1716,2899,1947,1028,602,924,,
0,18,18,0,,,,,,,,
0,18,18,0,,,,,,,,
0,18,19,0,,,,,,,,
10,18,19,2,2596,3015,2931,477,1316,1131,,
0,18,19,0,,,,,,,,
52,18,20,1,1999,1354,1901,701,666,974,,
0,18,20,0,,,,,,,,
0,18,20,0,,,,,,,,
0,18,21,0,,,,,,,,
45,18,21,2,1333,583,470,766,1275,722,,
0,18,21,0,,,,,,,,
36,18,22,1,1206,1667,897,1028,821,746,,
0,18,22,0,,,,,,,,
0,18,22,0,,,,,,,,
0,18,23,0,,,,,,,,
32,18,23,2,2122,2012,3489,2270,864,1154,,
0,18,23,0,,,,,,,,
37,18,24,1,1717,719,629,692,848,1036,,
0,18,24,0,,,,,,,,
0,18,24,0,,,,,,,,
0,18,25,0,,,,,,,,
54,18,25,2,3241,2496,2885,1519,637,1076,,
0,18,25,0,,,,,,,,
12,18,26,1,2635,3144,1863,1648,709,640,,
0,18,26,0,,,,,,,,
0,18,26,0,,,,,,,,
0,18,27,0,,,,,,,,
18,18,27,2,2731,1759,1856,1881,2583,888,,
0,18,27,0,,,,,,,,
57,18,28,1,4169,2357,3833,3189,2441,3272,,
0,18,28,0,,,,,,,,
0,18,28,0,,,,,,,,
0,18,29,0,,,,,,,,
42,18,29,2,1674,1539,1573,1095,573,844,,
0,18,29,0,,,,,,,,
17,18,30,1,4515,1035,1352,670,898,919,,
0,18,30,0,,,,,,,,
0,18,30,0,,,,,,,,
0,18,31,0,,,,,,,,
35,18,31,2,3742,3322,2209,1315,1321,1423,,
0,18,31,0,,,,,,,,
51,18,32,1,1468,1031,788,804,403,477,,
0,18,32,0,,,,,,,,
0,18,32,0,,,,,,,,
23,19,1,1,2657,3182,1630,1388,1525,1276,,
0,19,1,0,,,,,,,,
13,19,1,0,,,,,,,,
48,19,2,0,,,,,,,,
0,19,2,0,,,,,,,,
25,19,2,2,3539,3319,6249,5019,5427,1843,,
36,19,3,1,1583,2043,1672,1157,1025,1275,,
0,19,3,0,,,,,,,,
33,19,3,0,,,,,,,,
66,19,4,0,,,,,,,,
0,19,4,0,,,,,,,,
27,19,4,2,1974,2995,2513,1679,1916,1304,,
6,19,5,1,3327,1698,1581,1066,775,1109,,
0,19,5,0,,,,,,,,
60,19,5,0,,,,,,,,
22,19,6,0,,,,,,,,
0,19,6,0,,,,,,,,
61,19,6,2,1308,2397,1630,1828,877,1039,,
32,19,7,1,2579,3242,2307,2947,1853,1811,,
0,19,7,0,,,,,,,,
55,19,7,0,,,,,,,,
15,19,8,0,,,,,,,,
0,19,8,0,,,,,,,,
50,19,8,2,2006,4182,2025,1273,1780,1702,,
53,19,9,1,2232,2227,1177,2312,940,1509,,
0,19,9,0,,,,,,,,
30,19,9,0,,,,,,,,
26,19,10,0,,,,,,,,
0,19,10,0,,,,,,,,
58,19,10,2,2273,1926,3016,2035,1250,1396,,
5,19,11,1,2026,3379,4152,1348,1091,2169,,
63,19,11,0,,,,,,,,
0,19,11,0,,,,,,,,
41,19,12,0,,,,,,,,
38,19,12,2,7506,3850,2883,3079,3186,1120,,
0,19,12,0,,,,,,,,
20,19,13,1,2616,5682,4306,1999,1592,909,,
24,19,13,0,,,,,,,,
0,19,13,0,,,,,,,,
5,19,14,0,,,,,,,,
47,19,14,2,1455,1779,2198,1292,1783,1202,,
0,19,14,0,,,,,,,,
57,19,15,1,2017,933,999,1244,673,1166,,
50,19,15,0,,,,,,,,
0,19,15,0,,,,,,,,
59,19,16,0,,,,,,,,
13,19,16,2,2475,1509,2107,3558,2125,1389,,
0,19,16,0,,,,,,,,
43,19,17,1,2547,4695,3858,1471,1735,1830,,
21,19,17,0,,,,,,,,
0,19,17,0,,,,,,,,
25,19,18,0,,,,,,,,
19,19,18,2,3102,3321,3832,2448,2139,1196,,
0,19,18,0,,,,,,,,
60,19,19,1,2272,4186,3878,1170,1300,1934,,
10,19,19,0,,,,,,,,
0,19,19,0,,,,,,,,
52,19,20,0,,,,,,,,
52,19,20,2,2200,2933,2025,1484,904,803,,
0,19,20,0,,,,,,,,
44,19,21,1,1057,1878,1726,2342,5942,1335,,
45,19,21,0,,,,,,,,
0,19,21,0,,,,,,,,
36,19,22,0,,,,,,,,
31,19,22,2,2815,1804,2197,984,1969,2404,,
0,19,22,0,,,,,,,,
22,19,23,1,1278,1211,2860,1092,1669,1156,,
32,19,23,0,,,,,,,,
0,19,23,0,,,,,,,,
37,19,24,0,,,,,,,,
49,19,24,2,1792,1270,1309,1702,715,1551,,
0,19,24,0,,,,,,,,
64,19,25,1,2296,2003,1193,1118,1033,1179,,
54,19,25,0,,,,,,,,
0,19,25,0,,,,,,,,
12,19,26,0,,,,,,,,
8,19,26,2,8831,3496,2759,1843,1168,2089,,
0,19,26,0,,,,,,,,
18,19,27,1,1567,3134,3876,3983,1631,2069,,
18,19,27,0,,,,,,,,
0,19,27,0,,,,,,,,
57,19,28,0,,,,,,,,
30,19,28,2,4224,1946,4176,1144,1701,2765,,
0,19,28,0,,,,,,,,
17,19,29,1,3771,3248,3695,3336,3718,1991,399,
42,19,29,0,,,,,,,,
0,19,29,0,,,,,,,,
17,19,30,0,,,,,,,,
45,19,30,2,3945,4797,3106,1601,1725,1820,,
0,19,30,0,,,,,,,,
46,19,31,1,1172,1395,2705,972,1326,1627,,
35,19,31,0,,,,,,,,
0,19,31,0,,,,,,,,
51,19,32,0,,,,,,,,
56,19,32,2,1924,3196,1631,944,1442,725,,
0,19,32,0,,,,,,,,
23,20,1,0,,,,,,,,
0,20,1,0,,,,,,,,
32,20,1,2,2133,2583,1305,1281,1198,1368,,
61,20,2,1,2819,2415,2153,1886,1363,2290,,
0,20,2,0,,,,,,,,
25,20,2,0,,,,,,,,
36,20,3,0,,,,,,,,
0,20,3,0,,,,,,,,
17,20,3,2,2701,1655,1273,1913,1180,3028,,
14,20,4,1,2363,3386,2656,1933,1223,2073,,
0,20,4,0,,,,,,,,
27,20,4,0,,,,,,,,
6,20,5,0,,,,,,,,
0,20,5,0,,,,,,,,
66,20,5,2,2454,1286,1214,792,918,894,,
41,20,6,1,1861,1779,1620,1589,1040,931,,
0,20,6,0,,,,,,,,
61,20,6,0,,,,,,,,
32,20,7,0,,,,,,,,
0,20,7,0,,,,,,,,
39,20,7,2,2303,1220,2312,1361,1224,1255,,
7,20,8,1,2065,2126,1474,1375,2520,3349,,
0,20,8,0,,,,,,,,
50,20,8,0,,,,,,,,
53,20,9,0,,,,,,,,
0,20,9,0,,,,,,,,
9,20,9,2,2505,3357,2175,1375,1631,2223,,
22,20,10,1,1637,1557,1607,987,1174,1890,,
0,20,10,0,,,,,,,,
58,20,10,0,,,,,,,,
5,20,11,0,,,,,,,,
53,20,11,2,2514,1790,1876,1070,1035,1229,,
0,20,11,0,,,,,,,,
65,20,12,1,1343,1814,2009,1441,1111,846,,
38,20,12,0,,,,,,,,
0,20,12,0,,,,,,,,
20,20,13,0,,,,,,,,
50,20,13,2,2503,1202,2959,1158,1876,1435,,
0,20,13,0,,,,,,,,
38,20,14,1,1561,1524,1352,1794,1489,1133,,
47,20,14,0,,,,,,,,
0,20,14,0,,,,,,,,
57,20,15,0,,,,,,,,
59,20,15,2,1468,1652,1686,1423,1490,3197,,
0,20,15,0,,,,,,,,
48,20,16,1,2229,1464,2021,1000,1201,769,,
13,20,16,0,,,,,,,,
0,20,16,0,,,,,,,,
43,20,17,0,,,,,,,,
12,20,17,2,2136,2095,2764,1382,1198,2050,,
0,20,17,0,,,,,,,,
29,20,18,1,1683,2119,1942,1228,1315,1281,,
19,20,18,0,,,,,,,,
0,20,18,0,,,,,,,,
60,20,19,0,,,,,,,,
64,20,19,2,1933,2494,2632,1171,1739,1400,,
0,20,19,0,,,,,,,,
45,20,20,1,2112,2281,1407,1500,1178,2076,,
52,20,20,0,,,,,,,,
0,20,20,0,,,,,,,,
44,20,21,0,,,,,,,,
63,20,21,2,2181,1475,1303,3996,1346,1830,,
0,20,21,0,,,,,,,,
35,20,22,1,1301,1763,983,1523,1053,1399,,
31,20,22,0,,,,,,,,
0,20,22,0,,,,,,,,
22,20,23,0,,,,,,,,
31,20,23,2,1950,1464,1504,1166,973,2280,,
0,20,23,0,,,,,,,,
47,20,24,1,2117,1182,1264,1150,761,1827,,
49,20,24,0,,,,,,,,
0,20,24,0,,,,,,,,
64,20,25,0,,,,,,,,
26,20,25,2,1446,1394,2058,1530,1275,1747,,
0,20,25,0,,,,,,,,
24,20,26,1,2059,1741,1491,1320,1472,1439,,
8,20,26,0,,,,,,,,
0,20,26,0,,,,,,,,
18,20,27,0,,,,,,,,
37,20,27,2,2290,2023,2872,1436,1390,1054,,
0,20,27,0,,,,,,,,
57,20,28,1,1819,1256,1891,2137,1761,2243,,
30,20,28,0,,,,,,,,
0,20,28,0,,,,,,,,
17,20,29,0,,,,,,,,
56,20,29,2,2260,2246,1812,1007,1366,1864,,
0,20,29,0,,,,,,,,
30,20,30,1,2205,2164,2778,1786,1977,2093,,
45,20,30,0,,,,,,,,
0,20,30,0,,,,,,,,
46,20,31,0,,,,,,,,
60,20,31,2,2167,1555,2430,1406,973,2076,,
0,20,31,0,,,,,,,,
46,20,32,1,1347,1968,1794,1288,951,752,,
56,20,32,0,,,,,,,,
0,20,32,0,,,,,,,,
