seq,subj,item,cond,R1,R2,R3,R4,R5,R6,R7,R8
25,1,1,1,887,1093,1362,1591,,204,,
0,1,1,0,,,,,,,,
0,1,1,0,,,,,,,,
0,1,2,0,,,,,,,,
0,1,2,0,,,,,,,,
28,1,2,2,1516,289,1153,1796,1469,978,,
47,1,3,1,2418,,229,3040,,296,,
0,1,3,0,,,,,,,,
0,1,3,0,,,,,,,,
0,1,4,0,,,,,,,,
0,1,4,0,,,,,,,,
30,1,4,2,1597,2629,296,336,170,1369,,
19,1,5,1,1467,645,286,492,,317,,
0,1,5,0,,,,,,,,
0,1,5,0,,,,,,,,
0,1,6,0,,,,,,,,
0,1,6,0,,,,,,,,
9,1,6,2,1948,315,233,1339,876,334,,
40,1,7,1,2618,152,570,211,204,1071,,
0,1,7,0,,,,,,,,
0,1,7,0,,,,,,,,
0,1,8,0,,,,,,,,
0,1,8,0,,,,,,,,
64,1,8,2,1278,1614,1328,1255,1333,1567,,
51,1,9,1,428,2482,1353,583,,409,,
0,1,9,0,,,,,,,,
0,1,9,0,,,,,,,,
0,1,10,0,,,,,,,,
0,1,10,0,,,,,,,,
12,1,10,2,1462,1507,852,1087,811,820,,
66,1,11,1,302,,239,3824,286,679,,
0,1,11,0,,,,,,,,
0,1,11,0,,,,,,,,
0,1,12,0,,,,,,,,
45,1,12,2,1251,4509,2390,2565,,207,,
0,1,12,0,,,,,,,,
44,1,13,1,2475,2431,2690,1870,,167,,
0,1,13,0,,,,,,,,
0,1,13,0,,,,,,,,
0,1,14,0,,,,,,,,
57,1,14,2,884,574,1810,2066,335,1443,,
0,1,14,0,,,,,,,,
35,1,15,1,1127,2569,165,419,194,221,,
0,1,15,0,,,,,,,,
0,1,15,0,,,,,,,,
0,1,16,0,,,,,,,,
50,1,16,2,1145,980,198,1886,1303,793,,
0,1,16,0,,,,,,,,
14,1,17,1,2971,2707,531,202,923,1169,,
0,1,17,0,,,,,,,,
0,1,17,0,,,,,,,,
0,1,18,0,,,,,,,,
58,1,18,2,1087,3838,3248,,153,731,,
0,1,18,0,,,,,,,,
67,1,19,1,1148,2564,837,1112,1689,1771,,
0,1,19,0,,,,,,,,
0,1,19,0,,,,,,,,
0,1,20,0,,,,,,,,
21,1,20,2,1684,374,296,,151,1523,,
0,1,20,0,,,,,,,,
8,1,21,1,5866,2960,1314,1646,1348,1132,,
0,1,21,0,,,,,,,,
0,1,21,0,,,,,,,,
0,1,22,0,,,,,,,,
7,1,22,2,2545,2239,85,145,1063,1306,,
0,1,22,0,,,,,,,,
33,1,23,1,1629,564,2394,1124,1370,1824,,
0,1,23,0,,,,,,,,
0,1,23,0,,,,,,,,
0,1,24,0,,,,,,,,
5,1,24,2,3465,2995,2437,1739,,707,,
0,1,24,0,,,,,,,,
32,1,25,1,1711,183,355,1906,788,675,,
0,1,25,0,,,,,,,,
0,1,25,0,,,,,,,,
0,1,26,0,,,,,,,,
59,1,26,2,2097,529,123,141,1409,625,,
0,1,26,0,,,,,,,,
60,1,27,1,2700,1312,1830,934,453,1161,,
0,1,27,0,,,,,,,,
0,1,27,0,,,,,,,,
0,1,28,0,,,,,,,,
68,1,28,2,611,2266,211,2020,148,235,,
0,1,28,0,,,,,,,,
15,1,29,1,2475,609,211,1635,213,1500,,
0,1,29,0,,,,,,,,
0,1,29,0,,,,,,,,
0,1,30,0,,,,,,,,
49,1,30,2,1980,2925,875,1673,1324,1046,,
0,1,30,0,,,,,,,,
18,1,31,1,1346,211,289,141,803,1194,,
0,1,31,0,,,,,,,,
0,1,31,0,,,,,,,,
0,1,32,0,,,,,,,,
63,1,32,2,830,2260,636,219,1145,952,,
0,1,32,0,,,,,,,,
33,2,1,1,969,921,751,886,801,679,,
0,2,1,0,,,,,,,,
0,2,1,0,,,,,,,,
0,2,2,0,,,,,,,,
0,2,2,0,,,,,,,,
39,2,2,2,1722,1037,1645,205,1004,551,,
19,2,3,1,944,855,777,431,589,964,,
0,2,3,0,,,,,,,,
0,2,3,0,,,,,,,,
0,2,4,0,,,,,,,,
0,2,4,0,,,,,,,,
25,2,4,2,1003,1163,797,989,714,434,,
12,2,5,1,191,314,1066,965,343,89,,
0,2,5,0,,,,,,,,
0,2,5,0,,,,,,,,
0,2,6,0,,,,,,,,
0,2,6,0,,,,,,,,
54,2,6,2,782,898,279,734,805,680,,
18,2,7,1,918,313,139,,,,,
0,2,7,0,,,,,,,,
0,2,7,0,,,,,,,,
0,2,8,0,,,,,,,,
0,2,8,0,,,,,,,,
34,2,8,2,897,874,662,569,459,240,,
57,2,9,1,877,1368,625,818,454,480,,
0,2,9,0,,,,,,,,
0,2,9,0,,,,,,,,
0,2,10,0,,,,,,,,
0,2,10,0,,,,,,,,
5,2,10,2,245,187,327,185,276,,86,
14,2,11,1,,943,442,204,175,183,,
0,2,11,0,,,,,,,,
0,2,11,0,,,,,,,,
0,2,12,0,,,,,,,,
65,2,12,2,745,1331,825,351,85,240,,
0,2,12,0,,,,,,,,
29,2,13,1,1254,989,1009,538,498,405,,
0,2,13,0,,,,,,,,
0,2,13,0,,,,,,,,
0,2,14,0,,,,,,,,
44,2,14,2,1062,493,1368,444,1767,668,,
0,2,14,0,,,,,,,,
21,2,15,1,714,745,608,166,583,941,,
0,2,15,0,,,,,,,,
0,2,15,0,,,,,,,,
0,2,16,0,,,,,,,,
15,2,16,2,306,1538,1629,366,106,166,,
0,2,16,0,,,,,,,,
46,2,17,1,1047,1153,1193,775,503,620,,
0,2,17,0,,,,,,,,
0,2,17,0,,,,,,,,
0,2,18,0,,,,,,,,
27,2,18,2,911,1099,889,435,680,772,,
0,2,18,0,,,,,,,,
53,2,19,1,796,1633,768,750,682,609,,
0,2,19,0,,,,,,,,
0,2,19,0,,,,,,,,
0,2,20,0,,,,,,,,
22,2,20,2,1173,1034,1503,1286,634,653,,
0,2,20,0,,,,,,,,
37,2,21,1,1299,412,880,892,1090,713,,
0,2,21,0,,,,,,,,
0,2,21,0,,,,,,,,
0,2,22,0,,,,,,,,
49,2,22,2,585,1026,873,732,705,479,,
0,2,22,0,,,,,,,,
24,2,23,1,728,835,709,790,552,470,,
0,2,23,0,,,,,,,,
0,2,23,0,,,,,,,,
0,2,24,0,,,,,,,,
52,2,24,2,944,1365,995,410,,196,,
0,2,24,0,,,,,,,,
62,2,25,1,762,931,1010,1076,775,693,,
0,2,25,0,,,,,,,,
0,2,25,0,,,,,,,,
0,2,26,0,,,,,,,,
16,2,26,2,528,763,1272,122,699,983,,
0,2,26,0,,,,,,,,
31,2,27,1,1229,1009,804,958,595,125,,
0,2,27,0,,,,,,,,
0,2,27,0,,,,,,,,
0,2,28,0,,,,,,,,
50,2,28,2,866,691,1069,747,977,1132,,
0,2,28,0,,,,,,,,
17,2,29,1,250,1592,466,199,82,808,,
0,2,29,0,,,,,,,,
0,2,29,0,,,,,,,,
0,2,30,0,,,,,,,,
11,2,30,2,174,2189,432,142,413,221,,
0,2,30,0,,,,,,,,
9,2,31,1,693,651,151,1012,512,751,,
0,2,31,0,,,,,,,,
0,2,31,0,,,,,,,,
0,2,32,0,,,,,,,,
41,2,32,2,805,147,981,893,524,646,,
0,2,32,0,,,,,,,,
50,3,1,1,466,415,1694,2095,,179,,
0,3,1,0,,,,,,,,
0,3,1,0,,,,,,,,
0,3,2,0,,,,,,,,
0,3,2,0,,,,,,,,
12,3,2,2,4438,1381,1378,2706,,115,,
58,3,3,1,3738,435,2565,260,,202,,
0,3,3,0,,,,,,,,
0,3,3,0,,,,,,,,
0,3,4,0,,,,,,,,
0,3,4,0,,,,,,,,
6,3,4,2,4922,2239,371,1649,211,142,,
19,3,5,1,2427,992,2119,3365,1350,220,,
0,3,5,0,,,,,,,,
0,3,5,0,,,,,,,,
0,3,6,0,,,,,,,,
0,3,6,0,,,,,,,,
62,3,6,2,3895,2133,3133,2762,823,926,,
53,3,7,1,3172,1043,2873,635,1372,1521,,
0,3,7,0,,,,,,,,
0,3,7,0,,,,,,,,
0,3,8,0,,,,,,,,
0,3,8,0,,,,,,,,
38,3,8,2,1943,278,1357,1096,1837,227,,
43,3,9,1,2132,2438,369,253,,442,,
0,3,9,0,,,,,,,,
0,3,9,0,,,,,,,,
0,3,10,0,,,,,,,,
0,3,10,0,,,,,,,,
44,3,10,2,2049,3023,1481,,238,1150,,
11,3,11,1,6201,2187,488,135,,344,,
0,3,11,0,,,,,,,,
0,3,11,0,,,,,,,,
0,3,12,0,,,,,,,,
49,3,12,2,3070,5927,,207,408,668,321,
0,3,12,0,,,,,,,,
24,3,13,1,3645,2500,2768,3746,,187,,
0,3,13,0,,,,,,,,
0,3,13,0,,,,,,,,
0,3,14,0,,,,,,,,
39,3,14,2,2043,2505,3019,,119,348,,
0,3,14,0,,,,,,,,
30,3,15,1,4914,1591,271,1777,1723,1365,,
0,3,15,0,,,,,,,,
0,3,15,0,,,,,,,,
0,3,16,0,,,,,,,,
21,3,16,2,249,396,934,715,232,505,,
0,3,16,0,,,,,,,,
68,3,17,1,4678,377,176,267,785,927,,
0,3,17,0,,,,,,,,
0,3,17,0,,,,,,,,
0,3,18,0,,,,,,,,
35,3,18,2,2225,4829,1770,2063,1587,1612,,
0,3,18,0,,,,,,,,
9,3,19,1,6276,133,991,679,2257,2222,,
0,3,19,0,,,,,,,,
0,3,19,0,,,,,,,,
0,3,20,0,,,,,,,,
47,3,20,2,5764,352,224,204,235,136,,
0,3,20,0,,,,,,,,
33,3,21,1,3950,2009,2385,1971,2041,1127,,
0,3,21,0,,,,,,,,
0,3,21,0,,,,,,,,
0,3,22,0,,,,,,,,
37,3,22,2,3640,2605,239,1939,400,326,,
0,3,22,0,,,,,,,,
25,3,23,1,1219,189,2794,2032,1195,1920,,
0,3,23,0,,,,,,,,
0,3,23,0,,,,,,,,
0,3,24,0,,,,,,,,
36,3,24,2,2693,2372,1765,1933,,652,,
0,3,24,0,,,,,,,,
5,3,25,1,5139,1308,721,1665,,195,,
0,3,25,0,,,,,,,,
0,3,25,0,,,,,,,,
0,3,26,0,,,,,,,,
56,3,26,2,4784,234,1815,251,1946,1432,,
0,3,26,0,,,,,,,,
17,3,27,1,3669,1768,262,126,710,293,,
0,3,27,0,,,,,,,,
0,3,27,0,,,,,,,,
0,3,28,0,,,,,,,,
8,3,28,2,,457,528,255,192,663,,
0,3,28,0,,,,,,,,
10,3,29,1,1941,174,187,185,139,300,,
0,3,29,0,,,,,,,,
0,3,29,0,,,,,,,,
0,3,30,0,,,,,,,,
23,3,30,2,4287,2874,1815,438,1575,917,,
0,3,30,0,,,,,,,,
51,3,31,1,2604,229,245,185,603,196,,
0,3,31,0,,,,,,,,
0,3,31,0,,,,,,,,
0,3,32,0,,,,,,,,
34,3,32,2,469,1242,2813,2924,90,130,,
0,3,32,0,,,,,,,,
61,4,1,1,1736,2256,2210,1342,,152,,
0,4,1,0,,,,,,,,
0,4,1,0,,,,,,,,
0,4,2,0,,,,,,,,
0,4,2,0,,,,,,,,
31,4,2,2,2087,182,241,130,1345,830,,
55,4,3,1,2529,973,207,1717,,122,,
0,4,3,0,,,,,,,,
0,4,3,0,,,,,,,,
0,4,4,0,,,,,,,,
0,4,4,0,,,,,,,,
16,4,4,2,1978,169,254,1688,1550,1270,,
12,4,5,1,2148,1707,1316,1539,1460,1371,,
0,4,5,0,,,,,,,,
0,4,5,0,,,,,,,,
0,4,6,0,,,,,,,,
0,4,6,0,,,,,,,,
52,4,6,2,1412,492,196,418,479,127,,
45,4,7,1,1347,389,493,975,144,179,,
0,4,7,0,,,,,,,,
0,4,7,0,,,,,,,,
0,4,8,0,,,,,,,,
0,4,8,0,,,,,,,,
28,4,8,2,1205,1389,512,206,1307,1756,,
67,4,9,1,1383,1423,1988,1311,240,184,,
0,4,9,0,,,,,,,,
0,4,9,0,,,,,,,,
0,4,10,0,,,,,,,,
0,4,10,0,,,,,,,,
18,4,10,2,1967,,122,663,276,1774,,
10,4,11,1,1447,2060,295,1786,,176,,
0,4,11,0,,,,,,,,
0,4,11,0,,,,,,,,
0,4,12,0,,,,,,,,
51,4,12,2,447,210,163,267,245,,,
0,4,12,0,,,,,,,,
57,4,13,1,691,1624,662,1856,,148,,
0,4,13,0,,,,,,,,
0,4,13,0,,,,,,,,
0,4,14,0,,,,,,,,
15,4,14,2,1660,1279,1975,1180,1521,957,,
0,4,14,0,,,,,,,,
40,4,15,1,562,125,1466,1485,382,1079,,
0,4,15,0,,,,,,,,
0,4,15,0,,,,,,,,
0,4,16,0,,,,,,,,
43,4,16,2,897,549,3047,147,1318,995,,
0,4,16,0,,,,,,,,
24,4,17,1,1428,1222,1427,1222,1105,1849,,
0,4,17,0,,,,,,,,
0,4,17,0,,,,,,,,
0,4,18,0,,,,,,,,
63,4,18,2,992,3159,416,296,1082,1416,,
0,4,18,0,,,,,,,,
42,4,19,1,1688,3749,1701,1033,1208,1300,,
0,4,19,0,,,,,,,,
0,4,19,0,,,,,,,,
0,4,20,0,,,,,,,,
23,4,20,2,2054,,352,207,973,1140,,
0,4,20,0,,,,,,,,
66,4,21,1,1518,,202,203,385,1225,,
0,4,21,0,,,,,,,,
0,4,21,0,,,,,,,,
0,4,22,0,,,,,,,,
8,4,22,2,2849,2523,,632,1440,288,,
0,4,22,0,,,,,,,,
11,4,23,1,1782,2484,1502,1912,1301,1875,,
0,4,23,0,,,,,,,,
0,4,23,0,,,,,,,,
0,4,24,0,,,,,,,,
65,4,24,2,1972,1243,445,249,222,188,,
0,4,24,0,,,,,,,,
38,4,25,1,1555,1577,1984,2057,,116,,
0,4,25,0,,,,,,,,
0,4,25,0,,,,,,,,
0,4,26,0,,,,,,,,
25,4,26,2,1315,636,130,444,504,157,,
0,4,26,0,,,,,,,,
6,4,27,1,2367,2228,2123,2135,196,363,,
0,4,27,0,,,,,,,,
0,4,27,0,,,,,,,,
0,4,28,0,,,,,,,,
49,4,28,2,2215,767,513,206,206,114,,
0,4,28,0,,,,,,,,
30,4,29,1,714,1207,1415,501,153,1332,,
0,4,29,0,,,,,,,,
0,4,29,0,,,,,,,,
0,4,30,0,,,,,,,,
39,4,30,2,538,146,1644,1831,,282,,
0,4,30,0,,,,,,,,
60,4,31,1,581,1316,164,2173,1391,1094,,
0,4,31,0,,,,,,,,
0,4,31,0,,,,,,,,
0,4,32,0,,,,,,,,
50,4,32,2,625,1285,337,231,155,842,,
0,4,32,0,,,,,,,,
18,5,1,1,3062,190,2284,881,800,182,366,
0,5,1,0,,,,,,,,
0,5,1,0,,,,,,,,
0,5,2,0,,,,,,,,
0,5,2,0,,,,,,,,
46,5,2,2,,1763,3793,479,612,487,,
53,5,3,1,466,648,626,763,,540,,
0,5,3,0,,,,,,,,
0,5,3,0,,,,,,,,
0,5,4,0,,,,,,,,
0,5,4,0,,,,,,,,
35,5,4,2,548,1475,2167,281,496,197,326,
55,5,5,1,1968,776,212,848,1828,1039,,
0,5,5,0,,,,,,,,
0,5,5,0,,,,,,,,
0,5,6,0,,,,,,,,
0,5,6,0,,,,,,,,
36,5,6,2,450,1252,2477,610,169,,,
59,5,7,1,1072,639,412,124,776,1072,,
0,5,7,0,,,,,,,,
0,5,7,0,,,,,,,,
0,5,8,0,,,,,,,,
0,5,8,0,,,,,,,,
33,5,8,2,,2062,2823,310,169,,,
24,5,9,1,2630,471,145,1380,321,,469,
0,5,9,0,,,,,,,,
0,5,9,0,,,,,,,,
0,5,10,0,,,,,,,,
0,5,10,0,,,,,,,,
25,5,10,2,2078,1669,2926,477,160,136,,
41,5,11,1,1288,2406,599,115,,276,,
0,5,11,0,,,,,,,,
0,5,11,0,,,,,,,,
0,5,12,0,,,,,,,,
9,5,12,2,1394,1927,629,2271,,270,,
0,5,12,0,,,,,,,,
60,5,13,1,1905,,426,927,,301,,
0,5,13,0,,,,,,,,
0,5,13,0,,,,,,,,
0,5,14,0,,,,,,,,
8,5,14,2,4524,2129,655,760,215,590,,
0,5,14,0,,,,,,,,
16,5,15,1,2348,853,140,289,186,168,,
0,5,15,0,,,,,,,,
0,5,15,0,,,,,,,,
0,5,16,0,,,,,,,,
34,5,16,2,277,2943,2006,1472,725,212,,
0,5,16,0,,,,,,,,
30,5,17,1,535,257,1177,292,1283,1974,,
0,5,17,0,,,,,,,,
0,5,17,0,,,,,,,,
0,5,18,0,,,,,,,,
62,5,18,2,449,1877,207,,142,818,,
0,5,18,0,,,,,,,,
49,5,19,1,667,159,2093,,356,1804,,
0,5,19,0,,,,,,,,
0,5,19,0,,,,,,,,
0,5,20,0,,,,,,,,
38,5,20,2,318,1438,2261,2692,408,365,153,
0,5,20,0,,,,,,,,
54,5,21,1,1885,581,280,1047,1103,109,,
0,5,21,0,,,,,,,,
0,5,21,0,,,,,,,,
0,5,22,0,,,,,,,,
51,5,22,2,3033,151,234,734,1772,2372,,
0,5,22,0,,,,,,,,
39,5,23,1,236,636,724,177,2175,391,,
0,5,23,0,,,,,,,,
0,5,23,0,,,,,,,,
0,5,24,0,,,,,,,,
23,5,24,2,2407,396,654,337,,297,,
0,5,24,0,,,,,,,,
56,5,25,1,1114,285,173,2418,690,1018,,
0,5,25,0,,,,,,,,
0,5,25,0,,,,,,,,
0,5,26,0,,,,,,,,
47,5,26,2,1349,323,393,134,980,753,,
0,5,26,0,,,,,,,,
48,5,27,1,470,431,317,153,137,,,
0,5,27,0,,,,,,,,
0,5,27,0,,,,,,,,
0,5,28,0,,,,,,,,
19,5,28,2,4432,1569,2037,1114,272,353,,
0,5,28,0,,,,,,,,
15,5,29,1,4321,812,728,739,208,395,,
0,5,29,0,,,,,,,,
0,5,29,0,,,,,,,,
0,5,30,0,,,,,,,,
17,5,30,2,3790,1800,1611,430,,425,,
0,5,30,0,,,,,,,,
45,5,31,1,1113,1019,,169,880,1340,,
0,5,31,0,,,,,,,,
0,5,31,0,,,,,,,,
0,5,32,0,,,,,,,,
57,5,32,2,1144,2733,,576,485,,997,
0,5,32,0,,,,,,,,
11,6,1,1,2249,3067,2585,1882,,339,,
0,6,1,0,,,,,,,,
0,6,1,0,,,,,,,,
0,6,2,0,,,,,,,,
0,6,2,0,,,,,,,,
32,6,2,2,2645,455,106,1866,2525,1624,,
55,6,3,1,2013,1155,1998,1530,,352,,
0,6,3,0,,,,,,,,
0,6,3,0,,,,,,,,
0,6,4,0,,,,,,,,
0,6,4,0,,,,,,,,
16,6,4,2,2568,2691,633,1500,261,183,,
41,6,5,1,2161,2276,,409,1225,1765,,
0,6,5,0,,,,,,,,
0,6,5,0,,,,,,,,
0,6,6,0,,,,,,,,
0,6,6,0,,,,,,,,
45,6,6,2,1793,1992,1973,1398,1126,,131,
34,6,7,1,2201,2469,143,123,1348,299,,
0,6,7,0,,,,,,,,
0,6,7,0,,,,,,,,
0,6,8,0,,,,,,,,
0,6,8,0,,,,,,,,
60,6,8,2,1398,2066,1773,373,1014,510,,
19,6,9,1,2153,529,1397,788,226,294,,
0,6,9,0,,,,,,,,
0,6,9,0,,,,,,,,
0,6,10,0,,,,,,,,
0,6,10,0,,,,,,,,
8,6,10,2,2340,3260,2017,1854,2890,2226,,
18,6,11,1,3240,2642,2256,298,174,429,,
0,6,11,0,,,,,,,,
0,6,11,0,,,,,,,,
0,6,12,0,,,,,,,,
53,6,12,2,1449,2100,2213,1459,,209,,
0,6,12,0,,,,,,,,
29,6,13,1,3288,1619,3480,2593,1409,1780,,
0,6,13,0,,,,,,,,
0,6,13,0,,,,,,,,
0,6,14,0,,,,,,,,
22,6,14,2,1865,1495,1007,865,127,2503,,
0,6,14,0,,,,,,,,
66,6,15,1,1587,2480,194,1089,350,1159,,
0,6,15,0,,,,,,,,
0,6,15,0,,,,,,,,
0,6,16,0,,,,,,,,
31,6,16,2,2957,2911,2189,1281,1240,1397,,
0,6,16,0,,,,,,,,
59,6,17,1,1174,871,491,2191,655,3017,,
0,6,17,0,,,,,,,,
0,6,17,0,,,,,,,,
0,6,18,0,,,,,,,,
48,6,18,2,3685,3377,1733,1454,834,2721,,
0,6,18,0,,,,,,,,
26,6,19,1,2106,3292,2398,1396,378,2562,,
0,6,19,0,,,,,,,,
0,6,19,0,,,,,,,,
0,6,20,0,,,,,,,,
38,6,20,2,3539,1705,2025,2255,984,2289,,
0,6,20,0,,,,,,,,
52,6,21,1,2493,,229,1515,,340,,
0,6,21,0,,,,,,,,
0,6,21,0,,,,,,,,
0,6,22,0,,,,,,,,
67,6,22,2,2165,106,1619,140,1865,1684,,
0,6,22,0,,,,,,,,
64,6,23,1,2071,2089,2027,1713,,117,,
0,6,23,0,,,,,,,,
0,6,23,0,,,,,,,,
0,6,24,0,,,,,,,,
25,6,24,2,2584,2205,1935,1866,,141,,
0,6,24,0,,,,,,,,
27,6,25,1,3039,2395,2096,2635,1208,1751,,
0,6,25,0,,,,,,,,
0,6,25,0,,,,,,,,
0,6,26,0,,,,,,,,
47,6,26,2,2961,2807,1543,1594,1250,1257,,
0,6,26,0,,,,,,,,
54,6,27,1,2211,3950,151,1481,182,381,,
0,6,27,0,,,,,,,,
0,6,27,0,,,,,,,,
0,6,28,0,,,,,,,,
30,6,28,2,3904,2601,2833,1662,1942,2567,,
0,6,28,0,,,,,,,,
13,6,29,1,4648,2108,1151,1331,2544,3107,,
0,6,29,0,,,,,,,,
0,6,29,0,,,,,,,,
0,6,30,0,,,,,,,,
61,6,30,2,3977,2302,2095,1693,1641,1595,,
0,6,30,0,,,,,,,,
6,6,31,1,3052,1962,2454,,93,2368,,
0,6,31,0,,,,,,,,
0,6,31,0,,,,,,,,
0,6,32,0,,,,,,,,
28,6,32,2,2143,2746,279,649,1960,2859,,
0,6,32,0,,,,,,,,
43,7,1,1,462,318,1415,1557,1465,,,
0,7,1,0,,,,,,,,
0,7,1,0,,,,,,,,
0,7,2,0,,,,,,,,
0,7,2,0,,,,,,,,
12,7,2,2,1622,1120,400,279,1050,,,
65,7,3,1,2956,2638,1708,2339,,140,,
0,7,3,0,,,,,,,,
0,7,3,0,,,,,,,,
0,7,4,0,,,,,,,,
0,7,4,0,,,,,,,,
21,7,4,2,3035,1671,289,507,1193,563,98,
51,7,5,1,257,472,2385,1369,795,2198,,
0,7,5,0,,,,,,,,
0,7,5,0,,,,,,,,
0,7,6,0,,,,,,,,
0,7,6,0,,,,,,,,
46,7,6,2,950,2054,2025,2788,2231,1097,224,
35,7,7,1,1192,1570,2413,2714,1109,868,,
0,7,7,0,,,,,,,,
0,7,7,0,,,,,,,,
0,7,8,0,,,,,,,,
0,7,8,0,,,,,,,,
32,7,8,2,1312,711,465,2308,640,1808,,
5,7,9,1,1701,127,159,,193,232,,
0,7,9,0,,,,,,,,
0,7,9,0,,,,,,,,
0,7,10,0,,,,,,,,
0,7,10,0,,,,,,,,
38,7,10,2,1795,118,1488,2539,1781,3022,,
11,7,11,1,2157,575,565,224,229,479,,
0,7,11,0,,,,,,,,
0,7,11,0,,,,,,,,
0,7,12,0,,,,,,,,
19,7,12,2,483,2229,1403,984,477,445,,
0,7,12,0,,,,,,,,
24,7,13,1,357,198,175,912,624,211,,
0,7,13,0,,,,,,,,
0,7,13,0,,,,,,,,
0,7,14,0,,,,,,,,
42,7,14,2,416,1912,515,2630,1601,345,,
0,7,14,0,,,,,,,,
68,7,15,1,1695,1661,2053,1873,953,318,,
0,7,15,0,,,,,,,,
0,7,15,0,,,,,,,,
0,7,16,0,,,,,,,,
67,7,16,2,2568,2223,2551,354,595,113,,
0,7,16,0,,,,,,,,
23,7,17,1,1635,195,658,976,1906,918,,
0,7,17,0,,,,,,,,
0,7,17,0,,,,,,,,
0,7,18,0,,,,,,,,
63,7,18,2,2615,156,1980,1582,1244,1597,,
0,7,18,0,,,,,,,,
10,7,19,1,420,194,6035,231,2448,514,,
0,7,19,0,,,,,,,,
0,7,19,0,,,,,,,,
0,7,20,0,,,,,,,,
64,7,20,2,5720,2054,2004,1406,917,1219,,
0,7,20,0,,,,,,,,
9,7,21,1,2797,3398,2163,1915,277,140,,
0,7,21,0,,,,,,,,
0,7,21,0,,,,,,,,
0,7,22,0,,,,,,,,
17,7,22,2,2744,265,588,877,350,908,,
0,7,22,0,,,,,,,,
49,7,23,1,412,2614,835,81,1816,484,,
0,7,23,0,,,,,,,,
0,7,23,0,,,,,,,,
0,7,24,0,,,,,,,,
62,7,24,2,2828,414,1792,1274,,549,,
0,7,24,0,,,,,,,,
16,7,25,1,2439,601,2789,738,889,256,,
0,7,25,0,,,,,,,,
0,7,25,0,,,,,,,,
0,7,26,0,,,,,,,,
27,7,26,2,2744,367,1323,120,293,195,,
0,7,26,0,,,,,,,,
37,7,27,1,1093,2157,2220,1421,990,597,,
0,7,27,0,,,,,,,,
0,7,27,0,,,,,,,,
0,7,28,0,,,,,,,,
20,7,28,2,442,1152,744,1724,1382,198,,
0,7,28,0,,,,,,,,
45,7,29,1,1236,3099,1650,2372,1615,604,312,
0,7,29,0,,,,,,,,
0,7,29,0,,,,,,,,
0,7,30,0,,,,,,,,
26,7,30,2,3142,299,818,175,,783,,
0,7,30,0,,,,,,,,
28,7,31,1,2458,2228,846,145,1001,1403,,
0,7,31,0,,,,,,,,
0,7,31,0,,,,,,,,
0,7,32,0,,,,,,,,
53,7,32,2,1362,1142,1881,153,1644,178,435,
0,7,32,0,,,,,,,,
13,8,1,1,1382,344,124,237,557,150,,
0,8,1,0,,,,,,,,
0,8,1,0,,,,,,,,
0,8,2,0,,,,,,,,
0,8,2,0,,,,,,,,
19,8,2,2,1111,1594,2276,1874,1021,1069,,
42,8,3,1,1197,799,379,979,,276,,
0,8,3,0,,,,,,,,
0,8,3,0,,,,,,,,
0,8,4,0,,,,,,,,
0,8,4,0,,,,,,,,
48,8,4,2,906,643,713,97,117,192,,
57,8,5,1,360,302,96,153,107,1121,,
0,8,5,0,,,,,,,,
0,8,5,0,,,,,,,,
0,8,6,0,,,,,,,,
0,8,6,0,,,,,,,,
32,8,6,2,1380,743,413,162,299,128,,
49,8,7,1,490,134,142,844,528,1746,,
0,8,7,0,,,,,,,,
0,8,7,0,,,,,,,,
0,8,8,0,,,,,,,,
0,8,8,0,,,,,,,,
22,8,8,2,496,147,821,814,774,,,
44,8,9,1,686,966,285,935,266,202,,
0,8,9,0,,,,,,,,
0,8,9,0,,,,,,,,
0,8,10,0,,,,,,,,
0,8,10,0,,,,,,,,
10,8,10,2,869,166,312,151,1250,1183,,
62,8,11,1,911,2003,593,210,139,159,,
0,8,11,0,,,,,,,,
0,8,11,0,,,,,,,,
0,8,12,0,,,,,,,,
53,8,12,2,860,580,716,171,473,162,257,
0,8,12,0,,,,,,,,
33,8,13,1,1482,861,543,1342,354,223,150,
0,8,13,0,,,,,,,,
0,8,13,0,,,,,,,,
0,8,14,0,,,,,,,,
55,8,14,2,1079,332,136,762,557,,316,
0,8,14,0,,,,,,,,
51,8,15,1,697,725,1005,81,755,767,,
0,8,15,0,,,,,,,,
0,8,15,0,,,,,,,,
0,8,16,0,,,,,,,,
24,8,16,2,319,433,696,614,506,940,,
0,8,16,0,,,,,,,,
28,8,17,1,1197,486,969,1035,716,281,,
0,8,17,0,,,,,,,,
0,8,17,0,,,,,,,,
0,8,18,0,,,,,,,,
12,8,18,2,445,331,304,679,1542,1297,,
0,8,18,0,,,,,,,,
18,8,19,1,1347,591,217,480,864,1383,,
0,8,19,0,,,,,,,,
0,8,19,0,,,,,,,,
0,8,20,0,,,,,,,,
26,8,20,2,1179,1387,,343,203,290,,
0,8,20,0,,,,,,,,
5,8,21,1,2221,1123,1433,292,177,91,,
0,8,21,0,,,,,,,,
0,8,21,0,,,,,,,,
0,8,22,0,,,,,,,,
15,8,22,2,761,856,864,1224,725,211,,
0,8,22,0,,,,,,,,
21,8,23,1,986,1176,1015,701,150,1242,,
0,8,23,0,,,,,,,,
0,8,23,0,,,,,,,,
0,8,24,0,,,,,,,,
25,8,24,2,1147,763,384,90,,157,,
0,8,24,0,,,,,,,,
58,8,25,1,1117,130,902,1082,304,334,,
0,8,25,0,,,,,,,,
0,8,25,0,,,,,,,,
0,8,26,0,,,,,,,,
61,8,26,2,1085,191,1090,334,270,1249,,
0,8,26,0,,,,,,,,
46,8,27,1,1477,182,313,193,168,337,,
0,8,27,0,,,,,,,,
0,8,27,0,,,,,,,,
0,8,28,0,,,,,,,,
8,8,28,2,1681,1020,692,227,1156,1600,,
0,8,28,0,,,,,,,,
56,8,29,1,1188,448,181,181,157,1036,,
0,8,29,0,,,,,,,,
0,8,29,0,,,,,,,,
0,8,30,0,,,,,,,,
31,8,30,2,1490,1356,1369,1225,902,964,,
0,8,30,0,,,,,,,,
9,8,31,1,2103,1358,1117,721,637,798,,
0,8,31,0,,,,,,,,
0,8,31,0,,,,,,,,
0,8,32,0,,,,,,,,
63,8,32,2,826,246,160,664,578,538,,
0,8,32,0,,,,,,,,
13,9,1,1,3131,2415,1542,1910,,142,,
0,9,1,0,,,,,,,,
0,9,1,0,,,,,,,,
0,9,2,0,,,,,,,,
0,9,2,0,,,,,,,,
61,9,2,2,1828,1833,2907,153,2059,1404,,
49,9,3,1,3043,1159,171,1924,,467,,
0,9,3,0,,,,,,,,
0,9,3,0,,,,,,,,
0,9,4,0,,,,,,,,
0,9,4,0,,,,,,,,
48,9,4,2,1410,2177,2442,1228,1907,1417,,
23,9,5,1,2324,,166,1662,1897,2147,,
0,9,5,0,,,,,,,,
0,9,5,0,,,,,,,,
0,9,6,0,,,,,,,,
0,9,6,0,,,,,,,,
25,9,6,2,1589,260,158,1445,1364,162,,
42,9,7,1,1696,1473,2119,2384,1586,991,,
0,9,7,0,,,,,,,,
0,9,7,0,,,,,,,,
0,9,8,0,,,,,,,,
0,9,8,0,,,,,,,,
31,9,8,2,2198,767,164,160,1646,2424,,
9,9,9,1,1315,1561,,144,,423,,
0,9,9,0,,,,,,,,
0,9,9,0,,,,,,,,
0,9,10,0,,,,,,,,
0,9,10,0,,,,,,,,
45,9,10,2,1232,1912,2081,1368,1621,1435,,
35,9,11,1,1746,2259,187,151,,264,,
0,9,11,0,,,,,,,,
0,9,11,0,,,,,,,,
0,9,12,0,,,,,,,,
56,9,12,2,1627,2432,2298,1689,,160,,
0,9,12,0,,,,,,,,
5,9,13,1,3318,2344,2346,1807,,173,,
0,9,13,0,,,,,,,,
0,9,13,0,,,,,,,,
0,9,14,0,,,,,,,,
6,9,14,2,2781,1452,2053,1855,414,1533,,
0,9,14,0,,,,,,,,
62,9,15,1,1225,1443,1260,145,1094,952,,
0,9,15,0,,,,,,,,
0,9,15,0,,,,,,,,
0,9,16,0,,,,,,,,
47,9,16,2,1693,2359,2373,1722,1076,913,,
0,9,16,0,,,,,,,,
27,9,17,1,2277,208,224,3837,1325,2216,,
0,9,17,0,,,,,,,,
0,9,17,0,,,,,,,,
0,9,18,0,,,,,,,,
36,9,18,2,2159,2212,981,196,1409,1578,,
0,9,18,0,,,,,,,,
53,9,19,1,2993,411,2625,1664,377,1823,,
0,9,19,0,,,,,,,,
0,9,19,0,,,,,,,,
0,9,20,0,,,,,,,,
55,9,20,2,1964,2445,1994,2170,1033,1634,,
0,9,20,0,,,,,,,,
57,9,21,1,1966,4922,1611,1050,456,179,,
0,9,21,0,,,,,,,,
0,9,21,0,,,,,,,,
0,9,22,0,,,,,,,,
54,9,22,2,1604,1699,1396,148,1693,167,,
0,9,22,0,,,,,,,,
22,9,23,1,1622,1531,1734,2051,1110,1592,,
0,9,23,0,,,,,,,,
0,9,23,0,,,,,,,,
0,9,24,0,,,,,,,,
51,9,24,2,4070,1674,1957,1538,,171,,
0,9,24,0,,,,,,,,
19,9,25,1,2163,1702,1352,2113,,114,,
0,9,25,0,,,,,,,,
0,9,25,0,,,,,,,,
0,9,26,0,,,,,,,,
58,9,26,2,1490,1410,1857,1923,1251,1337,,
0,9,26,0,,,,,,,,
40,9,27,1,1873,1793,168,1171,470,155,,
0,9,27,0,,,,,,,,
0,9,27,0,,,,,,,,
0,9,28,0,,,,,,,,
7,9,28,2,2066,1685,2235,1781,,164,,
0,9,28,0,,,,,,,,
34,9,29,1,3130,105,238,1653,1647,1598,,
0,9,29,0,,,,,,,,
0,9,29,0,,,,,,,,
0,9,30,0,,,,,,,,
17,9,30,2,2485,1463,,220,1604,2013,,
0,9,30,0,,,,,,,,
33,9,31,1,1621,752,420,1034,957,154,,
0,9,31,0,,,,,,,,
0,9,31,0,,,,,,,,
0,9,32,0,,,,,,,,
8,9,32,2,1910,1760,1656,1509,151,878,,
0,9,32,0,,,,,,,,
26,10,1,1,2483,2187,161,1431,,263,,
0,10,1,0,,,,,,,,
0,10,1,0,,,,,,,,
0,10,2,0,,,,,,,,
0,10,2,0,,,,,,,,
49,10,2,2,2105,1912,2708,1993,2440,,,
23,10,3,1,2567,2047,2357,1228,,167,,
0,10,3,0,,,,,,,,
0,10,3,0,,,,,,,,
0,10,4,0,,,,,,,,
0,10,4,0,,,,,,,,
13,10,4,2,1899,3444,1673,1871,153,145,,
21,10,5,1,1710,1265,1379,1270,936,1139,,
0,10,5,0,,,,,,,,
0,10,5,0,,,,,,,,
0,10,6,0,,,,,,,,
0,10,6,0,,,,,,,,
11,10,6,2,1678,2513,1327,1765,1013,150,,
66,10,7,1,1972,1389,1714,1485,836,182,,
0,10,7,0,,,,,,,,
0,10,7,0,,,,,,,,
0,10,8,0,,,,,,,,
0,10,8,0,,,,,,,,
36,10,8,2,1353,3006,1223,945,1079,,,
17,10,9,1,1953,1477,1192,906,220,174,,
0,10,9,0,,,,,,,,
0,10,9,0,,,,,,,,
0,10,10,0,,,,,,,,
0,10,10,0,,,,,,,,
5,10,10,2,2428,690,2113,1458,1644,119,,
16,10,11,1,1738,287,2935,150,528,192,,
0,10,11,0,,,,,,,,
0,10,11,0,,,,,,,,
0,10,12,0,,,,,,,,
29,10,12,2,2414,1092,1514,1447,,182,,
0,10,12,0,,,,,,,,
30,10,13,1,2284,1538,1906,1302,1196,1136,,
0,10,13,0,,,,,,,,
0,10,13,0,,,,,,,,
0,10,14,0,,,,,,,,
15,10,14,2,1283,1662,1541,1391,124,902,,
0,10,14,0,,,,,,,,
19,10,15,1,,2630,156,346,186,1833,,
0,10,15,0,,,,,,,,
0,10,15,0,,,,,,,,
0,10,16,0,,,,,,,,
38,10,16,2,1498,1873,2602,274,954,1018,,
0,10,16,0,,,,,,,,
32,10,17,1,1500,2553,1974,1363,1987,1724,,
0,10,17,0,,,,,,,,
0,10,17,0,,,,,,,,
0,10,18,0,,,,,,,,
28,10,18,2,1568,2181,1963,1538,1457,1867,,
0,10,18,0,,,,,,,,
53,10,19,1,1303,1844,2792,1026,1347,1477,,
0,10,19,0,,,,,,,,
0,10,19,0,,,,,,,,
0,10,20,0,,,,,,,,
8,10,20,2,2811,1721,2055,1348,,116,,
0,10,20,0,,,,,,,,
39,10,21,1,3344,1701,2006,1300,,82,,
0,10,21,0,,,,,,,,
0,10,21,0,,,,,,,,
0,10,22,0,,,,,,,,
44,10,22,2,2590,1613,1846,1506,1502,564,,
0,10,22,0,,,,,,,,
51,10,23,1,1778,1853,3236,2486,1152,1604,,
0,10,23,0,,,,,,,,
0,10,23,0,,,,,,,,
0,10,24,0,,,,,,,,
31,10,24,2,2561,1485,1701,1156,,350,,
0,10,24,0,,,,,,,,
62,10,25,1,1770,1488,1692,1322,,161,,
0,10,25,0,,,,,,,,
0,10,25,0,,,,,,,,
0,10,26,0,,,,,,,,
40,10,26,2,1714,2494,1833,129,1537,1314,,
0,10,26,0,,,,,,,,
61,10,27,1,2168,1875,1341,850,138,577,,
0,10,27,0,,,,,,,,
0,10,27,0,,,,,,,,
0,10,28,0,,,,,,,,
48,10,28,2,2505,1387,1841,2592,3035,1850,,
0,10,28,0,,,,,,,,
10,10,29,1,,2821,744,1430,1535,1049,,
0,10,29,0,,,,,,,,
0,10,29,0,,,,,,,,
0,10,30,0,,,,,,,,
33,10,30,2,2745,2102,1361,1629,,130,,
0,10,30,0,,,,,,,,
56,10,31,1,3150,1853,372,1268,,180,,
0,10,31,0,,,,,,,,
0,10,31,0,,,,,,,,
0,10,32,0,,,,,,,,
52,10,32,2,1611,1905,307,1317,171,670,,
0,10,32,0,,,,,,,,
22,11,1,1,1899,2775,1974,1335,,108,,
0,11,1,0,,,,,,,,
0,11,1,0,,,,,,,,
0,11,2,0,,,,,,,,
0,11,2,0,,,,,,,,
43,11,2,2,2125,2639,2500,1724,1224,127,337,
12,11,3,1,2143,1410,2855,1382,1130,2318,,
0,11,3,0,,,,,,,,
0,11,3,0,,,,,,,,
0,11,4,0,,,,,,,,
0,11,4,0,,,,,,,,
38,11,4,2,2351,3168,1424,1740,1594,1422,,
25,11,5,1,2099,1470,1199,941,1538,1000,,
0,11,5,0,,,,,,,,
0,11,5,0,,,,,,,,
0,11,6,0,,,,,,,,
0,11,6,0,,,,,,,,
59,11,6,2,1912,1591,1703,1196,1239,1139,,
51,11,7,1,2507,1286,1908,1306,1443,2038,,
0,11,7,0,,,,,,,,
0,11,7,0,,,,,,,,
0,11,8,0,,,,,,,,
0,11,8,0,,,,,,,,
66,11,8,2,1388,1503,1197,1012,1479,1308,,
18,11,9,1,2195,2290,1776,1148,196,,153,
0,11,9,0,,,,,,,,
0,11,9,0,,,,,,,,
0,11,10,0,,,,,,,,
0,11,10,0,,,,,,,,
31,11,10,2,1565,1522,1171,1226,1665,1164,,
47,11,11,1,3647,4624,1554,875,96,174,,
0,11,11,0,,,,,,,,
0,11,11,0,,,,,,,,
0,11,12,0,,,,,,,,
50,11,12,2,2704,1183,762,1344,1134,529,,
0,11,12,0,,,,,,,,
8,11,13,1,4666,5096,1742,1270,1254,1142,,
0,11,13,0,,,,,,,,
0,11,13,0,,,,,,,,
0,11,14,0,,,,,,,,
15,11,14,2,1958,1617,1857,1084,1223,983,,
0,11,14,0,,,,,,,,
54,11,15,1,4052,185,1464,421,918,1382,,
0,11,15,0,,,,,,,,
0,11,15,0,,,,,,,,
0,11,16,0,,,,,,,,
28,11,16,2,2300,1671,4190,1065,,108,,
0,11,16,0,,,,,,,,
41,11,17,1,1672,1861,2067,1061,819,1711,,
0,11,17,0,,,,,,,,
0,11,17,0,,,,,,,,
0,11,18,0,,,,,,,,
65,11,18,2,1667,2636,1439,2301,2086,1825,,
0,11,18,0,,,,,,,,
5,11,19,1,3089,1582,2124,877,1772,2453,,
0,11,19,0,,,,,,,,
0,11,19,0,,,,,,,,
0,11,20,0,,,,,,,,
48,11,20,2,2062,1353,1889,1199,833,480,,
0,11,20,0,,,,,,,,
9,11,21,1,4031,2137,1329,1619,633,144,,
0,11,21,0,,,,,,,,
0,11,21,0,,,,,,,,
0,11,22,0,,,,,,,,
46,11,22,2,1704,244,440,1351,995,996,,
0,11,22,0,,,,,,,,
36,11,23,1,2015,1006,1679,1201,969,776,,
0,11,23,0,,,,,,,,
0,11,23,0,,,,,,,,
0,11,24,0,,,,,,,,
16,11,24,2,2753,1196,1173,1487,,447,,
0,11,24,0,,,,,,,,
14,11,25,1,1992,1773,1742,2203,992,1077,,
0,11,25,0,,,,,,,,
0,11,25,0,,,,,,,,
0,11,26,0,,,,,,,,
10,11,26,2,3508,1565,2585,2959,551,244,,
0,11,26,0,,,,,,,,
62,11,27,1,2552,1582,157,1278,169,154,,
0,11,27,0,,,,,,,,
0,11,27,0,,,,,,,,
0,11,28,0,,,,,,,,
20,11,28,2,2861,1849,663,162,1275,3470,,
0,11,28,0,,,,,,,,
53,11,29,1,2174,443,1636,1184,1103,1402,,
0,11,29,0,,,,,,,,
0,11,29,0,,,,,,,,
0,11,30,0,,,,,,,,
42,11,30,2,546,128,191,1673,1717,1408,,
0,11,30,0,,,,,,,,
30,11,31,1,7513,2445,2595,1156,917,876,,
0,11,31,0,,,,,,,,
0,11,31,0,,,,,,,,
0,11,32,0,,,,,,,,
37,11,32,2,1579,3362,4383,1596,1184,301,,
0,11,32,0,,,,,,,,
24,12,1,1,1207,1530,206,531,577,687,,
0,12,1,0,,,,,,,,
0,12,1,0,,,,,,,,
0,12,2,0,,,,,,,,
0,12,2,0,,,,,,,,
25,12,2,2,1339,1135,1537,598,487,710,,
34,12,3,1,,351,1039,1124,,224,,
0,12,3,0,,,,,,,,
0,12,3,0,,,,,,,,
0,12,4,0,,,,,,,,
0,12,4,0,,,,,,,,
27,12,4,2,173,963,1099,1193,621,225,,
7,12,5,1,,555,575,707,,1024,,
0,12,5,0,,,,,,,,
0,12,5,0,,,,,,,,
0,12,6,0,,,,,,,,
0,12,6,0,,,,,,,,
61,12,6,2,1853,1665,1100,846,864,1389,,
33,12,7,1,848,192,863,750,347,607,,
0,12,7,0,,,,,,,,
0,12,7,0,,,,,,,,
0,12,8,0,,,,,,,,
0,12,8,0,,,,,,,,
51,12,8,2,841,988,337,516,786,530,,
53,12,9,1,1504,198,706,367,,172,,
0,12,9,0,,,,,,,,
0,12,9,0,,,,,,,,
0,12,10,0,,,,,,,,
0,12,10,0,,,,,,,,
59,12,10,2,951,937,1014,336,401,135,,
6,12,11,1,1644,116,216,600,,215,,
0,12,11,0,,,,,,,,
0,12,11,0,,,,,,,,
0,12,12,0,,,,,,,,
38,12,12,2,1346,278,245,1091,949,607,,
0,12,12,0,,,,,,,,
21,12,13,1,1696,211,1232,658,,88,,
0,12,13,0,,,,,,,,
0,12,13,0,,,,,,,,
0,12,14,0,,,,,,,,
48,12,14,2,172,536,998,782,549,377,,
0,12,14,0,,,,,,,,
56,12,15,1,796,937,687,421,215,132,,
0,12,15,0,,,,,,,,
0,12,15,0,,,,,,,,
0,12,16,0,,,,,,,,
14,12,16,2,1822,940,363,1194,496,1826,,
0,12,16,0,,,,,,,,
40,12,17,1,1059,666,1323,410,160,968,,
0,12,17,0,,,,,,,,
0,12,17,0,,,,,,,,
0,12,18,0,,,,,,,,
20,12,18,2,1500,1980,1018,874,894,509,,
0,12,18,0,,,,,,,,
60,12,19,1,1782,557,2338,428,520,1780,,
0,12,19,0,,,,,,,,
0,12,19,0,,,,,,,,
0,12,20,0,,,,,,,,
52,12,20,2,1117,919,1397,853,634,747,,
0,12,20,0,,,,,,,,
45,12,21,1,237,1743,215,579,227,125,,
0,12,21,0,,,,,,,,
0,12,21,0,,,,,,,,
0,12,22,0,,,,,,,,
32,12,22,2,1067,1135,241,612,261,1076,,
0,12,22,0,,,,,,,,
22,12,23,1,1987,1001,641,596,286,678,,
0,12,23,0,,,,,,,,
0,12,23,0,,,,,,,,
0,12,24,0,,,,,,,,
49,12,24,2,201,321,,1000,,571,,
0,12,24,0,,,,,,,,
63,12,25,1,967,677,1189,934,394,1331,,
0,12,25,0,,,,,,,,
0,12,25,0,,,,,,,,
0,12,26,0,,,,,,,,
9,12,26,2,2539,537,944,1081,915,575,,
0,12,26,0,,,,,,,,
19,12,27,1,1348,893,761,395,268,726,,
0,12,27,0,,,,,,,,
0,12,27,0,,,,,,,,
0,12,28,0,,,,,,,,
29,12,28,2,1470,838,2281,607,298,378,,
0,12,28,0,,,,,,,,
15,12,29,1,130,172,1373,598,552,805,,
0,12,29,0,,,,,,,,
0,12,29,0,,,,,,,,
0,12,30,0,,,,,,,,
46,12,30,2,438,205,290,150,291,234,,
0,12,30,0,,,,,,,,
47,12,31,1,234,412,439,528,141,1726,,
0,12,31,0,,,,,,,,
0,12,31,0,,,,,,,,
0,12,32,0,,,,,,,,
55,12,32,2,995,361,601,613,461,474,,
0,12,32,0,,,,,,,,
66,13,1,1,2252,134,144,1194,1085,1162,,
0,13,1,0,,,,,,,,
0,13,1,0,,,,,,,,
0,13,2,0,,,,,,,,
0,13,2,0,,,,,,,,
34,13,2,2,1060,422,306,2664,1754,1040,,
59,13,3,1,3359,1892,270,698,944,810,,
0,13,3,0,,,,,,,,
0,13,3,0,,,,,,,,
0,13,4,0,,,,,,,,
0,13,4,0,,,,,,,,
5,13,4,2,2383,3270,2606,1264,1846,1536,,
51,13,5,1,4667,2346,1905,1379,1049,983,,
0,13,5,0,,,,,,,,
0,13,5,0,,,,,,,,
0,13,6,0,,,,,,,,
0,13,6,0,,,,,,,,
42,13,6,2,2095,1418,1813,2107,1861,870,,
16,13,7,1,1045,366,209,2091,1822,804,,
0,13,7,0,,,,,,,,
0,13,7,0,,,,,,,,
0,13,8,0,,,,,,,,
0,13,8,0,,,,,,,,
8,13,8,2,3590,2479,457,196,1294,2316,,
62,13,9,1,1674,2430,1765,990,1125,811,,
0,13,9,0,,,,,,,,
0,13,9,0,,,,,,,,
0,13,10,0,,,,,,,,
0,13,10,0,,,,,,,,
25,13,10,2,1409,2680,1180,1315,1072,210,,
13,13,11,1,2593,1460,1606,270,,241,,
0,13,11,0,,,,,,,,
0,13,11,0,,,,,,,,
0,13,12,0,,,,,,,,
41,13,12,2,2119,2512,1629,129,379,,,
0,13,12,0,,,,,,,,
56,13,13,1,2953,1857,2305,223,,271,,
0,13,13,0,,,,,,,,
0,13,13,0,,,,,,,,
0,13,14,0,,,,,,,,
64,13,14,2,1627,2809,979,1143,1010,1093,,
0,13,14,0,,,,,,,,
18,13,15,1,1096,1336,1590,251,485,1118,,
0,13,15,0,,,,,,,,
0,13,15,0,,,,,,,,
0,13,16,0,,,,,,,,
38,13,16,2,2390,1986,490,186,1248,200,,
0,13,16,0,,,,,,,,
43,13,17,1,2606,2490,1814,1529,210,948,,
0,13,17,0,,,,,,,,
0,13,17,0,,,,,,,,
0,13,18,0,,,,,,,,
60,13,18,2,1992,2694,205,1557,1088,771,,
0,13,18,0,,,,,,,,
37,13,19,1,2825,2542,2542,136,618,,,
0,13,19,0,,,,,,,,
0,13,19,0,,,,,,,,
0,13,20,0,,,,,,,,
32,13,20,2,4461,273,3732,1663,845,1089,,
0,13,20,0,,,,,,,,
57,13,21,1,3086,1824,1502,1814,1077,729,,
0,13,21,0,,,,,,,,
0,13,21,0,,,,,,,,
0,13,22,0,,,,,,,,
24,13,22,2,,,136,317,1023,195,,
0,13,22,0,,,,,,,,
49,13,23,1,2927,1527,3427,1971,1114,1015,,
0,13,23,0,,,,,,,,
0,13,23,0,,,,,,,,
0,13,24,0,,,,,,,,
10,13,24,2,2325,1487,2682,1212,,246,,
0,13,24,0,,,,,,,,
50,13,25,1,5018,3704,328,4355,967,953,,
0,13,25,0,,,,,,,,
0,13,25,0,,,,,,,,
0,13,26,0,,,,,,,,
40,13,26,2,1391,130,1451,600,179,,,
0,13,26,0,,,,,,,,
45,13,27,1,3793,1548,270,1972,97,475,,
0,13,27,0,,,,,,,,
0,13,27,0,,,,,,,,
0,13,28,0,,,,,,,,
33,13,28,2,4210,2780,2115,1521,1724,1175,,
0,13,28,0,,,,,,,,
52,13,29,1,3818,1537,2610,1259,1135,1070,,
0,13,29,0,,,,,,,,
0,13,29,0,,,,,,,,
0,13,30,0,,,,,,,,
48,13,30,2,4645,3628,1521,1723,1179,813,,
0,13,30,0,,,,,,,,
19,13,31,1,4954,3043,1849,955,879,1935,,
0,13,31,0,,,,,,,,
0,13,31,0,,,,,,,,
0,13,32,0,,,,,,,,
27,13,32,2,2990,179,2158,2325,968,586,,
0,13,32,0,,,,,,,,
43,14,1,1,1262,1332,584,283,975,815,,
0,14,1,0,,,,,,,,
0,14,1,0,,,,,,,,
0,14,2,0,,,,,,,,
0,14,2,0,,,,,,,,
62,14,2,2,1269,1552,1179,1308,1353,604,,
51,14,3,1,1556,1376,1294,1064,,158,,
0,14,3,0,,,,,,,,
0,14,3,0,,,,,,,,
0,14,4,0,,,,,,,,
0,14,4,0,,,,,,,,
17,14,4,2,1369,2091,1611,1694,163,2365,,
15,14,5,1,1470,1079,1066,833,1710,970,,
0,14,5,0,,,,,,,,
0,14,5,0,,,,,,,,
0,14,6,0,,,,,,,,
0,14,6,0,,,,,,,,
45,14,6,2,1022,951,1047,933,812,,181,
49,14,7,1,1200,634,1146,182,1225,923,,
0,14,7,0,,,,,,,,
0,14,7,0,,,,,,,,
0,14,8,0,,,,,,,,
0,14,8,0,,,,,,,,
24,14,8,2,1082,1496,521,854,890,1023,,
41,14,9,1,804,1460,912,575,172,135,,
0,14,9,0,,,,,,,,
0,14,9,0,,,,,,,,
0,14,10,0,,,,,,,,
0,14,10,0,,,,,,,,
35,14,10,2,939,1231,699,739,809,801,,
61,14,11,1,933,,150,542,,255,,
0,14,11,0,,,,,,,,
0,14,11,0,,,,,,,,
0,14,12,0,,,,,,,,
64,14,12,2,1483,1839,1334,835,183,422,,
0,14,12,0,,,,,,,,
21,14,13,1,1506,948,1002,742,,178,,
0,14,13,0,,,,,,,,
0,14,13,0,,,,,,,,
0,14,14,0,,,,,,,,
38,14,14,2,872,684,1127,1281,1613,1505,,
0,14,14,0,,,,,,,,
39,14,15,1,967,811,1125,1599,1640,1005,,
0,14,15,0,,,,,,,,
0,14,15,0,,,,,,,,
0,14,16,0,,,,,,,,
8,14,16,2,2744,1379,1819,127,155,682,,
0,14,16,0,,,,,,,,
14,14,17,1,1341,1002,1255,1234,903,2259,,
0,14,17,0,,,,,,,,
0,14,17,0,,,,,,,,
0,14,18,0,,,,,,,,
40,14,18,2,974,1364,1222,1330,939,1032,,
0,14,18,0,,,,,,,,
31,14,19,1,1167,1041,1426,725,870,649,,
0,14,19,0,,,,,,,,
0,14,19,0,,,,,,,,
0,14,20,0,,,,,,,,
66,14,20,2,1178,2075,1452,1198,875,1009,,
0,14,20,0,,,,,,,,
12,14,21,1,2637,864,1342,940,,121,,
0,14,21,0,,,,,,,,
0,14,21,0,,,,,,,,
0,14,22,0,,,,,,,,
30,14,22,2,1239,1140,971,1101,920,842,,
0,14,22,0,,,,,,,,
53,14,23,1,1290,1213,1212,904,745,1226,,
0,14,23,0,,,,,,,,
0,14,23,0,,,,,,,,
0,14,24,0,,,,,,,,
29,14,24,2,1604,872,1127,1213,,417,,
0,14,24,0,,,,,,,,
22,14,25,1,1412,1287,1051,1570,,219,,
0,14,25,0,,,,,,,,
0,14,25,0,,,,,,,,
0,14,26,0,,,,,,,,
47,14,26,2,1123,850,1458,126,955,657,,
0,14,26,0,,,,,,,,
56,14,27,1,1084,834,1129,695,257,176,,
0,14,27,0,,,,,,,,
0,14,27,0,,,,,,,,
0,14,28,0,,,,,,,,
5,14,28,2,4236,1102,2843,126,167,1510,,
0,14,28,0,,,,,,,,
26,14,29,1,1557,1307,240,1340,1290,823,,
0,14,29,0,,,,,,,,
0,14,29,0,,,,,,,,
0,14,30,0,,,,,,,,
54,14,30,2,1446,1079,196,1224,1063,776,,
0,14,30,0,,,,,,,,
27,14,31,1,1188,1829,1610,1259,1113,1469,,
0,14,31,0,,,,,,,,
0,14,31,0,,,,,,,,
0,14,32,0,,,,,,,,
28,14,32,2,1302,1011,930,975,853,1337,,
0,14,32,0,,,,,,,,
63,15,1,1,1794,507,949,2840,465,921,,
0,15,1,0,,,,,,,,
0,15,1,0,,,,,,,,
0,15,2,0,,,,,,,,
0,15,2,0,,,,,,,,
23,15,2,2,1299,945,1937,2529,2089,1225,,
41,15,3,1,2676,1561,1905,1808,376,408,,
0,15,3,0,,,,,,,,
0,15,3,0,,,,,,,,
0,15,4,0,,,,,,,,
0,15,4,0,,,,,,,,
45,15,4,2,454,268,3027,1160,1057,215,,
39,15,5,1,1586,279,613,557,472,987,,
0,15,5,0,,,,,,,,
0,15,5,0,,,,,,,,
0,15,6,0,,,,,,,,
0,15,6,0,,,,,,,,
10,15,6,2,1197,182,2909,1837,1731,1246,,
5,15,7,1,2828,2826,2920,3463,133,1048,,
0,15,7,0,,,,,,,,
0,15,7,0,,,,,,,,
0,15,8,0,,,,,,,,
0,15,8,0,,,,,,,,
55,15,8,2,1221,2166,1350,363,1247,144,,
59,15,9,1,2334,1682,1530,1614,,,318,
0,15,9,0,,,,,,,,
0,15,9,0,,,,,,,,
0,15,10,0,,,,,,,,
0,15,10,0,,,,,,,,
57,15,10,2,1732,2075,1620,571,233,1378,,
65,15,11,1,2265,1656,2849,1374,,453,,
0,15,11,0,,,,,,,,
0,15,11,0,,,,,,,,
0,15,12,0,,,,,,,,
26,15,12,2,868,1591,666,796,242,179,,
0,15,12,0,,,,,,,,
30,15,13,1,817,934,1521,1863,218,304,,
0,15,13,0,,,,,,,,
0,15,13,0,,,,,,,,
0,15,14,0,,,,,,,,
53,15,14,2,2645,1646,2344,1715,1761,841,,
0,15,14,0,,,,,,,,
43,15,15,1,890,1605,217,284,1199,2174,,
0,15,15,0,,,,,,,,
0,15,15,0,,,,,,,,
0,15,16,0,,,,,,,,
18,15,16,2,2740,2657,204,275,1060,1011,,
0,15,16,0,,,,,,,,
8,15,17,1,2183,3272,2740,2279,1091,1453,,
0,15,17,0,,,,,,,,
0,15,17,0,,,,,,,,
0,15,18,0,,,,,,,,
37,15,18,2,808,2692,1975,234,507,1634,,
0,15,18,0,,,,,,,,
27,15,19,1,1023,1188,450,1848,466,1045,,
0,15,19,0,,,,,,,,
0,15,19,0,,,,,,,,
0,15,20,0,,,,,,,,
49,15,20,2,5437,1561,96,1448,1068,1560,,
0,15,20,0,,,,,,,,
17,15,21,1,1331,433,2093,2217,1174,898,,
0,15,21,0,,,,,,,,
0,15,21,0,,,,,,,,
0,15,22,0,,,,,,,,
54,15,22,2,2832,1543,3184,1662,242,572,,
0,15,22,0,,,,,,,,
22,15,23,1,2037,2407,1527,231,1872,1601,,
0,15,23,0,,,,,,,,
0,15,23,0,,,,,,,,
0,15,24,0,,,,,,,,
7,15,24,2,2677,1944,2499,2341,188,478,,
0,15,24,0,,,,,,,,
12,15,25,1,3437,3382,2974,2824,911,1459,,
0,15,25,0,,,,,,,,
0,15,25,0,,,,,,,,
0,15,26,0,,,,,,,,
36,15,26,2,3306,2142,1390,94,183,3005,,
0,15,26,0,,,,,,,,
9,15,27,1,3279,2993,294,2614,238,129,,
0,15,27,0,,,,,,,,
0,15,27,0,,,,,,,,
0,15,28,0,,,,,,,,
20,15,28,2,629,137,182,2290,153,195,,
0,15,28,0,,,,,,,,
19,15,29,1,212,203,1731,701,235,137,282,
0,15,29,0,,,,,,,,
0,15,29,0,,,,,,,,
0,15,30,0,,,,,,,,
33,15,30,2,3953,1566,1025,634,845,1093,,
0,15,30,0,,,,,,,,
62,15,31,1,1424,368,2461,192,1384,617,,
0,15,31,0,,,,,,,,
0,15,31,0,,,,,,,,
0,15,32,0,,,,,,,,
25,15,32,2,2696,2433,1554,1201,486,467,,
0,15,32,0,,,,,,,,
6,16,1,1,3532,2390,2203,2623,,503,,
0,16,1,0,,,,,,,,
0,16,1,0,,,,,,,,
0,16,2,0,,,,,,,,
0,16,2,0,,,,,,,,
42,16,2,2,3453,2316,1617,1834,1526,1794,,
63,16,3,1,2069,1748,1191,2713,,341,,
0,16,3,0,,,,,,,,
0,16,3,0,,,,,,,,
0,16,4,0,,,,,,,,
0,16,4,0,,,,,,,,
12,16,4,2,1826,3417,438,1465,245,1967,,
48,16,5,1,2582,2302,1375,857,1173,1241,,
0,16,5,0,,,,,,,,
0,16,5,0,,,,,,,,
0,16,6,0,,,,,,,,
0,16,6,0,,,,,,,,
59,16,6,2,1955,3346,1450,1358,1685,1425,,
22,16,7,1,1989,2188,1353,136,1434,1880,,
0,16,7,0,,,,,,,,
0,16,7,0,,,,,,,,
0,16,8,0,,,,,,,,
0,16,8,0,,,,,,,,
47,16,8,2,1039,2418,856,748,986,258,,
35,16,9,1,1591,2304,1941,242,179,242,,
0,16,9,0,,,,,,,,
0,16,9,0,,,,,,,,
0,16,10,0,,,,,,,,
0,16,10,0,,,,,,,,
16,16,10,2,1952,1321,361,1052,456,1654,,
14,16,11,1,1277,2460,1428,635,327,969,,
0,16,11,0,,,,,,,,
0,16,11,0,,,,,,,,
0,16,12,0,,,,,,,,
39,16,12,2,1511,2068,180,3060,,253,,
0,16,12,0,,,,,,,,
15,16,13,1,2200,1749,1887,2154,2074,1839,,
0,16,13,0,,,,,,,,
0,16,13,0,,,,,,,,
0,16,14,0,,,,,,,,
25,16,14,2,1271,1063,2368,2331,2890,969,,
0,16,14,0,,,,,,,,
53,16,15,1,1219,917,1689,,200,220,,
0,16,15,0,,,,,,,,
0,16,15,0,,,,,,,,
0,16,16,0,,,,,,,,
65,16,16,2,2703,2113,2395,889,767,960,,
0,16,16,0,,,,,,,,
27,16,17,1,1536,162,2137,997,1207,1252,,
0,16,17,0,,,,,,,,
0,16,17,0,,,,,,,,
0,16,18,0,,,,,,,,
26,16,18,2,1009,2769,2415,1957,1793,2690,,
0,16,18,0,,,,,,,,
24,16,19,1,2076,2487,1986,2574,2249,1750,,
0,16,19,0,,,,,,,,
0,16,19,0,,,,,,,,
0,16,20,0,,,,,,,,
34,16,20,2,2232,2625,2260,1844,1073,2244,,
0,16,20,0,,,,,,,,
33,16,21,1,2644,2801,1828,1815,3191,2509,,
0,16,21,0,,,,,,,,
0,16,21,0,,,,,,,,
0,16,22,0,,,,,,,,
37,16,22,2,1655,2371,369,340,167,1331,,
0,16,22,0,,,,,,,,
31,16,23,1,2024,1515,1326,1821,1245,2057,,
0,16,23,0,,,,,,,,
0,16,23,0,,,,,,,,
0,16,24,0,,,,,,,,
55,16,24,2,,170,1218,936,,470,,
0,16,24,0,,,,,,,,
20,16,25,1,1954,2314,1862,2180,1536,1562,,
0,16,25,0,,,,,,,,
0,16,25,0,,,,,,,,
0,16,26,0,,,,,,,,
58,16,26,2,2646,1036,2396,149,1560,236,,
0,16,26,0,,,,,,,,
32,16,27,1,2786,1711,1297,1276,699,2817,,
0,16,27,0,,,,,,,,
0,16,27,0,,,,,,,,
0,16,28,0,,,,,,,,
51,16,28,2,2444,1270,3181,1321,337,145,,
0,16,28,0,,,,,,,,
21,16,29,1,4226,2167,2193,2257,327,2329,,
0,16,29,0,,,,,,,,
0,16,29,0,,,,,,,,
0,16,30,0,,,,,,,,
62,16,30,2,2757,2334,2386,2204,1776,2434,,
0,16,30,0,,,,,,,,
66,16,31,1,1610,2135,2637,1321,1158,2859,,
0,16,31,0,,,,,,,,
0,16,31,0,,,,,,,,
0,16,32,0,,,,,,,,
18,16,32,2,1921,2601,1204,155,152,935,,
0,16,32,0,,,,,,,,
