seq,subj,item,cond,R1,R2,R3,R4,R5,R6,R7,R8
0,1,1,0,,,,,,,,
0,1,1,0,,,,,,,,
35,1,1,2,2257,1667,646,921,1045,838,,
32,1,2,1,1572,1657,502,809,1027,2124,,
0,1,2,0,,,,,,,,
0,1,2,0,,,,,,,,
0,1,3,0,,,,,,,,
0,1,3,0,,,,,,,,
18,1,3,2,1657,1775,1950,2312,,176,,
66,1,4,1,1218,1429,1288,939,801,1078,,
0,1,4,0,,,,,,,,
0,1,4,0,,,,,,,,
0,1,5,0,,,,,,,,
0,1,5,0,,,,,,,,
47,1,5,2,1303,994,1000,884,910,765,,
5,1,6,1,3682,2787,1732,2727,153,,,
0,1,6,0,,,,,,,,
0,1,6,0,,,,,,,,
0,1,7,0,,,,,,,,
0,1,7,0,,,,,,,,
13,1,7,2,1549,711,872,1277,195,1150,,
30,1,8,1,1306,1092,1715,887,1011,1916,,
0,1,8,0,,,,,,,,
0,1,8,0,,,,,,,,
0,1,9,0,,,,,,,,
0,1,9,0,,,,,,,,
27,1,9,2,1341,1806,2063,377,251,201,,
49,1,10,1,3632,1265,947,885,1192,1162,,
0,1,10,0,,,,,,,,
0,1,10,0,,,,,,,,
0,1,11,0,,,,,,,,
15,1,11,2,2420,1441,101,668,,280,,
0,1,11,0,,,,,,,,
12,1,12,1,1370,1802,1396,978,,153,,
0,1,12,0,,,,,,,,
0,1,12,0,,,,,,,,
0,1,13,0,,,,,,,,
44,1,13,2,1856,1048,107,2978,,180,,
0,1,13,0,,,,,,,,
64,1,14,1,,,,229,787,598,,
0,1,14,0,,,,,,,,
0,1,14,0,,,,,,,,
0,1,15,0,,,,,,,,
20,1,15,2,1328,1919,164,1056,1277,213,,
0,1,15,0,,,,,,,,
41,1,16,1,1654,1913,2659,850,677,951,,
0,1,16,0,,,,,,,,
0,1,16,0,,,,,,,,
0,1,17,0,,,,,,,,
51,1,17,2,1535,1568,2038,895,861,841,,
0,1,17,0,,,,,,,,
52,1,18,1,1129,908,2051,2828,917,1201,,
0,1,18,0,,,,,,,,
0,1,18,0,,,,,,,,
0,1,19,0,,,,,,,,
7,1,19,2,2354,2245,1234,1002,1395,1717,,
0,1,19,0,,,,,,,,
26,1,20,1,3113,2164,478,1186,735,962,,
0,1,20,0,,,,,,,,
0,1,20,0,,,,,,,,
0,1,21,0,,,,,,,,
58,1,21,2,2043,177,848,729,1038,592,,
0,1,21,0,,,,,,,,
55,1,22,1,914,179,443,936,1337,665,,
0,1,22,0,,,,,,,,
0,1,22,0,,,,,,,,
0,1,23,0,,,,,,,,
42,1,23,2,1871,1129,342,902,837,1047,,
0,1,23,0,,,,,,,,
40,1,24,1,1850,988,930,821,,347,,
0,1,24,0,,,,,,,,
0,1,24,0,,,,,,,,
0,1,25,0,,,,,,,,
23,1,25,2,2102,2102,1699,2044,,135,,
0,1,25,0,,,,,,,,
34,1,26,1,2343,1500,955,916,928,832,,
0,1,26,0,,,,,,,,
0,1,26,0,,,,,,,,
0,1,27,0,,,,,,,,
56,1,27,2,1494,854,857,1137,131,168,,
0,1,27,0,,,,,,,,
29,1,28,1,1532,1483,1532,136,164,2870,,
0,1,28,0,,,,,,,,
0,1,28,0,,,,,,,,
0,1,29,0,,,,,,,,
45,1,29,2,2113,1327,1111,1116,1208,1045,,
0,1,29,0,,,,,,,,
62,1,30,1,3056,1550,738,767,1506,766,,
0,1,30,0,,,,,,,,
0,1,30,0,,,,,,,,
0,1,31,0,,,,,,,,
63,1,31,2,1157,1408,1290,2017,196,951,,
0,1,31,0,,,,,,,,
46,1,32,1,1163,1171,422,635,871,633,,
0,1,32,0,,,,,,,,
0,1,32,0,,,,,,,,
42,2,1,1,1985,4864,351,106,,99,,
0,2,1,0,,,,,,,,
35,2,1,0,,,,,,,,
32,2,2,0,,,,,,,,
0,2,2,0,,,,,,,,
57,2,2,2,2538,1358,2241,1434,1204,3282,,
67,2,3,1,2383,696,214,514,1208,1453,,
0,2,3,0,,,,,,,,
18,2,3,0,,,,,,,,
66,2,4,0,,,,,,,,
0,2,4,0,,,,,,,,
28,2,4,2,2464,2659,1392,,378,1075,,
60,2,5,1,2324,2958,1457,717,661,987,,
0,2,5,0,,,,,,,,
47,2,5,0,,,,,,,,
5,2,6,0,,,,,,,,
0,2,6,0,,,,,,,,
54,2,6,2,1657,1546,1308,1536,718,123,,
26,2,7,1,2881,2359,255,1125,893,1394,,
0,2,7,0,,,,,,,,
13,2,7,0,,,,,,,,
30,2,8,0,,,,,,,,
0,2,8,0,,,,,,,,
15,2,8,2,1734,2347,1027,1592,,178,,
48,2,9,1,1762,1498,1296,864,143,102,,
0,2,9,0,,,,,,,,
27,2,9,0,,,,,,,,
49,2,10,0,,,,,,,,
0,2,10,0,,,,,,,,
39,2,10,2,1942,2010,284,1412,1263,1338,,
19,2,11,1,2803,1605,223,648,,214,,
15,2,11,0,,,,,,,,
0,2,11,0,,,,,,,,
12,2,12,0,,,,,,,,
66,2,12,2,1209,172,424,143,562,739,,
0,2,12,0,,,,,,,,
32,2,13,1,957,196,2346,1959,1758,898,,
44,2,13,0,,,,,,,,
0,2,13,0,,,,,,,,
64,2,14,0,,,,,,,,
20,2,14,2,1559,934,1643,1306,1080,964,,
0,2,14,0,,,,,,,,
44,2,15,1,1437,1716,1026,307,209,169,,
20,2,15,0,,,,,,,,
0,2,15,0,,,,,,,,
41,2,16,0,,,,,,,,
33,2,16,2,2211,1835,2156,798,750,775,,
0,2,16,0,,,,,,,,
38,2,17,1,2680,2068,2071,771,862,1144,,
51,2,17,0,,,,,,,,
0,2,17,0,,,,,,,,
52,2,18,0,,,,,,,,
63,2,18,2,3815,2468,2079,972,1104,1805,,
0,2,18,0,,,,,,,,
41,2,19,1,1851,231,418,1688,1266,2425,,
7,2,19,0,,,,,,,,
0,2,19,0,,,,,,,,
26,2,20,0,,,,,,,,
9,2,20,2,343,135,533,682,1506,361,,
0,2,20,0,,,,,,,,
56,2,21,1,2234,446,585,1136,1086,1769,,
58,2,21,0,,,,,,,,
0,2,21,0,,,,,,,,
55,2,22,0,,,,,,,,
62,2,22,2,2358,668,232,190,823,701,,
0,2,22,0,,,,,,,,
6,2,23,1,2607,,1696,1999,162,894,,
42,2,23,0,,,,,,,,
0,2,23,0,,,,,,,,
40,2,24,0,,,,,,,,
53,2,24,2,2548,1927,1559,157,,438,,
0,2,24,0,,,,,,,,
14,2,25,1,2553,1949,2863,2032,,111,,
23,2,25,0,,,,,,,,
0,2,25,0,,,,,,,,
34,2,26,0,,,,,,,,
59,2,26,2,2650,183,806,117,986,1124,,
0,2,26,0,,,,,,,,
17,2,27,1,2783,2247,205,184,192,121,,
56,2,27,0,,,,,,,,
0,2,27,0,,,,,,,,
29,2,28,0,,,,,,,,
65,2,28,2,2238,2162,191,251,217,1110,,
0,2,28,0,,,,,,,,
64,2,29,1,2937,,170,240,133,101,,
45,2,29,0,,,,,,,,
0,2,29,0,,,,,,,,
62,2,30,0,,,,,,,,
11,2,30,2,4857,944,1319,1884,1110,370,,
0,2,30,0,,,,,,,,
30,2,31,1,2371,560,636,1233,871,2001,,
63,2,31,0,,,,,,,,
0,2,31,0,,,,,,,,
46,2,32,0,,,,,,,,
50,2,32,2,3053,2188,193,1559,1021,524,,
0,2,32,0,,,,,,,,
42,3,1,0,,,,,,,,
0,3,1,0,,,,,,,,
25,3,1,2,10335,4255,2015,4000,,583,,
51,3,2,1,4169,2542,2999,2820,3148,1907,,
0,3,2,0,,,,,,,,
57,3,2,0,,,,,,,,
67,3,3,0,,,,,,,,
0,3,3,0,,,,,,,,
18,3,3,2,7684,402,2111,724,,244,,
23,3,4,1,3200,4331,,108,4228,1771,,
0,3,4,0,,,,,,,,
28,3,4,0,,,,,,,,
60,3,5,0,,,,,,,,
0,3,5,0,,,,,,,,
7,3,5,2,4806,224,140,401,2580,1895,,
30,3,6,1,309,278,2509,4229,2270,293,,
0,3,6,0,,,,,,,,
54,3,6,0,,,,,,,,
26,3,7,0,,,,,,,,
0,3,7,0,,,,,,,,
61,3,7,2,3626,3695,3796,6351,3407,2614,,
44,3,8,1,5990,3363,1460,1663,3103,247,,
0,3,8,0,,,,,,,,
15,3,8,0,,,,,,,,
48,3,9,0,,,,,,,,
0,3,9,0,,,,,,,,
12,3,9,2,2958,4050,1117,2136,,260,,
47,3,10,1,2536,2189,2665,2786,2071,1421,,
0,3,10,0,,,,,,,,
39,3,10,0,,,,,,,,
19,3,11,0,,,,,,,,
40,3,11,2,2266,5354,81,3114,423,187,,
0,3,11,0,,,,,,,,
59,3,12,1,1920,3326,270,3562,190,2187,,
66,3,12,0,,,,,,,,
0,3,12,0,,,,,,,,
32,3,13,0,,,,,,,,
66,3,13,2,3300,1757,663,3346,2572,2196,,
0,3,13,0,,,,,,,,
50,3,14,1,2342,,2950,1767,2286,1372,,
20,3,14,0,,,,,,,,
0,3,14,0,,,,,,,,
44,3,15,0,,,,,,,,
20,3,15,2,6550,732,181,1730,157,1963,,
0,3,15,0,,,,,,,,
46,3,16,1,4331,724,2685,1654,1590,2473,,
33,3,16,0,,,,,,,,
0,3,16,0,,,,,,,,
38,3,17,0,,,,,,,,
14,3,17,2,3392,4244,3753,2966,2449,4552,,
0,3,17,0,,,,,,,,
43,3,18,1,2094,3247,2397,2465,1349,1699,,
63,3,18,0,,,,,,,,
0,3,18,0,,,,,,,,
41,3,19,0,,,,,,,,
33,3,19,2,3898,3910,5085,2751,534,2834,,
0,3,19,0,,,,,,,,
39,3,20,1,3382,3485,1752,5009,1989,2089,,
9,3,20,0,,,,,,,,
0,3,20,0,,,,,,,,
56,3,21,0,,,,,,,,
9,3,21,2,5428,1218,3280,,,310,,
0,3,21,0,,,,,,,,
60,3,22,1,2428,2481,2312,1584,1812,1303,,
62,3,22,0,,,,,,,,
0,3,22,0,,,,,,,,
6,3,23,0,,,,,,,,
49,3,23,2,3614,5432,344,2404,1616,2717,,
0,3,23,0,,,,,,,,
10,3,24,1,6501,2533,4918,3319,,799,,
53,3,24,0,,,,,,,,
0,3,24,0,,,,,,,,
14,3,25,0,,,,,,,,
55,3,25,2,995,229,3091,235,1848,2002,,
0,3,25,0,,,,,,,,
29,3,26,1,6674,3141,3750,2815,2073,2133,,
59,3,26,0,,,,,,,,
0,3,26,0,,,,,,,,
17,3,27,0,,,,,,,,
21,3,27,2,3137,2829,5293,2633,566,304,,
0,3,27,0,,,,,,,,
42,3,28,1,8574,218,129,2027,1836,4523,,
65,3,28,0,,,,,,,,
0,3,28,0,,,,,,,,
64,3,29,0,,,,,,,,
41,3,29,2,3147,3723,3792,2739,2334,3202,,
0,3,29,0,,,,,,,,
28,3,30,1,5888,4872,4291,3783,2077,4689,,
11,3,30,0,,,,,,,,
0,3,30,0,,,,,,,,
30,3,31,0,,,,,,,,
35,3,31,2,2704,3399,1440,934,2312,2121,,
0,3,31,0,,,,,,,,
11,3,32,1,3923,2459,842,3965,222,1528,,
50,3,32,0,,,,,,,,
0,3,32,0,,,,,,,,
42,4,1,0,,,,,,,,
0,4,1,0,,,,,,,,
15,4,1,2,1342,1921,1433,1886,1172,649,,
33,4,2,1,1333,1354,614,2046,966,870,,
0,4,2,0,,,,,,,,
57,4,2,0,,,,,,,,
67,4,3,0,,,,,,,,
0,4,3,0,,,,,,,,
38,4,3,2,1173,781,1595,1444,,205,,
51,4,4,1,2296,2059,1938,616,1788,1301,,
0,4,4,0,,,,,,,,
28,4,4,0,,,,,,,,
60,4,5,0,,,,,,,,
0,4,5,0,,,,,,,,
60,4,5,2,1466,842,1161,673,701,659,,
16,4,6,1,1390,1212,954,902,839,940,,
0,4,6,0,,,,,,,,
54,4,6,0,,,,,,,,
26,4,7,0,,,,,,,,
0,4,7,0,,,,,,,,
46,4,7,2,1311,1731,1718,822,1159,1005,,
9,4,8,1,2279,1332,1633,1081,1147,1417,,
0,4,8,0,,,,,,,,
15,4,8,0,,,,,,,,
48,4,9,0,,,,,,,,
0,4,9,0,,,,,,,,
30,4,9,2,1040,1059,973,1069,,157,,
20,4,10,1,1458,1141,2335,1046,1849,1479,,
0,4,10,0,,,,,,,,
39,4,10,0,,,,,,,,
19,4,11,0,,,,,,,,
37,4,11,2,860,694,1357,1072,,107,,
0,4,11,0,,,,,,,,
12,4,12,1,1271,1586,103,119,,203,,
66,4,12,0,,,,,,,,
0,4,12,0,,,,,,,,
32,4,13,0,,,,,,,,
31,4,13,2,1792,1708,883,816,,85,,
0,4,13,0,,,,,,,,
52,4,14,1,2589,1100,1079,1609,1488,770,,
20,4,14,0,,,,,,,,
0,4,14,0,,,,,,,,
44,4,15,0,,,,,,,,
36,4,15,2,847,677,653,697,761,1325,,
0,4,15,0,,,,,,,,
8,4,16,1,1059,177,1912,1841,1085,759,139,
33,4,16,0,,,,,,,,
0,4,16,0,,,,,,,,
38,4,17,0,,,,,,,,
28,4,17,2,1115,1047,971,1053,2127,3178,,
0,4,17,0,,,,,,,,
34,4,18,1,1833,1976,377,1925,192,883,,
63,4,18,0,,,,,,,,
0,4,18,0,,,,,,,,
41,4,19,0,,,,,,,,
50,4,19,2,1390,920,925,749,949,1676,,
0,4,19,0,,,,,,,,
10,4,20,1,3215,2338,1024,458,1203,1328,,
9,4,20,0,,,,,,,,
0,4,20,0,,,,,,,,
56,4,21,0,,,,,,,,
27,4,21,2,1986,922,1350,3117,,138,,
0,4,21,0,,,,,,,,
21,4,22,1,3703,1034,1000,828,1628,1817,,
62,4,22,0,,,,,,,,
0,4,22,0,,,,,,,,
6,4,23,0,,,,,,,,
47,4,23,2,1908,2031,1313,1021,159,856,,
0,4,23,0,,,,,,,,
18,4,24,1,1576,904,1166,698,,252,,
53,4,24,0,,,,,,,,
0,4,24,0,,,,,,,,
14,4,25,0,,,,,,,,
49,4,25,2,2861,1005,982,2665,,159,,
0,4,25,0,,,,,,,,
67,4,26,1,2917,1880,1214,913,823,476,,
59,4,26,0,,,,,,,,
0,4,26,0,,,,,,,,
17,4,27,0,,,,,,,,
56,4,27,2,1346,1291,1386,405,139,98,,
0,4,27,0,,,,,,,,
58,4,28,1,4028,1628,1435,1102,158,154,,
65,4,28,0,,,,,,,,
0,4,28,0,,,,,,,,
64,4,29,0,,,,,,,,
61,4,29,2,2977,914,1239,1039,2417,2678,,
0,4,29,0,,,,,,,,
26,4,30,1,1925,570,1386,2252,1798,1194,,
11,4,30,0,,,,,,,,
0,4,30,0,,,,,,,,
30,4,31,0,,,,,,,,
29,4,31,2,1457,1563,1001,425,313,961,,
0,4,31,0,,,,,,,,
39,4,32,1,1808,965,1308,182,1265,619,,
50,4,32,0,,,,,,,,
0,4,32,0,,,,,,,,
42,5,1,0,,,,,,,,
0,5,1,0,,,,,,,,
35,5,1,2,3644,1900,102,451,572,,161,
30,5,2,1,2130,1719,239,1546,1082,789,,
0,5,2,0,,,,,,,,
57,5,2,0,,,,,,,,
67,5,3,0,,,,,,,,
0,5,3,0,,,,,,,,
55,5,3,2,1477,1744,1321,1611,,230,,
17,5,4,1,3541,2408,321,1125,943,835,,
0,5,4,0,,,,,,,,
28,5,4,0,,,,,,,,
60,5,5,0,,,,,,,,
0,5,5,0,,,,,,,,
42,5,5,2,1287,2002,1281,748,938,681,,
66,5,6,1,1601,194,1565,1342,1003,258,,
0,5,6,0,,,,,,,,
54,5,6,0,,,,,,,,
26,5,7,0,,,,,,,,
0,5,7,0,,,,,,,,
9,5,7,2,1872,1828,256,1659,1407,448,,
23,5,8,1,1261,1318,281,1406,211,169,,
0,5,8,0,,,,,,,,
15,5,8,0,,,,,,,,
48,5,9,0,,,,,,,,
0,5,9,0,,,,,,,,
38,5,9,2,1252,1292,1224,919,140,354,,
5,5,10,1,2314,2012,1435,1197,1236,1042,,
0,5,10,0,,,,,,,,
39,5,10,0,,,,,,,,
19,5,11,0,,,,,,,,
46,5,11,2,2199,1089,86,295,191,99,,
0,5,11,0,,,,,,,,
37,5,12,1,1975,2211,991,1493,,146,,
66,5,12,0,,,,,,,,
0,5,12,0,,,,,,,,
32,5,13,0,,,,,,,,
28,5,13,2,1708,1922,649,1545,,131,,
0,5,13,0,,,,,,,,
32,5,14,1,4088,1136,453,467,395,194,,
20,5,14,0,,,,,,,,
0,5,14,0,,,,,,,,
44,5,15,0,,,,,,,,
64,5,15,2,1250,1672,1326,901,1206,1523,,
0,5,15,0,,,,,,,,
58,5,16,1,1432,1641,1323,,270,687,,
33,5,16,0,,,,,,,,
0,5,16,0,,,,,,,,
38,5,17,0,,,,,,,,
52,5,17,2,2066,2501,1887,1587,952,1556,,
0,5,17,0,,,,,,,,
33,5,18,1,2805,2049,416,1186,742,784,,
63,5,18,0,,,,,,,,
0,5,18,0,,,,,,,,
41,5,19,0,,,,,,,,
20,5,19,2,2044,2219,738,587,363,1227,,
0,5,19,0,,,,,,,,
11,5,20,1,2012,2036,1611,1787,,268,,
9,5,20,0,,,,,,,,
0,5,20,0,,,,,,,,
56,5,21,0,,,,,,,,
21,5,21,2,2606,1759,707,1388,1104,1176,,
0,5,21,0,,,,,,,,
60,5,22,1,1086,1018,1526,422,265,1571,,
62,5,22,0,,,,,,,,
0,5,22,0,,,,,,,,
6,5,23,0,,,,,,,,
40,5,23,2,1417,1808,1173,1023,962,1066,,
0,5,23,0,,,,,,,,
19,5,24,1,2498,1673,956,517,,371,,
53,5,24,0,,,,,,,,
0,5,24,0,,,,,,,,
14,5,25,0,,,,,,,,
49,5,25,2,1390,1564,984,1166,764,1353,,
0,5,25,0,,,,,,,,
48,5,26,1,1212,304,1155,813,598,972,,
59,5,26,0,,,,,,,,
0,5,26,0,,,,,,,,
17,5,27,0,,,,,,,,
27,5,27,2,1413,1351,1738,921,232,287,,
0,5,27,0,,,,,,,,
59,5,28,1,1730,772,1707,884,1251,1853,,
65,5,28,0,,,,,,,,
0,5,28,0,,,,,,,,
64,5,29,0,,,,,,,,
53,5,29,2,2654,,125,398,1489,766,,
0,5,29,0,,,,,,,,
51,5,30,1,2021,1684,2601,1328,1121,967,,
11,5,30,0,,,,,,,,
0,5,30,0,,,,,,,,
30,5,31,0,,,,,,,,
56,5,31,2,1465,1542,1617,2088,836,1006,,
0,5,31,0,,,,,,,,
14,5,32,1,1221,1907,317,479,219,664,,
50,5,32,0,,,,,,,,
0,5,32,0,,,,,,,,
42,6,1,0,,,,,,,,
0,6,1,0,,,,,,,,
39,6,1,2,2506,387,1446,1352,,162,,
11,6,2,1,2994,1941,133,219,1153,339,,
0,6,2,0,,,,,,,,
57,6,2,0,,,,,,,,
67,6,3,0,,,,,,,,
0,6,3,0,,,,,,,,
30,6,3,2,794,1252,152,2034,,423,,
5,6,4,1,1449,189,171,208,2315,2072,,
0,6,4,0,,,,,,,,
28,6,4,0,,,,,,,,
60,6,5,0,,,,,,,,
0,6,5,0,,,,,,,,
9,6,5,2,6250,941,203,681,191,1119,,
61,6,6,1,2099,1770,1578,1409,1607,209,,
0,6,6,0,,,,,,,,
54,6,6,0,,,,,,,,
26,6,7,0,,,,,,,,
0,6,7,0,,,,,,,,
13,6,7,2,1851,142,1737,1797,1695,838,,
7,6,8,1,2637,2812,622,166,1830,432,,
0,6,8,0,,,,,,,,
15,6,8,0,,,,,,,,
48,6,9,0,,,,,,,,
0,6,9,0,,,,,,,,
40,6,9,2,1655,1529,1636,1549,,260,,
38,6,10,1,2824,390,1484,921,194,1464,,
0,6,10,0,,,,,,,,
39,6,10,0,,,,,,,,
19,6,11,0,,,,,,,,
25,6,11,2,1180,756,176,226,,246,,
0,6,11,0,,,,,,,,
62,6,12,1,3228,3970,557,1749,,114,,
66,6,12,0,,,,,,,,
0,6,12,0,,,,,,,,
32,6,13,0,,,,,,,,
28,6,13,2,1377,658,911,163,212,670,,
0,6,13,0,,,,,,,,
15,6,14,1,2024,,174,1246,137,1632,,
20,6,14,0,,,,,,,,
0,6,14,0,,,,,,,,
44,6,15,0,,,,,,,,
16,6,15,2,728,289,248,388,168,163,,
0,6,15,0,,,,,,,,
60,6,16,1,3550,2134,,326,164,109,,
33,6,16,0,,,,,,,,
0,6,16,0,,,,,,,,
38,6,17,0,,,,,,,,
63,6,17,2,5613,1224,1648,2245,1894,1863,,
0,6,17,0,,,,,,,,
54,6,18,1,2118,2176,2037,3027,1470,1557,,
63,6,18,0,,,,,,,,
0,6,18,0,,,,,,,,
41,6,19,0,,,,,,,,
27,6,19,2,963,1796,209,694,957,235,,
0,6,19,0,,,,,,,,
37,6,20,1,994,998,323,331,,363,,
9,6,20,0,,,,,,,,
0,6,20,0,,,,,,,,
56,6,21,0,,,,,,,,
36,6,21,2,1140,673,552,234,198,232,,
0,6,21,0,,,,,,,,
29,6,22,1,3012,1736,,287,270,318,,
62,6,22,0,,,,,,,,
0,6,22,0,,,,,,,,
6,6,23,0,,,,,,,,
49,6,23,2,2491,1754,134,880,1748,1587,,
0,6,23,0,,,,,,,,
26,6,24,1,689,2524,220,254,521,245,197,
53,6,24,0,,,,,,,,
0,6,24,0,,,,,,,,
14,6,25,0,,,,,,,,
51,6,25,2,404,89,1571,2537,1338,1473,,
0,6,25,0,,,,,,,,
35,6,26,1,794,2061,2014,221,1603,1989,,
59,6,26,0,,,,,,,,
0,6,26,0,,,,,,,,
17,6,27,0,,,,,,,,
57,6,27,2,2350,1687,207,1961,404,673,,
0,6,27,0,,,,,,,,
64,6,28,1,4196,304,799,336,311,296,,
65,6,28,0,,,,,,,,
0,6,28,0,,,,,,,,
64,6,29,0,,,,,,,,
58,6,29,2,3726,1897,314,1659,1694,2091,,
0,6,29,0,,,,,,,,
23,6,30,1,3131,291,153,552,214,83,,
11,6,30,0,,,,,,,,
0,6,30,0,,,,,,,,
30,6,31,0,,,,,,,,
19,6,31,2,361,177,497,1148,182,130,,
0,6,31,0,,,,,,,,
33,6,32,1,1575,2771,,333,1720,1236,,
50,6,32,0,,,,,,,,
0,6,32,0,,,,,,,,
42,7,1,0,,,,,,,,
0,7,1,0,,,,,,,,
31,7,1,2,2009,580,172,321,702,600,,
20,7,2,1,2366,1658,1733,1253,944,633,,
0,7,2,0,,,,,,,,
57,7,2,0,,,,,,,,
67,7,3,0,,,,,,,,
0,7,3,0,,,,,,,,
7,7,3,2,2389,,357,164,98,142,,
8,7,4,1,2390,3367,3185,1034,866,1042,,
0,7,4,0,,,,,,,,
28,7,4,0,,,,,,,,
60,7,5,0,,,,,,,,
0,7,5,0,,,,,,,,
32,7,5,2,1556,198,1504,997,703,918,,
22,7,6,1,1548,1204,1513,1392,1092,951,,
0,7,6,0,,,,,,,,
54,7,6,0,,,,,,,,
26,7,7,0,,,,,,,,
0,7,7,0,,,,,,,,
58,7,7,2,2035,1690,343,1197,233,1848,,
62,7,8,1,1161,,116,542,701,203,,
0,7,8,0,,,,,,,,
15,7,8,0,,,,,,,,
48,7,9,0,,,,,,,,
0,7,9,0,,,,,,,,
33,7,9,2,1529,385,176,1262,,120,,
6,7,10,1,3154,390,1525,1304,2325,1615,,
0,7,10,0,,,,,,,,
39,7,10,0,,,,,,,,
19,7,11,0,,,,,,,,
44,7,11,2,1571,576,730,500,176,86,,
0,7,11,0,,,,,,,,
10,7,12,1,1572,506,1910,1224,181,544,,
66,7,12,0,,,,,,,,
0,7,12,0,,,,,,,,
32,7,13,0,,,,,,,,
35,7,13,2,1550,,410,586,,135,,
0,7,13,0,,,,,,,,
23,7,14,1,1289,860,837,91,98,,136,
20,7,14,0,,,,,,,,
0,7,14,0,,,,,,,,
44,7,15,0,,,,,,,,
29,7,15,2,1479,1957,148,834,122,945,,
0,7,15,0,,,,,,,,
38,7,16,1,1732,1695,1272,1023,687,548,,
33,7,16,0,,,,,,,,
0,7,16,0,,,,,,,,
38,7,17,0,,,,,,,,
48,7,17,2,1106,471,271,425,911,1662,,
0,7,17,0,,,,,,,,
49,7,18,1,1601,236,1005,176,693,240,,
63,7,18,0,,,,,,,,
0,7,18,0,,,,,,,,
41,7,19,0,,,,,,,,
5,7,19,2,2715,1481,1100,252,1741,1359,,
0,7,19,0,,,,,,,,
41,7,20,1,1522,680,424,111,821,938,,
9,7,20,0,,,,,,,,
0,7,20,0,,,,,,,,
56,7,21,0,,,,,,,,
51,7,21,2,794,688,182,995,144,171,,
0,7,21,0,,,,,,,,
60,7,22,1,1415,1259,470,362,666,1079,,
62,7,22,0,,,,,,,,
0,7,22,0,,,,,,,,
6,7,23,0,,,,,,,,
30,7,23,2,1631,1324,2141,1410,1208,1064,,
0,7,23,0,,,,,,,,
42,7,24,1,2240,1231,1018,1004,,176,,
53,7,24,0,,,,,,,,
0,7,24,0,,,,,,,,
14,7,25,0,,,,,,,,
57,7,25,2,1429,1843,1207,1896,135,113,,
0,7,25,0,,,,,,,,
27,7,26,1,2580,1416,1478,1518,936,866,,
59,7,26,0,,,,,,,,
0,7,26,0,,,,,,,,
17,7,27,0,,,,,,,,
50,7,27,2,1263,539,1207,279,342,545,,
0,7,27,0,,,,,,,,
25,7,28,1,3426,1202,1824,2361,107,2141,,
65,7,28,0,,,,,,,,
0,7,28,0,,,,,,,,
64,7,29,0,,,,,,,,
55,7,29,2,1961,207,377,1040,130,234,,
0,7,29,0,,,,,,,,
36,7,30,1,3152,1521,1285,1720,1105,1497,,
11,7,30,0,,,,,,,,
0,7,30,0,,,,,,,,
30,7,31,0,,,,,,,,
40,7,31,2,1264,1243,502,1674,876,1216,,
0,7,31,0,,,,,,,,
43,7,32,1,1541,2003,1227,539,924,503,,
50,7,32,0,,,,,,,,
0,7,32,0,,,,,,,,
42,8,1,0,,,,,,,,
0,8,1,0,,,,,,,,
36,8,1,2,2983,725,257,792,235,356,,
43,8,2,1,1623,564,153,1270,197,308,163,
0,8,2,0,,,,,,,,
57,8,2,0,,,,,,,,
67,8,3,0,,,,,,,,
0,8,3,0,,,,,,,,
68,8,3,2,1828,,204,378,660,1402,,
7,8,4,1,1751,2237,1880,770,673,1100,,
0,8,4,0,,,,,,,,
28,8,4,0,,,,,,,,
60,8,5,0,,,,,,,,
0,8,5,0,,,,,,,,
58,8,5,2,3347,2272,2356,872,480,868,,
45,8,6,1,1672,1986,1150,129,155,210,,
0,8,6,0,,,,,,,,
54,8,6,0,,,,,,,,
26,8,7,0,,,,,,,,
0,8,7,0,,,,,,,,
34,8,7,2,2348,1301,1779,756,855,406,,
29,8,8,1,1059,241,1675,634,976,129,,
0,8,8,0,,,,,,,,
15,8,8,0,,,,,,,,
48,8,9,0,,,,,,,,
0,8,9,0,,,,,,,,
11,8,9,2,1277,1187,1728,782,722,742,,
64,8,10,1,1045,,698,185,697,688,,
0,8,10,0,,,,,,,,
39,8,10,0,,,,,,,,
19,8,11,0,,,,,,,,
21,8,11,2,1840,1098,185,730,,182,,
0,8,11,0,,,,,,,,
32,8,12,1,1324,1569,173,95,671,1362,,
66,8,12,0,,,,,,,,
0,8,12,0,,,,,,,,
32,8,13,0,,,,,,,,
23,8,13,2,667,211,2063,1251,1122,359,,
0,8,13,0,,,,,,,,
63,8,14,1,1154,1024,1630,403,165,146,,
20,8,14,0,,,,,,,,
0,8,14,0,,,,,,,,
44,8,15,0,,,,,,,,
52,8,15,2,975,1044,1738,,390,1238,,
0,8,15,0,,,,,,,,
16,8,16,1,2017,1672,955,609,438,627,,
33,8,16,0,,,,,,,,
0,8,16,0,,,,,,,,
38,8,17,0,,,,,,,,
56,8,17,2,1874,1783,950,947,540,701,,
0,8,17,0,,,,,,,,
62,8,18,1,1365,1481,300,203,642,743,,
63,8,18,0,,,,,,,,
0,8,18,0,,,,,,,,
41,8,19,0,,,,,,,,
20,8,19,2,2084,1292,1285,863,1097,1881,,
0,8,19,0,,,,,,,,
55,8,20,1,2118,2025,1928,974,993,1255,,
9,8,20,0,,,,,,,,
0,8,20,0,,,,,,,,
56,8,21,0,,,,,,,,
67,8,21,2,2004,138,246,327,709,568,,
0,8,21,0,,,,,,,,
47,8,22,1,1042,1627,167,198,159,176,,
62,8,22,0,,,,,,,,
0,8,22,0,,,,,,,,
6,8,23,0,,,,,,,,
57,8,23,2,1416,973,888,1003,570,939,,
0,8,23,0,,,,,,,,
18,8,24,1,1721,1123,1154,516,,309,,
53,8,24,0,,,,,,,,
0,8,24,0,,,,,,,,
14,8,25,0,,,,,,,,
60,8,25,2,1692,208,193,996,663,861,,
0,8,25,0,,,,,,,,
51,8,26,1,1375,1578,1321,1132,646,286,,
59,8,26,0,,,,,,,,
0,8,26,0,,,,,,,,
17,8,27,0,,,,,,,,
15,8,27,2,1466,579,2301,663,301,109,,
0,8,27,0,,,,,,,,
33,8,28,1,3183,1466,1337,912,264,1544,,
65,8,28,0,,,,,,,,
0,8,28,0,,,,,,,,
64,8,29,0,,,,,,,,
13,8,29,2,2137,1790,157,1004,708,738,,
0,8,29,0,,,,,,,,
19,8,30,1,2565,840,211,1236,1128,1115,,
11,8,30,0,,,,,,,,
0,8,30,0,,,,,,,,
30,8,31,0,,,,,,,,
38,8,31,2,3382,1245,1626,947,638,952,,
0,8,31,0,,,,,,,,
61,8,32,1,1576,455,221,899,584,452,,
50,8,32,0,,,,,,,,
0,8,32,0,,,,,,,,
42,9,1,0,,,,,,,,
0,9,1,0,,,,,,,,
48,9,1,2,1864,3254,1434,7577,,173,,
19,9,2,1,2460,1867,3850,2464,921,1058,,
0,9,2,0,,,,,,,,
57,9,2,0,,,,,,,,
67,9,3,0,,,,,,,,
0,9,3,0,,,,,,,,
12,9,3,2,1790,1692,215,2640,,150,,
30,9,4,1,2127,188,2595,1742,1108,901,,
0,9,4,0,,,,,,,,
28,9,4,0,,,,,,,,
60,9,5,0,,,,,,,,
0,9,5,0,,,,,,,,
17,9,5,2,1947,1784,538,1624,1323,1038,,
55,9,6,1,1762,1907,2321,2046,1534,312,,
0,9,6,0,,,,,,,,
54,9,6,0,,,,,,,,
26,9,7,0,,,,,,,,
0,9,7,0,,,,,,,,
64,9,7,2,4346,475,2388,2336,3642,1320,,
58,9,8,1,1757,1241,1868,491,1671,1834,,
0,9,8,0,,,,,,,,
15,9,8,0,,,,,,,,
48,9,9,0,,,,,,,,
0,9,9,0,,,,,,,,
44,9,9,2,2156,2071,1693,988,246,287,,
6,9,10,1,1447,1566,1083,2099,1093,922,,
0,9,10,0,,,,,,,,
39,9,10,0,,,,,,,,
19,9,11,0,,,,,,,,
23,9,11,2,2420,2239,544,1971,252,222,,
0,9,11,0,,,,,,,,
50,9,12,1,1626,761,2491,2356,,198,,
66,9,12,0,,,,,,,,
0,9,12,0,,,,,,,,
32,9,13,0,,,,,,,,
32,9,13,2,3381,2350,2383,2502,,175,,
0,9,13,0,,,,,,,,
21,9,14,1,2343,1391,2067,425,1365,926,,
20,9,14,0,,,,,,,,
0,9,14,0,,,,,,,,
44,9,15,0,,,,,,,,
10,9,15,2,1303,2210,227,1302,1532,1703,,
0,9,15,0,,,,,,,,
43,9,16,1,2146,879,2376,112,,775,,
33,9,16,0,,,,,,,,
0,9,16,0,,,,,,,,
38,9,17,0,,,,,,,,
22,9,17,2,1667,807,858,1013,655,1372,,
0,9,17,0,,,,,,,,
41,9,18,1,3514,3293,375,2642,1343,425,,
63,9,18,0,,,,,,,,
0,9,18,0,,,,,,,,
41,9,19,0,,,,,,,,
42,9,19,2,2722,2322,3161,1655,148,467,,
0,9,19,0,,,,,,,,
40,9,20,1,3004,1724,2754,3564,1593,1364,,
9,9,20,0,,,,,,,,
0,9,20,0,,,,,,,,
56,9,21,0,,,,,,,,
60,9,21,2,2435,1393,470,2076,1735,1337,,
0,9,21,0,,,,,,,,
33,9,22,1,1895,1258,1103,1809,308,1406,,
62,9,22,0,,,,,,,,
0,9,22,0,,,,,,,,
6,9,23,0,,,,,,,,
16,9,23,2,1119,2075,1876,2480,698,951,,
0,9,23,0,,,,,,,,
53,9,24,1,2272,1673,165,2180,,473,,
53,9,24,0,,,,,,,,
0,9,24,0,,,,,,,,
14,9,25,0,,,,,,,,
62,9,25,2,2757,2186,1397,1975,1398,1292,,
0,9,25,0,,,,,,,,
37,9,26,1,2567,1831,1806,166,1443,782,,
59,9,26,0,,,,,,,,
0,9,26,0,,,,,,,,
17,9,27,0,,,,,,,,
9,9,27,2,2249,3012,2559,1701,590,367,,
0,9,27,0,,,,,,,,
29,9,28,1,3534,1493,1530,2238,169,191,,
65,9,28,0,,,,,,,,
0,9,28,0,,,,,,,,
64,9,29,0,,,,,,,,
5,9,29,2,2411,1766,2554,2338,411,1623,,
0,9,29,0,,,,,,,,
63,9,30,1,4659,1714,2101,2298,1478,983,,
11,9,30,0,,,,,,,,
0,9,30,0,,,,,,,,
30,9,31,0,,,,,,,,
25,9,31,2,2988,1972,1741,2761,636,1264,,
0,9,31,0,,,,,,,,
67,9,32,1,2138,2535,2371,1373,1456,741,,
50,9,32,0,,,,,,,,
0,9,32,0,,,,,,,,
42,10,1,0,,,,,,,,
0,10,1,0,,,,,,,,
54,10,1,2,3336,2360,1633,3659,,297,,
64,10,2,1,3546,3110,191,1933,,140,,
0,10,2,0,,,,,,,,
57,10,2,0,,,,,,,,
67,10,3,0,,,,,,,,
0,10,3,0,,,,,,,,
29,10,3,2,3053,2308,2017,2851,,199,,
27,10,4,1,2827,2810,2750,1713,226,250,,
0,10,4,0,,,,,,,,
28,10,4,0,,,,,,,,
60,10,5,0,,,,,,,,
0,10,5,0,,,,,,,,
58,10,5,2,2037,1368,7046,1661,1224,1198,,
16,10,6,1,1818,2365,2116,2197,1885,484,,
0,10,6,0,,,,,,,,
54,10,6,0,,,,,,,,
26,10,7,0,,,,,,,,
0,10,7,0,,,,,,,,
66,10,7,2,3040,4158,154,193,273,2147,,
41,10,8,1,2042,1680,163,1893,2401,368,,
0,10,8,0,,,,,,,,
15,10,8,0,,,,,,,,
48,10,9,0,,,,,,,,
0,10,9,0,,,,,,,,
38,10,9,2,1950,2206,1644,362,115,438,,
51,10,10,1,2053,222,2491,1348,2831,1300,,
0,10,10,0,,,,,,,,
39,10,10,0,,,,,,,,
19,10,11,0,,,,,,,,
50,10,11,2,2855,2343,127,1359,250,293,,
0,10,11,0,,,,,,,,
45,10,12,1,2478,2685,2679,388,,182,,
66,10,12,0,,,,,,,,
0,10,12,0,,,,,,,,
32,10,13,0,,,,,,,,
31,10,13,2,3238,,186,1789,,337,,
0,10,13,0,,,,,,,,
44,10,14,1,1747,2019,2029,180,1545,,139,
20,10,14,0,,,,,,,,
0,10,14,0,,,,,,,,
44,10,15,0,,,,,,,,
56,10,15,2,1416,1254,3549,145,602,191,198,
0,10,15,0,,,,,,,,
32,10,16,1,2669,2140,3269,2456,1129,1439,,
33,10,16,0,,,,,,,,
0,10,16,0,,,,,,,,
38,10,17,0,,,,,,,,
40,10,17,2,2643,2987,2297,233,244,99,,
0,10,17,0,,,,,,,,
48,10,18,1,2212,3115,1813,2243,1255,2365,,
63,10,18,0,,,,,,,,
0,10,18,0,,,,,,,,
41,10,19,0,,,,,,,,
53,10,19,2,2636,2888,3202,1713,1734,2022,,
0,10,19,0,,,,,,,,
6,10,20,1,3461,2180,2131,2436,,136,,
9,10,20,0,,,,,,,,
0,10,20,0,,,,,,,,
56,10,21,0,,,,,,,,
43,10,21,2,2939,2732,1713,4148,1403,2234,,
0,10,21,0,,,,,,,,
37,10,22,1,2649,2047,1785,229,993,1797,,
62,10,22,0,,,,,,,,
0,10,22,0,,,,,,,,
6,10,23,0,,,,,,,,
60,10,23,2,1747,1805,2673,1496,,199,,
0,10,23,0,,,,,,,,
5,10,24,1,3258,2648,2289,1701,,772,,
53,10,24,0,,,,,,,,
0,10,24,0,,,,,,,,
14,10,25,0,,,,,,,,
61,10,25,2,2072,3060,2493,1831,121,359,,
0,10,25,0,,,,,,,,
49,10,26,1,3710,1788,2585,1837,1714,2602,,
59,10,26,0,,,,,,,,
0,10,26,0,,,,,,,,
17,10,27,0,,,,,,,,
62,10,27,2,2696,175,2742,1752,373,708,,
0,10,27,0,,,,,,,,
19,10,28,1,3586,2284,3613,515,,218,,
65,10,28,0,,,,,,,,
0,10,28,0,,,,,,,,
64,10,29,0,,,,,,,,
57,10,29,2,2463,2373,3203,2219,377,493,,
0,10,29,0,,,,,,,,
22,10,30,1,3367,2190,2831,2313,2008,1984,,
11,10,30,0,,,,,,,,
0,10,30,0,,,,,,,,
30,10,31,0,,,,,,,,
18,10,31,2,3282,2113,2563,2548,1813,1488,,
0,10,31,0,,,,,,,,
46,10,32,1,1714,2907,165,1448,2095,1057,,
50,10,32,0,,,,,,,,
0,10,32,0,,,,,,,,
42,11,1,0,,,,,,,,
0,11,1,0,,,,,,,,
22,11,1,2,1554,1702,410,1105,,183,,
12,11,2,1,1647,1557,1213,1908,1877,140,,
0,11,2,0,,,,,,,,
57,11,2,0,,,,,,,,
67,11,3,0,,,,,,,,
0,11,3,0,,,,,,,,
26,11,3,2,1779,1189,1452,1294,,205,,
14,11,4,1,2654,1956,1395,1344,1207,139,,
0,11,4,0,,,,,,,,
28,11,4,0,,,,,,,,
60,11,5,0,,,,,,,,
0,11,5,0,,,,,,,,
43,11,5,2,3133,797,1513,918,1033,141,,
35,11,6,1,1088,1318,1659,985,822,867,,
0,11,6,0,,,,,,,,
54,11,6,0,,,,,,,,
26,11,7,0,,,,,,,,
0,11,7,0,,,,,,,,
31,11,7,2,2003,155,1760,914,1198,1119,,
7,11,8,1,1589,652,1215,1035,1107,1417,,
0,11,8,0,,,,,,,,
15,11,8,0,,,,,,,,
48,11,9,0,,,,,,,,
0,11,9,0,,,,,,,,
53,11,9,2,1191,1238,1255,1977,190,159,,
58,11,10,1,1467,1143,1145,1312,1477,820,,
0,11,10,0,,,,,,,,
39,11,10,0,,,,,,,,
19,11,11,0,,,,,,,,
61,11,11,2,1661,1582,276,704,204,147,,
0,11,11,0,,,,,,,,
48,11,12,1,,189,1600,337,1064,141,,
66,11,12,0,,,,,,,,
0,11,12,0,,,,,,,,
32,11,13,0,,,,,,,,
67,11,13,2,1501,2011,193,1848,1470,665,,
0,11,13,0,,,,,,,,
57,11,14,1,1922,786,1007,1057,1349,606,,
20,11,14,0,,,,,,,,
0,11,14,0,,,,,,,,
44,11,15,0,,,,,,,,
5,11,15,2,1647,1694,1245,1378,1362,838,,
0,11,15,0,,,,,,,,
28,11,16,1,2501,1165,1229,1057,864,694,,
33,11,16,0,,,,,,,,
0,11,16,0,,,,,,,,
38,11,17,0,,,,,,,,
45,11,17,2,1723,1276,1655,1300,1078,1460,,
0,11,17,0,,,,,,,,
63,11,18,1,1266,1627,1237,141,831,1164,,
63,11,18,0,,,,,,,,
0,11,18,0,,,,,,,,
41,11,19,0,,,,,,,,
9,11,19,2,2084,1092,,,101,1256,,
0,11,19,0,,,,,,,,
19,11,20,1,1894,1643,1389,1143,1253,488,,
9,11,20,0,,,,,,,,
0,11,20,0,,,,,,,,
56,11,21,0,,,,,,,,
65,11,21,2,1419,1384,1396,1145,1071,305,,
0,11,21,0,,,,,,,,
56,11,22,1,1113,1005,160,393,1280,898,,
62,11,22,0,,,,,,,,
0,11,22,0,,,,,,,,
6,11,23,0,,,,,,,,
66,11,23,2,1427,2017,1932,2088,1350,993,,
0,11,23,0,,,,,,,,
10,11,24,1,2212,1287,1583,1048,,290,,
53,11,24,0,,,,,,,,
0,11,24,0,,,,,,,,
14,11,25,0,,,,,,,,
17,11,25,2,1651,126,1332,1376,903,779,,
0,11,25,0,,,,,,,,
62,11,26,1,1308,1332,1267,986,892,727,,
59,11,26,0,,,,,,,,
0,11,26,0,,,,,,,,
17,11,27,0,,,,,,,,
51,11,27,2,1786,1092,1477,1102,164,253,,
0,11,27,0,,,,,,,,
38,11,28,1,1879,1487,312,952,1021,1854,,
65,11,28,0,,,,,,,,
0,11,28,0,,,,,,,,
64,11,29,0,,,,,,,,
52,11,29,2,1489,161,152,1035,124,1629,,
0,11,29,0,,,,,,,,
11,11,30,1,1817,1296,125,1209,950,179,,
11,11,30,0,,,,,,,,
0,11,30,0,,,,,,,,
30,11,31,0,,,,,,,,
37,11,31,2,1209,1392,1769,2360,817,769,,
0,11,31,0,,,,,,,,
16,11,32,1,,250,2106,239,162,370,,
50,11,32,0,,,,,,,,
0,11,32,0,,,,,,,,
42,12,1,0,,,,,,,,
0,12,1,0,,,,,,,,
33,12,1,2,311,3001,236,128,,109,,
26,12,2,1,270,417,181,1784,1335,1238,,
0,12,2,0,,,,,,,,
57,12,2,0,,,,,,,,
67,12,3,0,,,,,,,,
0,12,3,0,,,,,,,,
6,12,3,2,2751,,172,136,184,131,,
14,12,4,1,312,325,145,124,988,2395,,
0,12,4,0,,,,,,,,
28,12,4,0,,,,,,,,
60,12,5,0,,,,,,,,
0,12,5,0,,,,,,,,
54,12,5,2,329,1611,231,2807,1209,1458,,
36,12,6,1,,961,442,1502,123,,,
0,12,6,0,,,,,,,,
54,12,6,0,,,,,,,,
26,12,7,0,,,,,,,,
0,12,7,0,,,,,,,,
24,12,7,2,974,,2094,473,187,176,,
38,12,8,1,280,481,155,2021,1391,179,,
0,12,8,0,,,,,,,,
15,12,8,0,,,,,,,,
48,12,9,0,,,,,,,,
0,12,9,0,,,,,,,,
68,12,9,2,337,1456,3858,1350,145,103,,
8,12,10,1,2309,3867,224,371,164,1508,,
0,12,10,0,,,,,,,,
39,12,10,0,,,,,,,,
19,12,11,0,,,,,,,,
12,12,11,2,2260,212,176,173,221,2965,,
0,12,11,0,,,,,,,,
66,12,12,1,1660,1209,170,2053,,200,,
66,12,12,0,,,,,,,,
0,12,12,0,,,,,,,,
32,12,13,0,,,,,,,,
60,12,13,2,475,508,406,1522,2139,1193,,
0,12,13,0,,,,,,,,
62,12,14,1,771,925,128,1572,140,1195,,
20,12,14,0,,,,,,,,
0,12,14,0,,,,,,,,
44,12,15,0,,,,,,,,
31,12,15,2,1580,1065,,151,1683,193,,
0,12,15,0,,,,,,,,
20,12,16,1,663,321,350,1865,1129,,116,
33,12,16,0,,,,,,,,
0,12,16,0,,,,,,,,
38,12,17,0,,,,,,,,
61,12,17,2,435,1824,5539,1627,376,426,,
0,12,17,0,,,,,,,,
44,12,18,1,288,159,120,2173,2328,1368,,
63,12,18,0,,,,,,,,
0,12,18,0,,,,,,,,
41,12,19,0,,,,,,,,
67,12,19,2,433,847,4935,,287,1952,,
0,12,19,0,,,,,,,,
49,12,20,1,327,1132,232,2508,,102,,
9,12,20,0,,,,,,,,
0,12,20,0,,,,,,,,
56,12,21,0,,,,,,,,
30,12,21,2,243,435,1027,1602,1184,1158,,
0,12,21,0,,,,,,,,
13,12,22,1,2765,147,1359,210,100,111,,
62,12,22,0,,,,,,,,
0,12,22,0,,,,,,,,
6,12,23,0,,,,,,,,
65,12,23,2,681,183,258,1000,999,1295,,
0,12,23,0,,,,,,,,
48,12,24,1,315,118,341,243,,1142,,
53,12,24,0,,,,,,,,
0,12,24,0,,,,,,,,
14,12,25,0,,,,,,,,
19,12,25,2,2964,313,713,2074,,136,,
0,12,25,0,,,,,,,,
56,12,26,1,1231,1439,239,2685,1777,1119,,
59,12,26,0,,,,,,,,
0,12,26,0,,,,,,,,
17,12,27,0,,,,,,,,
69,12,27,2,347,145,267,155,368,366,,
0,12,27,0,,,,,,,,
47,12,28,1,334,145,293,1805,394,274,,
65,12,28,0,,,,,,,,
0,12,28,0,,,,,,,,
64,12,29,0,,,,,,,,
21,12,29,2,632,110,340,267,206,1255,,
0,12,29,0,,,,,,,,
71,12,30,1,368,136,257,208,1150,937,,
11,12,30,0,,,,,,,,
0,12,30,0,,,,,,,,
30,12,31,0,,,,,,,,
53,12,31,2,276,1260,2522,230,944,1417,,
0,12,31,0,,,,,,,,
57,12,32,1,454,2461,117,2792,1360,1421,,
50,12,32,0,,,,,,,,
0,12,32,0,,,,,,,,
42,13,1,0,,,,,,,,
0,13,1,0,,,,,,,,
38,13,1,2,3514,3753,2650,3278,,329,,
35,13,2,1,2480,2356,2040,2495,2139,1822,,
0,13,2,0,,,,,,,,
57,13,2,0,,,,,,,,
67,13,3,0,,,,,,,,
0,13,3,0,,,,,,,,
39,13,3,2,2952,,378,1996,,208,,
60,13,4,1,2081,2984,1970,2704,124,1742,,
0,13,4,0,,,,,,,,
28,13,4,0,,,,,,,,
60,13,5,0,,,,,,,,
0,13,5,0,,,,,,,,
17,13,5,2,2178,2809,3558,1949,1428,1696,,
64,13,6,1,2635,133,1751,2078,1764,1761,,
0,13,6,0,,,,,,,,
54,13,6,0,,,,,,,,
26,13,7,0,,,,,,,,
0,13,7,0,,,,,,,,
59,13,7,2,2404,2639,,143,2206,2233,,
26,13,8,1,805,2188,662,1396,1561,3599,,
0,13,8,0,,,,,,,,
15,13,8,0,,,,,,,,
48,13,9,0,,,,,,,,
0,13,9,0,,,,,,,,
8,13,9,2,1675,2548,163,161,,543,,
55,13,10,1,951,1081,2343,2341,2505,2042,,
0,13,10,0,,,,,,,,
39,13,10,0,,,,,,,,
19,13,11,0,,,,,,,,
46,13,11,2,1615,4027,2766,1687,362,337,,
0,13,11,0,,,,,,,,
48,13,12,1,986,232,1916,2806,,195,,
66,13,12,0,,,,,,,,
0,13,12,0,,,,,,,,
32,13,13,0,,,,,,,,
44,13,13,2,1731,378,2732,2362,1893,1307,,
0,13,13,0,,,,,,,,
21,13,14,1,3029,,2208,1691,1715,1654,,
20,13,14,0,,,,,,,,
0,13,14,0,,,,,,,,
44,13,15,0,,,,,,,,
32,13,15,2,1556,1653,2218,1941,1862,1936,,
0,13,15,0,,,,,,,,
34,13,16,1,2098,2206,2388,2271,2020,1451,,
33,13,16,0,,,,,,,,
0,13,16,0,,,,,,,,
38,13,17,0,,,,,,,,
13,13,17,2,2175,2478,2551,2270,1943,3051,,
0,13,17,0,,,,,,,,
53,13,18,1,1098,272,1840,1685,1583,1596,,
63,13,18,0,,,,,,,,
0,13,18,0,,,,,,,,
41,13,19,0,,,,,,,,
52,13,19,2,905,396,3133,1852,1850,2681,,
0,13,19,0,,,,,,,,
6,13,20,1,2751,2637,2632,2513,1717,2935,,
9,13,20,0,,,,,,,,
0,13,20,0,,,,,,,,
56,13,21,0,,,,,,,,
23,13,21,2,1737,206,2037,4458,1477,2762,,
0,13,21,0,,,,,,,,
42,13,22,1,1126,2338,2132,2969,2457,1882,,
62,13,22,0,,,,,,,,
0,13,22,0,,,,,,,,
6,13,23,0,,,,,,,,
51,13,23,2,1128,315,2821,2603,1657,2173,,
0,13,23,0,,,,,,,,
36,13,24,1,2233,,228,3523,,671,,
53,13,24,0,,,,,,,,
0,13,24,0,,,,,,,,
14,13,25,0,,,,,,,,
56,13,25,2,2409,2476,249,2470,2234,2040,,
0,13,25,0,,,,,,,,
14,13,26,1,2126,1661,2619,2495,2044,2102,,
59,13,26,0,,,,,,,,
0,13,26,0,,,,,,,,
17,13,27,0,,,,,,,,
45,13,27,2,1127,673,2446,1747,505,409,,
0,13,27,0,,,,,,,,
58,13,28,1,1994,1402,2803,1960,2214,314,,
65,13,28,0,,,,,,,,
0,13,28,0,,,,,,,,
64,13,29,0,,,,,,,,
62,13,29,2,1438,244,3836,2271,2613,3028,,
0,13,29,0,,,,,,,,
47,13,30,1,2647,2277,2680,2840,2196,3578,,
11,13,30,0,,,,,,,,
0,13,30,0,,,,,,,,
30,13,31,0,,,,,,,,
22,13,31,2,2456,1901,2051,3120,1716,1944,,
0,13,31,0,,,,,,,,
25,13,32,1,2398,3755,2511,264,1583,1284,,
50,13,32,0,,,,,,,,
0,13,32,0,,,,,,,,
42,14,1,0,,,,,,,,
0,14,1,0,,,,,,,,
32,14,1,2,1737,2611,1982,1602,927,1095,,
17,14,2,1,2290,1905,2385,1922,1397,1374,,
0,14,2,0,,,,,,,,
57,14,2,0,,,,,,,,
67,14,3,0,,,,,,,,
0,14,3,0,,,,,,,,
55,14,3,2,1932,1116,1355,1856,,124,,
38,14,4,1,1664,2078,2220,1888,251,1341,,
0,14,4,0,,,,,,,,
28,14,4,0,,,,,,,,
60,14,5,0,,,,,,,,
0,14,5,0,,,,,,,,
49,14,5,2,1952,1825,2654,1225,1190,1063,,
25,14,6,1,1706,1294,1663,1783,1645,1743,,
0,14,6,0,,,,,,,,
54,14,6,0,,,,,,,,
26,14,7,0,,,,,,,,
0,14,7,0,,,,,,,,
12,14,7,2,1773,2010,1755,1055,1631,1905,,
29,14,8,1,1285,1446,1628,1277,1142,2109,,
0,14,8,0,,,,,,,,
15,14,8,0,,,,,,,,
48,14,9,0,,,,,,,,
0,14,9,0,,,,,,,,
65,14,9,2,1417,1764,1542,1459,,236,,
8,14,10,1,2159,1638,2292,1329,970,1201,,
0,14,10,0,,,,,,,,
39,14,10,0,,,,,,,,
19,14,11,0,,,,,,,,
7,14,11,2,2057,1671,175,1730,1829,1099,,
0,14,11,0,,,,,,,,
34,14,12,1,1241,2195,2090,2239,,303,,
66,14,12,0,,,,,,,,
0,14,12,0,,,,,,,,
32,14,13,0,,,,,,,,
21,14,13,2,2525,1359,1820,2209,2020,1206,,
0,14,13,0,,,,,,,,
57,14,14,1,1403,845,1384,1818,197,1069,,
20,14,14,0,,,,,,,,
0,14,14,0,,,,,,,,
44,14,15,0,,,,,,,,
46,14,15,2,1383,1799,1642,980,265,1155,,
0,14,15,0,,,,,,,,
59,14,16,1,1731,1865,1569,1270,806,934,,
33,14,16,0,,,,,,,,
0,14,16,0,,,,,,,,
38,14,17,0,,,,,,,,
37,14,17,2,1656,1997,2040,1842,2113,1527,,
0,14,17,0,,,,,,,,
48,14,18,1,1676,1332,172,1326,1839,1312,,
63,14,18,0,,,,,,,,
0,14,18,0,,,,,,,,
41,14,19,0,,,,,,,,
43,14,19,2,1952,1746,2460,1400,1568,1516,,
0,14,19,0,,,,,,,,
54,14,20,1,1705,2325,1798,1864,1289,1456,,
9,14,20,0,,,,,,,,
0,14,20,0,,,,,,,,
56,14,21,0,,,,,,,,
44,14,21,2,1651,1156,1169,1866,1433,1299,,
0,14,21,0,,,,,,,,
36,14,22,1,1255,2282,1429,2310,1599,1513,,
62,14,22,0,,,,,,,,
0,14,22,0,,,,,,,,
6,14,23,0,,,,,,,,
61,14,23,2,1370,1594,1850,1985,1111,1955,,
0,14,23,0,,,,,,,,
31,14,24,1,2832,1535,1489,1617,,598,,
53,14,24,0,,,,,,,,
0,14,24,0,,,,,,,,
14,14,25,0,,,,,,,,
35,14,25,2,1582,1494,1943,2681,1374,1236,,
0,14,25,0,,,,,,,,
62,14,26,1,1909,1491,1228,1747,2205,1058,,
59,14,26,0,,,,,,,,
0,14,26,0,,,,,,,,
17,14,27,0,,,,,,,,
47,14,27,2,1826,1658,2650,1546,253,195,,
0,14,27,0,,,,,,,,
40,14,28,1,2518,2068,1818,1920,2021,2266,,
65,14,28,0,,,,,,,,
0,14,28,0,,,,,,,,
64,14,29,0,,,,,,,,
63,14,29,2,1713,2387,2349,1867,1742,2218,,
0,14,29,0,,,,,,,,
60,14,30,1,969,179,2312,1957,1390,3047,,
11,14,30,0,,,,,,,,
0,14,30,0,,,,,,,,
30,14,31,0,,,,,,,,
10,14,31,2,1730,1797,2074,2845,115,1534,,
0,14,31,0,,,,,,,,
16,14,32,1,1210,1974,93,1271,1013,935,,
50,14,32,0,,,,,,,,
0,14,32,0,,,,,,,,
49,15,1,1,540,945,233,220,214,359,,
0,15,1,0,,,,,,,,
32,15,1,0,,,,,,,,
17,15,2,0,,,,,,,,
0,15,2,0,,,,,,,,
59,15,2,2,518,2439,1904,1738,856,334,,
68,15,3,1,515,2056,729,2463,846,257,,
0,15,3,0,,,,,,,,
55,15,3,0,,,,,,,,
38,15,4,0,,,,,,,,
0,15,4,0,,,,,,,,
20,15,4,2,1085,187,1629,345,193,411,,
51,15,5,1,516,1832,2325,167,224,1913,,
0,15,5,0,,,,,,,,
49,15,5,0,,,,,,,,
25,15,6,0,,,,,,,,
0,15,6,0,,,,,,,,
8,15,6,2,5153,781,2431,1567,1021,,,
36,15,7,1,665,210,222,929,1335,338,,
0,15,7,0,,,,,,,,
12,15,7,0,,,,,,,,
29,15,8,0,,,,,,,,
0,15,8,0,,,,,,,,
26,15,8,2,711,278,1860,220,177,169,,
58,15,9,1,492,2298,4232,1315,266,400,,
0,15,9,0,,,,,,,,
65,15,9,0,,,,,,,,
8,15,10,0,,,,,,,,
0,15,10,0,,,,,,,,
34,15,10,2,532,1455,222,274,1002,341,,
61,15,11,1,542,2362,1454,1352,777,225,,
7,15,11,0,,,,,,,,
0,15,11,0,,,,,,,,
34,15,12,0,,,,,,,,
41,15,12,2,529,3079,1583,116,199,919,,
0,15,12,0,,,,,,,,
39,15,13,1,593,1737,1776,2192,741,169,,
21,15,13,0,,,,,,,,
0,15,13,0,,,,,,,,
57,15,14,0,,,,,,,,
38,15,14,2,562,1053,1985,2996,190,591,,
0,15,14,0,,,,,,,,
43,15,15,1,,2400,1402,324,221,1151,,
46,15,15,0,,,,,,,,
0,15,15,0,,,,,,,,
59,15,16,0,,,,,,,,
56,15,16,2,585,2754,2581,1166,1961,1078,,
0,15,16,0,,,,,,,,
57,15,17,1,288,102,3114,1699,838,1107,,
37,15,17,0,,,,,,,,
0,15,17,0,,,,,,,,
48,15,18,0,,,,,,,,
45,15,18,2,488,3413,3843,1469,1374,1449,,
0,15,18,0,,,,,,,,
24,15,19,1,851,2042,128,,245,2094,,
43,15,19,0,,,,,,,,
0,15,19,0,,,,,,,,
54,15,20,0,,,,,,,,
15,15,20,2,901,384,2556,1684,,409,,
0,15,20,0,,,,,,,,
46,15,21,1,640,2435,4009,1477,,328,,
44,15,21,0,,,,,,,,
0,15,21,0,,,,,,,,
36,15,22,0,,,,,,,,
33,15,22,2,3361,179,1606,1485,389,934,,
0,15,22,0,,,,,,,,
23,15,23,1,723,3492,2133,1212,1073,2065,,
61,15,23,0,,,,,,,,
0,15,23,0,,,,,,,,
31,15,24,0,,,,,,,,
44,15,24,2,260,1915,206,203,,627,,
0,15,24,0,,,,,,,,
10,15,25,1,1968,262,164,1875,,225,,
35,15,25,0,,,,,,,,
0,15,25,0,,,,,,,,
62,15,26,0,,,,,,,,
7,15,26,2,2108,1637,2083,3340,2090,1120,,
0,15,26,0,,,,,,,,
69,15,27,1,549,3282,973,1998,216,441,,
47,15,27,0,,,,,,,,
0,15,27,0,,,,,,,,
40,15,28,0,,,,,,,,
28,15,28,2,411,1944,173,509,304,2950,,
0,15,28,0,,,,,,,,
53,15,29,1,441,,222,,,229,,
63,15,29,0,,,,,,,,
0,15,29,0,,,,,,,,
60,15,30,0,,,,,,,,
29,15,30,2,455,4179,,168,1301,1479,,
0,15,30,0,,,,,,,,
42,15,31,1,618,2953,259,181,1125,1347,,
10,15,31,0,,,,,,,,
0,15,31,0,,,,,,,,
16,15,32,0,,,,,,,,
40,15,32,2,623,2565,255,217,223,621,,
0,15,32,0,,,,,,,,
49,16,1,0,,,,,,,,
0,16,1,0,,,,,,,,
50,16,1,2,4182,2268,831,941,,98,,
16,16,2,1,1051,557,955,145,147,261,201,
0,16,2,0,,,,,,,,
59,16,2,0,,,,,,,,
68,16,3,0,,,,,,,,
0,16,3,0,,,,,,,,
10,16,3,2,2260,,172,1021,1140,2171,,
54,16,4,1,2915,2621,,187,157,135,,
0,16,4,0,,,,,,,,
20,16,4,0,,,,,,,,
51,16,5,0,,,,,,,,
0,16,5,0,,,,,,,,
12,16,5,2,2287,161,2284,964,756,626,,
33,16,6,1,2409,1690,1148,1050,775,107,,
0,16,6,0,,,,,,,,
8,16,6,0,,,,,,,,
36,16,7,0,,,,,,,,
0,16,7,0,,,,,,,,
44,16,7,2,2480,1503,1848,1681,1326,779,,
46,16,8,1,1054,1020,1280,631,1170,1131,,
0,16,8,0,,,,,,,,
26,16,8,0,,,,,,,,
58,16,9,0,,,,,,,,
0,16,9,0,,,,,,,,
52,16,9,2,1481,1482,521,484,366,705,,
17,16,10,1,1140,135,307,260,808,299,,
0,16,10,0,,,,,,,,
34,16,10,0,,,,,,,,
61,16,11,0,,,,,,,,
27,16,11,2,311,1179,447,639,166,282,,
0,16,11,0,,,,,,,,
34,16,12,1,1119,2267,1263,999,910,1312,,
41,16,12,0,,,,,,,,
0,16,12,0,,,,,,,,
39,16,13,0,,,,,,,,
57,16,13,2,974,116,161,1130,,99,,
0,16,13,0,,,,,,,,
37,16,14,1,2045,806,922,777,1080,711,,
38,16,14,0,,,,,,,,
0,16,14,0,,,,,,,,
43,16,15,0,,,,,,,,
22,16,15,2,1369,432,350,1089,833,181,,
0,16,15,0,,,,,,,,
26,16,16,1,1067,1584,135,,425,855,,
56,16,16,0,,,,,,,,
0,16,16,0,,,,,,,,
57,16,17,0,,,,,,,,
43,16,17,2,1591,1233,1533,1430,913,787,,
0,16,17,0,,,,,,,,
14,16,18,1,839,643,417,1435,975,2055,,
45,16,18,0,,,,,,,,
0,16,18,0,,,,,,,,
24,16,19,0,,,,,,,,
42,16,19,2,1664,1803,239,,230,1251,,
0,16,19,0,,,,,,,,
45,16,20,1,2115,1348,1309,893,,177,,
15,16,20,0,,,,,,,,
0,16,20,0,,,,,,,,
46,16,21,0,,,,,,,,
5,16,21,2,2898,238,1032,1524,1274,675,,
0,16,21,0,,,,,,,,
8,16,22,1,4364,1806,1552,1096,1910,1670,,
33,16,22,0,,,,,,,,
0,16,22,0,,,,,,,,
23,16,23,0,,,,,,,,
66,16,23,2,1090,1110,1165,1175,1025,1102,,
0,16,23,0,,,,,,,,
35,16,24,1,2010,991,509,671,,434,,
44,16,24,0,,,,,,,,
0,16,24,0,,,,,,,,
10,16,25,0,,,,,,,,
40,16,25,2,1617,1232,1760,1175,762,853,,
0,16,25,0,,,,,,,,
32,16,26,1,2077,1299,1396,1073,760,792,,
7,16,26,0,,,,,,,,
0,16,26,0,,,,,,,,
69,16,27,0,,,,,,,,
9,16,27,2,1936,149,2366,1469,138,180,,
0,16,27,0,,,,,,,,
25,16,28,1,2075,,141,776,160,226,,
28,16,28,0,,,,,,,,
0,16,28,0,,,,,,,,
53,16,29,0,,,,,,,,
15,16,29,2,1188,1859,305,191,165,149,,
0,16,29,0,,,,,,,,
39,16,30,1,2487,1394,470,1790,964,1108,,
29,16,30,0,,,,,,,,
0,16,30,0,,,,,,,,
42,16,31,0,,,,,,,,
41,16,31,2,1260,1509,1362,1085,888,1120,,
0,16,31,0,,,,,,,,
49,16,32,1,1731,1659,1417,641,991,982,,
40,16,32,0,,,,,,,,
0,16,32,0,,,,,,,,
12,17,1,1,1225,2301,154,852,920,1561,149,
0,17,1,0,,,,,,,,
50,17,1,0,,,,,,,,
16,17,2,0,,,,,,,,
0,17,2,0,,,,,,,,
33,17,2,2,2733,1261,1745,805,174,169,,
28,17,3,1,1214,,334,197,148,153,,
0,17,3,0,,,,,,,,
10,17,3,0,,,,,,,,
54,17,4,0,,,,,,,,
0,17,4,0,,,,,,,,
66,17,4,2,985,217,,173,109,510,,
26,17,5,1,1730,1191,884,154,128,725,,
0,17,5,0,,,,,,,,
12,17,5,0,,,,,,,,
33,17,6,0,,,,,,,,
0,17,6,0,,,,,,,,
64,17,6,2,1257,845,1982,,124,445,,
48,17,7,1,1627,885,1535,154,156,135,,
0,17,7,0,,,,,,,,
44,17,7,0,,,,,,,,
46,17,8,0,,,,,,,,
0,17,8,0,,,,,,,,
19,17,8,2,2392,1244,791,238,614,168,,
41,17,9,1,1174,1067,1249,365,152,320,,
0,17,9,0,,,,,,,,
52,17,9,0,,,,,,,,
17,17,10,0,,,,,,,,
0,17,10,0,,,,,,,,
61,17,10,2,1209,802,1157,,152,129,,
36,17,11,1,1244,729,150,100,144,171,,
27,17,11,0,,,,,,,,
0,17,11,0,,,,,,,,
34,17,12,0,,,,,,,,
21,17,12,2,1828,1332,881,709,,154,,
0,17,12,0,,,,,,,,
11,17,13,1,868,256,623,129,135,129,86,
57,17,13,0,,,,,,,,
0,17,13,0,,,,,,,,
37,17,14,0,,,,,,,,
55,17,14,2,1721,852,823,173,303,,164,
0,17,14,0,,,,,,,,
53,17,15,1,1104,623,844,217,191,150,,
22,17,15,0,,,,,,,,
0,17,15,0,,,,,,,,
26,17,16,0,,,,,,,,
38,17,16,2,1342,1306,1036,186,118,860,,
0,17,16,0,,,,,,,,
39,17,17,1,1457,1732,1554,,137,167,,
43,17,17,0,,,,,,,,
0,17,17,0,,,,,,,,
14,17,18,0,,,,,,,,
68,17,18,2,2826,118,409,,468,511,,
0,17,18,0,,,,,,,,
46,17,19,1,1848,128,,113,134,409,,
42,17,19,0,,,,,,,,
0,17,19,0,,,,,,,,
45,17,20,0,,,,,,,,
24,17,20,2,1379,156,442,133,310,1361,,
0,17,20,0,,,,,,,,
63,17,21,1,1702,932,1073,1015,,183,,
5,17,21,0,,,,,,,,
0,17,21,0,,,,,,,,
8,17,22,0,,,,,,,,
30,17,22,2,1399,1548,1175,717,946,930,,
0,17,22,0,,,,,,,,
25,17,23,1,1311,661,1625,,147,85,155,
66,17,23,0,,,,,,,,
0,17,23,0,,,,,,,,
35,17,24,0,,,,,,,,
57,17,24,2,2231,622,874,507,,360,,
0,17,24,0,,,,,,,,
37,17,25,1,1574,137,817,777,,142,,
40,17,25,0,,,,,,,,
0,17,25,0,,,,,,,,
32,17,26,0,,,,,,,,
47,17,26,2,2218,1776,1778,127,779,1991,,
0,17,26,0,,,,,,,,
60,17,27,1,1015,174,1259,,161,205,,
9,17,27,0,,,,,,,,
0,17,27,0,,,,,,,,
25,17,28,0,,,,,,,,
50,17,28,2,1952,141,1182,801,177,568,,
0,17,28,0,,,,,,,,
58,17,29,1,2156,781,266,140,116,444,,
15,17,29,0,,,,,,,,
0,17,29,0,,,,,,,,
39,17,30,0,,,,,,,,
31,17,30,2,108,156,1014,995,1053,1200,,
0,17,30,0,,,,,,,,
45,17,31,1,2548,1464,1658,,733,143,,
41,17,31,0,,,,,,,,
0,17,31,0,,,,,,,,
49,17,32,0,,,,,,,,
35,17,32,2,1466,1609,185,662,161,332,147,
0,17,32,0,,,,,,,,
12,18,1,0,,,,,,,,
0,18,1,0,,,,,,,,
34,18,1,2,5094,3880,732,284,398,398,,
50,18,2,1,1779,879,239,259,1024,1371,,
0,18,2,0,,,,,,,,
33,18,2,0,,,,,,,,
28,18,3,0,,,,,,,,
0,18,3,0,,,,,,,,
7,18,3,2,1692,1247,1650,1423,150,1451,,
47,18,4,1,1669,1237,565,190,,151,,
0,18,4,0,,,,,,,,
66,18,4,0,,,,,,,,
26,18,5,0,,,,,,,,
0,18,5,0,,,,,,,,
32,18,5,2,3022,2282,1201,881,1056,811,,
25,18,6,1,2021,1840,753,149,679,508,,
0,18,6,0,,,,,,,,
64,18,6,0,,,,,,,,
48,18,7,0,,,,,,,,
0,18,7,0,,,,,,,,
49,18,7,2,1091,128,395,732,497,278,,
38,18,8,1,1179,217,225,568,720,661,,
0,18,8,0,,,,,,,,
19,18,8,0,,,,,,,,
41,18,9,0,,,,,,,,
0,18,9,0,,,,,,,,
21,18,9,2,1971,1815,301,1421,491,158,,
9,18,10,1,1353,504,882,608,963,653,,
0,18,10,0,,,,,,,,
61,18,10,0,,,,,,,,
36,18,11,0,,,,,,,,
42,18,11,2,5624,163,368,289,735,896,,
0,18,11,0,,,,,,,,
30,18,12,1,2085,879,2744,684,454,527,,
21,18,12,0,,,,,,,,
0,18,12,0,,,,,,,,
11,18,13,0,,,,,,,,
56,18,13,2,369,1231,866,1269,708,177,,
0,18,13,0,,,,,,,,
40,18,14,1,846,162,201,194,618,1277,,
55,18,14,0,,,,,,,,
0,18,14,0,,,,,,,,
53,18,15,0,,,,,,,,
16,18,15,2,1083,761,783,93,175,146,,
0,18,15,0,,,,,,,,
59,18,16,1,2619,1185,1486,401,596,1022,,
38,18,16,0,,,,,,,,
0,18,16,0,,,,,,,,
39,18,17,0,,,,,,,,
12,18,17,2,8783,402,1685,275,748,1673,,
0,18,17,0,,,,,,,,
11,18,18,1,2011,1868,2486,1114,927,318,,
68,18,18,0,,,,,,,,
0,18,18,0,,,,,,,,
46,18,19,0,,,,,,,,
20,18,19,2,1823,1007,1265,931,685,745,,
0,18,19,0,,,,,,,,
62,18,20,1,3090,1073,1005,224,917,893,,
24,18,20,0,,,,,,,,
0,18,20,0,,,,,,,,
63,18,21,0,,,,,,,,
53,18,21,2,1263,666,898,1021,,173,,
0,18,21,0,,,,,,,,
57,18,22,1,899,202,193,252,171,424,,
30,18,22,0,,,,,,,,
0,18,22,0,,,,,,,,
25,18,23,0,,,,,,,,
5,18,23,2,3434,1954,1857,578,535,1146,,
0,18,23,0,,,,,,,,
60,18,24,1,807,1200,262,465,,216,171,
57,18,24,0,,,,,,,,
0,18,24,0,,,,,,,,
37,18,25,0,,,,,,,,
6,18,25,2,2830,254,189,1372,631,338,,
0,18,25,0,,,,,,,,
55,18,26,1,1255,450,1481,845,202,151,,
47,18,26,0,,,,,,,,
0,18,26,0,,,,,,,,
60,18,27,0,,,,,,,,
23,18,27,2,2022,1902,499,434,566,647,,
0,18,27,0,,,,,,,,
37,18,28,1,1123,1737,1063,1034,659,1061,,
50,18,28,0,,,,,,,,
0,18,28,0,,,,,,,,
58,18,29,0,,,,,,,,
58,18,29,2,1817,177,204,622,686,307,,
0,18,29,0,,,,,,,,
41,18,30,1,523,2657,1322,806,191,1349,,
31,18,30,0,,,,,,,,
0,18,30,0,,,,,,,,
45,18,31,0,,,,,,,,
27,18,31,2,736,219,249,590,481,644,,
0,18,31,0,,,,,,,,
31,18,32,1,1587,1035,457,634,433,455,,
35,18,32,0,,,,,,,,
0,18,32,0,,,,,,,,
23,19,1,1,2737,1654,165,410,,120,,
0,19,1,0,,,,,,,,
34,19,1,0,,,,,,,,
50,19,2,0,,,,,,,,
0,19,2,0,,,,,,,,
40,19,2,2,2322,1912,313,1565,872,178,,
56,19,3,1,2686,139,453,348,,160,,
0,19,3,0,,,,,,,,
7,19,3,0,,,,,,,,
47,19,4,0,,,,,,,,
0,19,4,0,,,,,,,,
21,19,4,2,2505,258,2332,1617,1264,248,,
30,19,5,1,1736,1115,1389,1879,699,127,,
0,19,5,0,,,,,,,,
32,19,5,0,,,,,,,,
25,19,6,0,,,,,,,,
0,19,6,0,,,,,,,,
15,19,6,2,2023,1944,1839,1044,1201,209,,
7,19,7,1,2944,2930,145,1361,185,253,,
0,19,7,0,,,,,,,,
49,19,7,0,,,,,,,,
38,19,8,0,,,,,,,,
0,19,8,0,,,,,,,,
19,19,8,2,1658,1619,1134,860,1499,1953,,
25,19,9,1,2160,1818,1272,1081,190,131,,
0,19,9,0,,,,,,,,
21,19,9,0,,,,,,,,
9,19,10,0,,,,,,,,
0,19,10,0,,,,,,,,
37,19,10,2,1424,291,1172,1699,1032,1045,,
17,19,11,1,2763,2147,1472,505,196,313,,
42,19,11,0,,,,,,,,
0,19,11,0,,,,,,,,
30,19,12,0,,,,,,,,
59,19,12,2,1331,544,2140,1142,,196,,
0,19,12,0,,,,,,,,
32,19,13,1,3258,1211,207,1828,1296,1294,,
56,19,13,0,,,,,,,,
0,19,13,0,,,,,,,,
40,19,14,0,,,,,,,,
67,19,14,2,2026,165,505,608,1020,,,
0,19,14,0,,,,,,,,
63,19,15,1,1145,303,158,130,212,200,,
16,19,15,0,,,,,,,,
0,19,15,0,,,,,,,,
59,19,16,0,,,,,,,,
66,19,16,2,2379,462,395,83,1790,,,
0,19,16,0,,,,,,,,
10,19,17,1,6042,1481,2193,1488,1627,318,,
12,19,17,0,,,,,,,,
0,19,17,0,,,,,,,,
11,19,18,0,,,,,,,,
44,19,18,2,1298,1785,1236,1227,1288,483,,
0,19,18,0,,,,,,,,
36,19,19,1,2002,2151,1205,,165,1762,,
20,19,19,0,,,,,,,,
0,19,19,0,,,,,,,,
62,19,20,0,,,,,,,,
28,19,20,2,2582,1123,1906,272,132,196,,
0,19,20,0,,,,,,,,
49,19,21,1,1794,2555,1760,1338,1162,1155,,
53,19,21,0,,,,,,,,
0,19,21,0,,,,,,,,
57,19,22,0,,,,,,,,
5,19,22,2,2523,2285,153,1306,1229,181,,
0,19,22,0,,,,,,,,
35,19,23,1,1568,1241,933,950,862,1391,,
5,19,23,0,,,,,,,,
0,19,23,0,,,,,,,,
60,19,24,0,,,,,,,,
51,19,24,2,2901,209,195,361,,595,,
0,19,24,0,,,,,,,,
52,19,25,1,3549,1194,745,846,1035,365,,
6,19,25,0,,,,,,,,
0,19,25,0,,,,,,,,
55,19,26,0,,,,,,,,
18,19,26,2,2816,897,601,87,1402,570,,
0,19,26,0,,,,,,,,
58,19,27,1,3665,1162,950,1097,184,208,,
23,19,27,0,,,,,,,,
0,19,27,0,,,,,,,,
37,19,28,0,,,,,,,,
45,19,28,2,4969,1418,1034,1542,2593,1643,,
0,19,28,0,,,,,,,,
42,19,29,1,7264,1981,1667,1375,166,98,,
58,19,29,0,,,,,,,,
0,19,29,0,,,,,,,,
41,19,30,0,,,,,,,,
39,19,30,2,2618,2035,1018,2043,2345,706,,
0,19,30,0,,,,,,,,
12,19,31,1,1729,1566,1971,1100,1263,1237,,
27,19,31,0,,,,,,,,
0,19,31,0,,,,,,,,
31,19,32,0,,,,,,,,
27,19,32,2,1580,2051,2117,123,556,448,,
0,19,32,0,,,,,,,,
23,20,1,0,,,,,,,,
0,20,1,0,,,,,,,,
39,20,1,2,1310,4242,159,2232,,116,,
60,20,2,1,1396,2873,1784,1677,1605,1048,,
0,20,2,0,,,,,,,,
40,20,2,0,,,,,,,,
56,20,3,0,,,,,,,,
0,20,3,0,,,,,,,,
20,20,3,2,2572,252,625,1164,,,,
5,20,4,1,1562,228,132,132,1139,2324,,
0,20,4,0,,,,,,,,
21,20,4,0,,,,,,,,
30,20,5,0,,,,,,,,
0,20,5,0,,,,,,,,
16,20,5,2,2632,2708,2734,1189,162,82,,
32,20,6,1,2148,700,193,1569,1400,1216,,
0,20,6,0,,,,,,,,
15,20,6,0,,,,,,,,
7,20,7,0,,,,,,,,
0,20,7,0,,,,,,,,
49,20,7,2,902,819,1756,698,1584,1134,,
23,20,8,1,1559,1832,1303,832,1440,2696,,
0,20,8,0,,,,,,,,
19,20,8,0,,,,,,,,
25,20,9,0,,,,,,,,
0,20,9,0,,,,,,,,
63,20,9,2,649,2589,1195,640,,120,,
26,20,10,1,782,87,330,1266,876,1223,,
0,20,10,0,,,,,,,,
37,20,10,0,,,,,,,,
17,20,11,0,,,,,,,,
47,20,11,2,1177,1690,235,622,,144,,
0,20,11,0,,,,,,,,
22,20,12,1,1380,3393,468,153,855,1371,,
59,20,12,0,,,,,,,,
0,20,12,0,,,,,,,,
32,20,13,0,,,,,,,,
37,20,13,2,1798,895,1001,1093,,143,,
0,20,13,0,,,,,,,,
33,20,14,1,929,608,216,140,1193,870,,
67,20,14,0,,,,,,,,
0,20,14,0,,,,,,,,
63,20,15,0,,,,,,,,
55,20,15,2,794,1014,701,532,167,102,,
0,20,15,0,,,,,,,,
18,20,16,1,865,672,353,782,827,997,,
66,20,16,0,,,,,,,,
0,20,16,0,,,,,,,,
10,20,17,0,,,,,,,,
31,20,17,2,959,260,427,181,1122,2026,,
0,20,17,0,,,,,,,,
36,20,18,1,2554,354,523,139,1027,1481,,
44,20,18,0,,,,,,,,
0,20,18,0,,,,,,,,
36,20,19,0,,,,,,,,
53,20,19,2,804,4547,466,152,371,1380,,
0,20,19,0,,,,,,,,
38,20,20,1,1703,3519,207,863,900,1250,,
28,20,20,0,,,,,,,,
0,20,20,0,,,,,,,,
49,20,21,0,,,,,,,,
25,20,21,2,814,205,267,378,1063,1323,,
0,20,21,0,,,,,,,,
35,20,22,1,767,537,165,201,393,1923,,
5,20,22,0,,,,,,,,
0,20,22,0,,,,,,,,
35,20,23,0,,,,,,,,
7,20,23,2,1375,290,1456,1164,907,1237,,
0,20,23,0,,,,,,,,
27,20,24,1,853,1047,781,544,,174,,
51,20,24,0,,,,,,,,
0,20,24,0,,,,,,,,
52,20,25,0,,,,,,,,
19,20,25,2,1121,154,126,,129,1354,,
0,20,25,0,,,,,,,,
10,20,26,1,2893,2016,165,1331,1993,1705,,
18,20,26,0,,,,,,,,
0,20,26,0,,,,,,,,
58,20,27,0,,,,,,,,
56,20,27,2,361,118,599,134,160,144,,
0,20,27,0,,,,,,,,
15,20,28,1,3747,1693,1142,1539,1036,2554,,
45,20,28,0,,,,,,,,
0,20,28,0,,,,,,,,
42,20,29,0,,,,,,,,
40,20,29,2,744,3550,1022,1959,1872,,234,
0,20,29,0,,,,,,,,
42,20,30,1,749,1770,328,231,1030,3367,,
39,20,30,0,,,,,,,,
0,20,30,0,,,,,,,,
12,20,31,0,,,,,,,,
59,20,31,2,861,485,170,1015,245,108,,
0,20,31,0,,,,,,,,
13,20,32,1,1117,1709,250,140,889,1297,,
27,20,32,0,,,,,,,,
0,20,32,0,,,,,,,,
