seq,subj,item,cond,R1,R2,R3,R4,R5,R6,R7,R8
0,1,1,0,,,,,,,,
0,1,1,0,,,,,,,,
50,1,1,2,0,1,1,0,,1,,
16,1,2,1,0,1,1,1,1,1,,
0,1,2,0,,,,,,,,
0,1,2,0,,,,,,,,
0,1,3,0,,,,,,,,
0,1,3,0,,,,,,,,
12,1,3,2,0,1,0,1,,1,,
59,1,4,1,0,1,1,0,,1,,
0,1,4,0,,,,,,,,
0,1,4,0,,,,,,,,
0,1,5,0,,,,,,,,
0,1,5,0,,,,,,,,
5,1,5,2,0,1,1,0,0,1,,
22,1,6,1,0,1,1,1,0,0,,
0,1,6,0,,,,,,,,
0,1,6,0,,,,,,,,
0,1,7,0,,,,,,,,
0,1,7,0,,,,,,,,
14,1,7,2,0,1,1,1,1,1,,
36,1,8,1,0,0,0,0,0,0,,
0,1,8,0,,,,,,,,
0,1,8,0,,,,,,,,
0,1,9,0,,,,,,,,
0,1,9,0,,,,,,,,
27,1,9,2,0,1,0,0,1,1,,
53,1,10,1,0,,1,0,0,1,,
0,1,10,0,,,,,,,,
0,1,10,0,,,,,,,,
0,1,11,0,,,,,,,,
55,1,11,2,0,1,1,1,1,1,,
0,1,11,0,,,,,,,,
65,1,12,1,0,0,1,1,1,0,,
0,1,12,0,,,,,,,,
0,1,12,0,,,,,,,,
0,1,13,0,,,,,,,,
33,1,13,2,0,0,0,1,,1,,
0,1,13,0,,,,,,,,
68,1,14,1,0,0,0,1,1,,1,
0,1,14,0,,,,,,,,
0,1,14,0,,,,,,,,
0,1,15,0,,,,,,,,
45,1,15,2,0,1,0,1,0,1,,
0,1,15,0,,,,,,,,
52,1,16,1,0,1,0,0,0,1,,
0,1,16,0,,,,,,,,
0,1,16,0,,,,,,,,
0,1,17,0,,,,,,,,
57,1,17,2,0,0,1,1,0,1,,
0,1,17,0,,,,,,,,
8,1,18,1,0,1,1,0,1,1,,
0,1,18,0,,,,,,,,
0,1,18,0,,,,,,,,
0,1,19,0,,,,,,,,
9,1,19,2,0,1,1,1,0,1,,
0,1,19,0,,,,,,,,
67,1,20,1,0,1,1,0,,,1,
0,1,20,0,,,,,,,,
0,1,20,0,,,,,,,,
0,1,21,0,,,,,,,,
46,1,21,2,0,0,0,0,0,1,,
0,1,21,0,,,,,,,,
64,1,22,1,0,0,1,1,1,1,,
0,1,22,0,,,,,,,,
0,1,22,0,,,,,,,,
0,1,23,0,,,,,,,,
63,1,23,2,0,0,1,0,0,1,,
0,1,23,0,,,,,,,,
18,1,24,1,0,1,1,1,,1,,
0,1,24,0,,,,,,,,
0,1,24,0,,,,,,,,
0,1,25,0,,,,,,,,
35,1,25,2,0,0,0,0,0,0,,
0,1,25,0,,,,,,,,
10,1,26,1,0,1,1,0,0,1,,
0,1,26,0,,,,,,,,
0,1,26,0,,,,,,,,
0,1,27,0,,,,,,,,
7,1,27,2,0,1,0,1,1,1,,
0,1,27,0,,,,,,,,
34,1,28,1,0,0,0,1,0,1,,
0,1,28,0,,,,,,,,
0,1,28,0,,,,,,,,
0,1,29,0,,,,,,,,
56,1,29,2,0,1,1,1,1,1,,
0,1,29,0,,,,,,,,
20,1,30,1,0,1,1,1,1,1,,
0,1,30,0,,,,,,,,
0,1,30,0,,,,,,,,
0,1,31,0,,,,,,,,
24,1,31,2,0,1,1,0,1,1,,
0,1,31,0,,,,,,,,
58,1,32,1,0,0,1,0,1,1,,
0,1,32,0,,,,,,,,
0,1,32,0,,,,,,,,
0,2,1,0,,,,,,,,
0,2,1,0,,,,,,,,
13,2,1,2,0,0,0,0,,1,,
8,2,2,1,0,0,0,0,0,0,,
0,2,2,0,,,,,,,,
0,2,2,0,,,,,,,,
0,2,3,0,,,,,,,,
0,2,3,0,,,,,,,,
61,2,3,2,0,0,0,0,0,0,,
11,2,4,1,0,0,1,0,,1,,
0,2,4,0,,,,,,,,
0,2,4,0,,,,,,,,
0,2,5,0,,,,,,,,
0,2,5,0,,,,,,,,
57,2,5,2,0,1,0,0,0,0,,
63,2,6,1,0,0,0,0,0,1,,
0,2,6,0,,,,,,,,
0,2,6,0,,,,,,,,
0,2,7,0,,,,,,,,
0,2,7,0,,,,,,,,
35,2,7,2,0,0,0,0,0,0,,
54,2,8,1,0,0,0,0,0,0,,
0,2,8,0,,,,,,,,
0,2,8,0,,,,,,,,
0,2,9,0,,,,,,,,
0,2,9,0,,,,,,,,
49,2,9,2,0,0,0,0,1,0,,
17,2,10,1,0,0,0,0,0,0,,
0,2,10,0,,,,,,,,
0,2,10,0,,,,,,,,
0,2,11,0,,,,,,,,
45,2,11,2,0,1,1,0,0,1,,
0,2,11,0,,,,,,,,
39,2,12,1,0,0,1,0,1,0,,
0,2,12,0,,,,,,,,
0,2,12,0,,,,,,,,
0,2,13,0,,,,,,,,
26,2,13,2,0,0,0,0,0,1,,
0,2,13,0,,,,,,,,
32,2,14,1,0,0,0,0,0,1,,
0,2,14,0,,,,,,,,
0,2,14,0,,,,,,,,
0,2,15,0,,,,,,,,
22,2,15,2,0,0,0,0,1,0,,
0,2,15,0,,,,,,,,
23,2,16,1,0,0,0,0,0,0,,
0,2,16,0,,,,,,,,
0,2,16,0,,,,,,,,
0,2,17,0,,,,,,,,
28,2,17,2,0,0,0,0,0,1,,
0,2,17,0,,,,,,,,
48,2,18,1,0,0,0,0,0,0,,
0,2,18,0,,,,,,,,
0,2,18,0,,,,,,,,
0,2,19,0,,,,,,,,
30,2,19,2,0,0,0,0,0,1,,
0,2,19,0,,,,,,,,
44,2,20,1,0,0,0,0,0,1,,
0,2,20,0,,,,,,,,
0,2,20,0,,,,,,,,
0,2,21,0,,,,,,,,
31,2,21,2,0,1,0,0,0,0,,
0,2,21,0,,,,,,,,
16,2,22,1,,,,,,1,,
0,2,22,0,,,,,,,,
0,2,22,0,,,,,,,,
0,2,23,0,,,,,,,,
60,2,23,2,0,0,0,0,0,0,,
0,2,23,0,,,,,,,,
37,2,24,1,0,0,0,0,,1,,
0,2,24,0,,,,,,,,
0,2,24,0,,,,,,,,
0,2,25,0,,,,,,,,
38,2,25,2,0,0,0,0,0,0,,
0,2,25,0,,,,,,,,
40,2,26,1,,1,0,0,0,0,,
0,2,26,0,,,,,,,,
0,2,26,0,,,,,,,,
0,2,27,0,,,,,,,,
27,2,27,2,0,1,1,0,1,0,,
0,2,27,0,,,,,,,,
65,2,28,1,0,1,1,0,0,1,,
0,2,28,0,,,,,,,,
0,2,28,0,,,,,,,,
0,2,29,0,,,,,,,,
5,2,29,2,0,0,0,0,0,1,,
0,2,29,0,,,,,,,,
10,2,30,1,0,0,0,0,0,0,,
0,2,30,0,,,,,,,,
0,2,30,0,,,,,,,,
0,2,31,0,,,,,,,,
52,2,31,2,0,0,0,0,0,0,,
0,2,31,0,,,,,,,,
53,2,32,1,0,0,0,0,0,0,,
0,2,32,0,,,,,,,,
0,2,32,0,,,,,,,,
0,3,1,0,,,,,,,,
0,3,1,0,,,,,,,,
17,3,1,2,0,0,1,0,0,1,,
37,3,2,1,0,0,0,1,0,1,,
0,3,2,0,,,,,,,,
0,3,2,0,,,,,,,,
0,3,3,0,,,,,,,,
0,3,3,0,,,,,,,,
42,3,3,2,0,1,0,0,1,0,,
60,3,4,1,0,1,0,0,1,0,,
0,3,4,0,,,,,,,,
0,3,4,0,,,,,,,,
0,3,5,0,,,,,,,,
0,3,5,0,,,,,,,,
66,3,5,2,0,0,0,0,1,0,,
48,3,6,1,0,0,0,1,0,0,,
0,3,6,0,,,,,,,,
0,3,6,0,,,,,,,,
0,3,7,0,,,,,,,,
0,3,7,0,,,,,,,,
29,3,7,2,0,1,0,0,1,0,,
51,3,8,1,0,0,1,1,0,1,,
0,3,8,0,,,,,,,,
0,3,8,0,,,,,,,,
0,3,9,0,,,,,,,,
0,3,9,0,,,,,,,,
13,3,9,2,0,0,0,0,1,1,,
54,3,10,1,,1,0,0,0,0,,
0,3,10,0,,,,,,,,
0,3,10,0,,,,,,,,
0,3,11,0,,,,,,,,
6,3,11,2,0,0,1,0,1,1,,
0,3,11,0,,,,,,,,
20,3,12,1,0,1,0,0,0,,,
0,3,12,0,,,,,,,,
0,3,12,0,,,,,,,,
0,3,13,0,,,,,,,,
44,3,13,2,0,0,0,0,0,1,,
0,3,13,0,,,,,,,,
23,3,14,1,0,0,0,0,1,1,,
0,3,14,0,,,,,,,,
0,3,14,0,,,,,,,,
0,3,15,0,,,,,,,,
27,3,15,2,0,0,1,,1,0,,
0,3,15,0,,,,,,,,
41,3,16,1,0,0,0,1,0,0,,
0,3,16,0,,,,,,,,
0,3,16,0,,,,,,,,
0,3,17,0,,,,,,,,
56,3,17,2,0,0,0,1,0,1,,
0,3,17,0,,,,,,,,
65,3,18,1,0,0,0,0,0,,,
0,3,18,0,,,,,,,,
0,3,18,0,,,,,,,,
0,3,19,0,,,,,,,,
47,3,19,2,0,1,0,1,0,1,,
0,3,19,0,,,,,,,,
63,3,20,1,0,0,0,1,0,1,,
0,3,20,0,,,,,,,,
0,3,20,0,,,,,,,,
0,3,21,0,,,,,,,,
10,3,21,2,0,0,0,0,0,0,,
0,3,21,0,,,,,,,,
19,3,22,1,0,0,1,1,1,0,,
0,3,22,0,,,,,,,,
0,3,22,0,,,,,,,,
0,3,23,0,,,,,,,,
33,3,23,2,0,0,0,0,0,1,,
0,3,23,0,,,,,,,,
68,3,24,1,0,0,0,0,,1,,
0,3,24,0,,,,,,,,
0,3,24,0,,,,,,,,
0,3,25,0,,,,,,,,
59,3,25,2,0,0,0,0,0,1,,
0,3,25,0,,,,,,,,
28,3,26,1,0,1,0,0,0,0,,
0,3,26,0,,,,,,,,
0,3,26,0,,,,,,,,
0,3,27,0,,,,,,,,
50,3,27,2,0,0,1,0,0,1,,
0,3,27,0,,,,,,,,
39,3,28,1,0,0,1,1,1,0,,
0,3,28,0,,,,,,,,
0,3,28,0,,,,,,,,
0,3,29,0,,,,,,,,
21,3,29,2,0,0,0,0,1,1,,
0,3,29,0,,,,,,,,
35,3,30,1,0,1,0,1,0,0,,
0,3,30,0,,,,,,,,
0,3,30,0,,,,,,,,
0,3,31,0,,,,,,,,
53,3,31,2,0,0,0,0,0,1,,
0,3,31,0,,,,,,,,
36,3,32,1,0,1,0,0,1,0,,
0,3,32,0,,,,,,,,
0,3,32,0,,,,,,,,
0,4,1,0,,,,,,,,
0,4,1,0,,,,,,,,
49,4,1,2,0,0,0,0,0,0,,
43,4,2,1,0,0,0,0,0,0,,
0,4,2,0,,,,,,,,
0,4,2,0,,,,,,,,
0,4,3,0,,,,,,,,
0,4,3,0,,,,,,,,
35,4,3,2,0,0,0,1,,1,,
55,4,4,1,0,0,0,0,,1,,
0,4,4,0,,,,,,,,
0,4,4,0,,,,,,,,
0,4,5,0,,,,,,,,
0,4,5,0,,,,,,,,
6,4,5,2,0,0,0,1,0,0,,
18,4,6,1,0,0,0,0,0,1,,
0,4,6,0,,,,,,,,
0,4,6,0,,,,,,,,
0,4,7,0,,,,,,,,
0,4,7,0,,,,,,,,
24,4,7,2,0,0,0,0,0,0,,
32,4,8,1,0,1,0,0,0,0,,
0,4,8,0,,,,,,,,
0,4,8,0,,,,,,,,
0,4,9,0,,,,,,,,
0,4,9,0,,,,,,,,
30,4,9,2,0,0,0,0,,1,,
13,4,10,1,0,0,,1,0,1,,
0,4,10,0,,,,,,,,
0,4,10,0,,,,,,,,
0,4,11,0,,,,,,,,
40,4,11,2,0,1,0,0,0,0,,
0,4,11,0,,,,,,,,
11,4,12,1,0,1,0,1,,1,,
0,4,12,0,,,,,,,,
0,4,12,0,,,,,,,,
0,4,13,0,,,,,,,,
64,4,13,2,0,0,0,0,,1,,
0,4,13,0,,,,,,,,
46,4,14,1,0,1,0,0,0,0,,
0,4,14,0,,,,,,,,
0,4,14,0,,,,,,,,
0,4,15,0,,,,,,,,
34,4,15,2,0,0,0,1,1,1,,
0,4,15,0,,,,,,,,
26,4,16,1,0,1,0,0,0,0,1,
0,4,16,0,,,,,,,,
0,4,16,0,,,,,,,,
0,4,17,0,,,,,,,,
47,4,17,2,0,1,0,0,0,0,,
0,4,17,0,,,,,,,,
57,4,18,1,0,1,0,0,0,0,,
0,4,18,0,,,,,,,,
0,4,18,0,,,,,,,,
0,4,19,0,,,,,,,,
29,4,19,2,0,1,0,0,0,0,,
0,4,19,0,,,,,,,,
65,4,20,1,0,1,0,0,0,0,,
0,4,20,0,,,,,,,,
0,4,20,0,,,,,,,,
0,4,21,0,,,,,,,,
8,4,21,2,0,0,0,0,0,0,,
0,4,21,0,,,,,,,,
39,4,22,1,0,0,0,0,0,1,,
0,4,22,0,,,,,,,,
0,4,22,0,,,,,,,,
0,4,23,0,,,,,,,,
52,4,23,2,0,0,0,0,0,0,,
0,4,23,0,,,,,,,,
63,4,24,1,0,0,0,0,,1,,
0,4,24,0,,,,,,,,
0,4,24,0,,,,,,,,
0,4,25,0,,,,,,,,
15,4,25,2,0,1,1,0,,,,
0,4,25,0,,,,,,,,
12,4,26,1,0,0,0,0,0,0,,
0,4,26,0,,,,,,,,
0,4,26,0,,,,,,,,
0,4,27,0,,,,,,,,
67,4,27,2,0,0,0,0,0,1,,
0,4,27,0,,,,,,,,
22,4,28,1,0,1,0,0,0,1,,
0,4,28,0,,,,,,,,
0,4,28,0,,,,,,,,
0,4,29,0,,,,,,,,
41,4,29,2,0,0,0,1,0,1,,
0,4,29,0,,,,,,,,
5,4,30,1,0,0,0,0,0,0,,
0,4,30,0,,,,,,,,
0,4,30,0,,,,,,,,
0,4,31,0,,,,,,,,
48,4,31,2,0,0,0,1,0,0,,
0,4,31,0,,,,,,,,
45,4,32,1,0,0,0,0,0,0,,
0,4,32,0,,,,,,,,
0,4,32,0,,,,,,,,
0,5,1,0,,,,,,,,
0,5,1,0,,,,,,,,
54,5,1,2,0,0,0,0,0,1,,
38,5,2,1,0,0,0,0,,1,,
0,5,2,0,,,,,,,,
0,5,2,0,,,,,,,,
0,5,3,0,,,,,,,,
0,5,3,0,,,,,,,,
11,5,3,2,0,0,0,0,0,0,,
43,5,4,1,0,0,0,0,0,0,,
0,5,4,0,,,,,,,,
0,5,4,0,,,,,,,,
0,5,5,0,,,,,,,,
0,5,5,0,,,,,,,,
56,5,5,2,0,0,0,0,0,1,,
40,5,6,1,0,0,0,0,0,1,,
0,5,6,0,,,,,,,,
0,5,6,0,,,,,,,,
0,5,7,0,,,,,,,,
0,5,7,0,,,,,,,,
36,5,7,2,0,0,1,0,0,0,,
31,5,8,1,0,1,0,0,0,0,,
0,5,8,0,,,,,,,,
0,5,8,0,,,,,,,,
0,5,9,0,,,,,,,,
0,5,9,0,,,,,,,,
60,5,9,2,0,0,0,0,0,1,,
22,5,10,1,0,0,0,0,0,1,,
0,5,10,0,,,,,,,,
0,5,10,0,,,,,,,,
0,5,11,0,,,,,,,,
46,5,11,2,0,0,1,0,1,1,,
0,5,11,0,,,,,,,,
18,5,12,1,0,0,0,0,,0,1,
0,5,12,0,,,,,,,,
0,5,12,0,,,,,,,,
0,5,13,0,,,,,,,,
29,5,13,2,0,0,0,0,0,1,,
0,5,13,0,,,,,,,,
35,5,14,1,0,0,0,0,0,0,,
0,5,14,0,,,,,,,,
0,5,14,0,,,,,,,,
0,5,15,0,,,,,,,,
68,5,15,2,0,0,1,0,0,1,,
0,5,15,0,,,,,,,,
15,5,16,1,0,0,0,0,1,1,,
0,5,16,0,,,,,,,,
0,5,16,0,,,,,,,,
0,5,17,0,,,,,,,,
28,5,17,2,0,0,0,0,0,1,,
0,5,17,0,,,,,,,,
47,5,18,1,0,0,0,0,0,0,,
0,5,18,0,,,,,,,,
0,5,18,0,,,,,,,,
0,5,19,0,,,,,,,,
34,5,19,2,0,0,0,0,0,0,,
0,5,19,0,,,,,,,,
16,5,20,1,0,0,0,0,0,1,,
0,5,20,0,,,,,,,,
0,5,20,0,,,,,,,,
0,5,21,0,,,,,,,,
7,5,21,2,0,0,0,0,0,1,,
0,5,21,0,,,,,,,,
21,5,22,1,,,,,1,1,,
0,5,22,0,,,,,,,,
0,5,22,0,,,,,,,,
0,5,23,0,,,,,,,,
25,5,23,2,0,0,0,0,0,1,,
0,5,23,0,,,,,,,,
45,5,24,1,0,0,0,0,1,1,,
0,5,24,0,,,,,,,,
0,5,24,0,,,,,,,,
0,5,25,0,,,,,,,,
30,5,25,2,0,0,0,0,0,1,,
0,5,25,0,,,,,,,,
53,5,26,1,0,0,0,0,1,1,,
0,5,26,0,,,,,,,,
0,5,26,0,,,,,,,,
0,5,27,0,,,,,,,,
8,5,27,2,0,0,0,0,0,1,,
0,5,27,0,,,,,,,,
51,5,28,1,0,0,0,0,,1,,
0,5,28,0,,,,,,,,
0,5,28,0,,,,,,,,
0,5,29,0,,,,,,,,
63,5,29,2,0,0,1,0,0,0,,
0,5,29,0,,,,,,,,
24,5,30,1,0,1,0,0,,1,,
0,5,30,0,,,,,,,,
0,5,30,0,,,,,,,,
0,5,31,0,,,,,,,,
6,5,31,2,0,0,0,1,1,0,,
0,5,31,0,,,,,,,,
14,5,32,1,0,0,0,0,0,1,,
0,5,32,0,,,,,,,,
0,5,32,0,,,,,,,,
0,6,1,0,,,,,,,,
0,6,1,0,,,,,,,,
57,6,1,2,0,0,0,0,1,0,,
43,6,2,1,0,0,1,0,0,0,1,
0,6,2,0,,,,,,,,
0,6,2,0,,,,,,,,
0,6,3,0,,,,,,,,
0,6,3,0,,,,,,,,
36,6,3,2,0,1,0,1,,1,,
66,6,4,1,0,0,1,0,0,0,,
0,6,4,0,,,,,,,,
0,6,4,0,,,,,,,,
0,6,5,0,,,,,,,,
0,6,5,0,,,,,,,,
51,6,5,2,0,1,0,0,0,0,,
64,6,6,1,0,0,1,1,0,0,,
0,6,6,0,,,,,,,,
0,6,6,0,,,,,,,,
0,6,7,0,,,,,,,,
0,6,7,0,,,,,,,,
68,6,7,2,0,0,0,0,1,1,,
17,6,8,1,0,1,1,1,0,1,,
0,6,8,0,,,,,,,,
0,6,8,0,,,,,,,,
0,6,9,0,,,,,,,,
0,6,9,0,,,,,,,,
15,6,9,2,0,1,1,0,1,1,,
22,6,10,1,0,0,1,0,0,1,,
0,6,10,0,,,,,,,,
0,6,10,0,,,,,,,,
0,6,11,0,,,,,,,,
40,6,11,2,,1,0,0,0,0,,
0,6,11,0,,,,,,,,
21,6,12,1,0,1,1,1,,1,,
0,6,12,0,,,,,,,,
0,6,12,0,,,,,,,,
0,6,13,0,,,,,,,,
46,6,13,2,0,,1,0,0,0,,
0,6,13,0,,,,,,,,
38,6,14,1,0,0,0,0,1,1,1,
0,6,14,0,,,,,,,,
0,6,14,0,,,,,,,,
0,6,15,0,,,,,,,,
8,6,15,2,0,0,1,0,1,1,,
0,6,15,0,,,,,,,,
19,6,16,1,0,0,0,0,0,1,,
0,6,16,0,,,,,,,,
0,6,16,0,,,,,,,,
0,6,17,0,,,,,,,,
27,6,17,2,0,1,1,1,1,1,,
0,6,17,0,,,,,,,,
28,6,18,1,0,0,1,1,,1,,
0,6,18,0,,,,,,,,
0,6,18,0,,,,,,,,
0,6,19,0,,,,,,,,
62,6,19,2,0,0,1,,1,1,,
0,6,19,0,,,,,,,,
42,6,20,1,0,0,1,1,0,1,,
0,6,20,0,,,,,,,,
0,6,20,0,,,,,,,,
0,6,21,0,,,,,,,,
33,6,21,2,0,0,0,1,1,1,,
0,6,21,0,,,,,,,,
53,6,22,1,0,1,0,0,0,0,,
0,6,22,0,,,,,,,,
0,6,22,0,,,,,,,,
0,6,23,0,,,,,,,,
54,6,23,2,0,0,1,0,1,1,,
0,6,23,0,,,,,,,,
13,6,24,1,0,0,1,0,,1,,
0,6,24,0,,,,,,,,
0,6,24,0,,,,,,,,
0,6,25,0,,,,,,,,
12,6,25,2,0,0,,1,1,0,,
0,6,25,0,,,,,,,,
45,6,26,1,0,0,1,0,1,1,,
0,6,26,0,,,,,,,,
0,6,26,0,,,,,,,,
0,6,27,0,,,,,,,,
61,6,27,2,0,0,1,0,0,0,,
0,6,27,0,,,,,,,,
14,6,28,1,0,1,0,0,0,1,,
0,6,28,0,,,,,,,,
0,6,28,0,,,,,,,,
0,6,29,0,,,,,,,,
7,6,29,2,0,0,,1,,1,,
0,6,29,0,,,,,,,,
63,6,30,1,0,1,0,1,0,1,,
0,6,30,0,,,,,,,,
0,6,30,0,,,,,,,,
0,6,31,0,,,,,,,,
6,6,31,2,0,1,0,0,1,1,,
0,6,31,0,,,,,,,,
56,6,32,1,0,0,1,0,0,0,1,
0,6,32,0,,,,,,,,
0,6,32,0,,,,,,,,
0,7,1,0,,,,,,,,
0,7,1,0,,,,,,,,
43,7,1,2,0,0,0,0,,1,,
12,7,2,1,0,1,0,0,0,1,,
0,7,2,0,,,,,,,,
0,7,2,0,,,,,,,,
0,7,3,0,,,,,,,,
0,7,3,0,,,,,,,,
35,7,3,2,0,0,0,0,,1,,
21,7,4,1,0,0,0,,1,0,,
0,7,4,0,,,,,,,,
0,7,4,0,,,,,,,,
0,7,5,0,,,,,,,,
0,7,5,0,,,,,,,,
46,7,5,2,0,0,0,0,0,0,,
6,7,6,1,0,0,0,1,1,1,,
0,7,6,0,,,,,,,,
0,7,6,0,,,,,,,,
0,7,7,0,,,,,,,,
0,7,7,0,,,,,,,,
29,7,7,2,0,0,,1,0,0,,
17,7,8,1,0,0,0,1,0,0,,
0,7,8,0,,,,,,,,
0,7,8,0,,,,,,,,
0,7,9,0,,,,,,,,
0,7,9,0,,,,,,,,
23,7,9,2,0,0,1,0,1,1,,
49,7,10,1,0,1,1,0,0,0,,
0,7,10,0,,,,,,,,
0,7,10,0,,,,,,,,
0,7,11,0,,,,,,,,
45,7,11,2,0,0,1,1,0,1,,
0,7,11,0,,,,,,,,
10,7,12,1,0,0,,1,1,1,,
0,7,12,0,,,,,,,,
0,7,12,0,,,,,,,,
0,7,13,0,,,,,,,,
37,7,13,2,0,1,0,0,0,1,,
0,7,13,0,,,,,,,,
19,7,14,1,0,0,0,0,0,0,,
0,7,14,0,,,,,,,,
0,7,14,0,,,,,,,,
0,7,15,0,,,,,,,,
26,7,15,2,0,0,1,0,1,1,,
0,7,15,0,,,,,,,,
31,7,16,1,0,0,0,0,0,0,,
0,7,16,0,,,,,,,,
0,7,16,0,,,,,,,,
0,7,17,0,,,,,,,,
58,7,17,2,0,1,0,0,0,0,,
0,7,17,0,,,,,,,,
28,7,18,1,0,,1,1,1,1,,
0,7,18,0,,,,,,,,
0,7,18,0,,,,,,,,
0,7,19,0,,,,,,,,
56,7,19,2,0,,1,0,0,0,,
0,7,19,0,,,,,,,,
16,7,20,1,0,1,1,0,0,0,,
0,7,20,0,,,,,,,,
0,7,20,0,,,,,,,,
0,7,21,0,,,,,,,,
42,7,21,2,0,0,0,0,,1,,
0,7,21,0,,,,,,,,
27,7,22,1,0,0,0,1,0,1,,
0,7,22,0,,,,,,,,
0,7,22,0,,,,,,,,
0,7,23,0,,,,,,,,
59,7,23,2,0,0,0,0,0,0,,
0,7,23,0,,,,,,,,
20,7,24,1,0,0,0,0,,1,,
0,7,24,0,,,,,,,,
0,7,24,0,,,,,,,,
0,7,25,0,,,,,,,,
40,7,25,2,0,0,0,0,0,0,,
0,7,25,0,,,,,,,,
60,7,26,1,0,0,0,0,0,0,,
0,7,26,0,,,,,,,,
0,7,26,0,,,,,,,,
0,7,27,0,,,,,,,,
11,7,27,2,0,0,0,1,0,1,,
0,7,27,0,,,,,,,,
48,7,28,1,0,0,0,0,0,0,,
0,7,28,0,,,,,,,,
0,7,28,0,,,,,,,,
0,7,29,0,,,,,,,,
65,7,29,2,0,,1,0,0,1,,
0,7,29,0,,,,,,,,
52,7,30,1,0,1,0,0,0,0,,
0,7,30,0,,,,,,,,
0,7,30,0,,,,,,,,
0,7,31,0,,,,,,,,
57,7,31,2,0,0,0,0,0,1,,
0,7,31,0,,,,,,,,
32,7,32,1,0,0,0,0,0,0,,
0,7,32,0,,,,,,,,
0,7,32,0,,,,,,,,
0,8,1,0,,,,,,,,
0,8,1,0,,,,,,,,
26,8,1,2,0,0,1,1,1,,,
63,8,2,1,0,0,1,0,0,1,,
0,8,2,0,,,,,,,,
0,8,2,0,,,,,,,,
0,8,3,0,,,,,,,,
0,8,3,0,,,,,,,,
42,8,3,2,0,0,1,1,1,,,
48,8,4,1,0,0,1,0,0,1,,
0,8,4,0,,,,,,,,
0,8,4,0,,,,,,,,
0,8,5,0,,,,,,,,
0,8,5,0,,,,,,,,
38,8,5,2,0,0,0,1,1,1,,
52,8,6,1,0,0,0,0,0,1,,
0,8,6,0,,,,,,,,
0,8,6,0,,,,,,,,
0,8,7,0,,,,,,,,
0,8,7,0,,,,,,,,
32,8,7,2,0,0,1,1,1,0,,
35,8,8,1,0,1,0,0,1,1,,
0,8,8,0,,,,,,,,
0,8,8,0,,,,,,,,
0,8,9,0,,,,,,,,
0,8,9,0,,,,,,,,
28,8,9,2,0,0,1,1,1,1,,
15,8,10,1,0,0,0,0,0,1,,
0,8,10,0,,,,,,,,
0,8,10,0,,,,,,,,
0,8,11,0,,,,,,,,
30,8,11,2,0,0,0,1,0,0,,
0,8,11,0,,,,,,,,
41,8,12,1,0,0,1,1,1,0,1,
0,8,12,0,,,,,,,,
0,8,12,0,,,,,,,,
0,8,13,0,,,,,,,,
57,8,13,2,0,0,0,0,,1,,
0,8,13,0,,,,,,,,
8,8,14,1,0,0,0,1,1,0,,
0,8,14,0,,,,,,,,
0,8,14,0,,,,,,,,
0,8,15,0,,,,,,,,
34,8,15,2,0,0,1,1,1,1,,
0,8,15,0,,,,,,,,
9,8,16,1,0,0,1,1,0,0,,
0,8,16,0,,,,,,,,
0,8,16,0,,,,,,,,
0,8,17,0,,,,,,,,
40,8,17,2,0,0,1,1,1,1,,
0,8,17,0,,,,,,,,
7,8,18,1,0,1,0,0,1,1,,
0,8,18,0,,,,,,,,
0,8,18,0,,,,,,,,
0,8,19,0,,,,,,,,
60,8,19,2,0,0,0,0,0,0,,
0,8,19,0,,,,,,,,
54,8,20,1,0,0,0,0,0,1,,
0,8,20,0,,,,,,,,
0,8,20,0,,,,,,,,
0,8,21,0,,,,,,,,
64,8,21,2,0,0,0,0,0,0,,
0,8,21,0,,,,,,,,
66,8,22,1,0,0,0,0,1,0,,
0,8,22,0,,,,,,,,
0,8,22,0,,,,,,,,
0,8,23,0,,,,,,,,
11,8,23,2,0,,1,0,0,0,,
0,8,23,0,,,,,,,,
31,8,24,1,0,1,1,0,1,1,,
0,8,24,0,,,,,,,,
0,8,24,0,,,,,,,,
0,8,25,0,,,,,,,,
10,8,25,2,0,0,1,1,0,1,,
0,8,25,0,,,,,,,,
6,8,26,1,0,0,0,0,0,1,,
0,8,26,0,,,,,,,,
0,8,26,0,,,,,,,,
0,8,27,0,,,,,,,,
23,8,27,2,0,1,1,1,1,1,,
0,8,27,0,,,,,,,,
51,8,28,1,0,0,0,0,,1,,
0,8,28,0,,,,,,,,
0,8,28,0,,,,,,,,
0,8,29,0,,,,,,,,
49,8,29,2,0,0,0,0,0,1,,
0,8,29,0,,,,,,,,
44,8,30,1,0,0,1,1,1,1,,
0,8,30,0,,,,,,,,
0,8,30,0,,,,,,,,
0,8,31,0,,,,,,,,
62,8,31,2,0,0,0,0,0,1,,
0,8,31,0,,,,,,,,
19,8,32,1,0,0,1,1,1,1,,
0,8,32,0,,,,,,,,
0,8,32,0,,,,,,,,
0,9,1,0,,,,,,,,
0,9,1,0,,,,,,,,
57,9,1,2,0,1,1,0,,0,,
20,9,2,1,0,1,1,1,1,1,,
0,9,2,0,,,,,,,,
0,9,2,0,,,,,,,,
0,9,3,0,,,,,,,,
0,9,3,0,,,,,,,,
28,9,3,2,0,1,1,1,1,1,,
6,9,4,1,0,0,1,0,1,1,,
0,9,4,0,,,,,,,,
0,9,4,0,,,,,,,,
0,9,5,0,,,,,,,,
0,9,5,0,,,,,,,,
64,9,5,2,0,1,1,1,1,1,,
14,9,6,1,0,0,1,1,1,1,,
0,9,6,0,,,,,,,,
0,9,6,0,,,,,,,,
0,9,7,0,,,,,,,,
0,9,7,0,,,,,,,,
18,9,7,2,0,1,0,0,0,0,,
50,9,8,1,0,0,1,0,1,1,,
0,9,8,0,,,,,,,,
0,9,8,0,,,,,,,,
0,9,9,0,,,,,,,,
0,9,9,0,,,,,,,,
48,9,9,2,0,0,1,1,0,1,,
9,9,10,1,0,1,1,1,1,1,,
0,9,10,0,,,,,,,,
0,9,10,0,,,,,,,,
0,9,11,0,,,,,,,,
44,9,11,2,,1,1,1,1,1,,
0,9,11,0,,,,,,,,
39,9,12,1,0,0,1,1,1,1,,
0,9,12,0,,,,,,,,
0,9,12,0,,,,,,,,
0,9,13,0,,,,,,,,
12,9,13,2,0,1,1,1,1,1,,
0,9,13,0,,,,,,,,
56,9,14,1,0,1,1,1,1,,1,
0,9,14,0,,,,,,,,
0,9,14,0,,,,,,,,
0,9,15,0,,,,,,,,
47,9,15,2,0,0,1,1,1,1,,
0,9,15,0,,,,,,,,
45,9,16,1,0,1,1,1,0,1,,
0,9,16,0,,,,,,,,
0,9,16,0,,,,,,,,
0,9,17,0,,,,,,,,
59,9,17,2,0,1,,1,0,1,,
0,9,17,0,,,,,,,,
11,9,18,1,0,1,1,1,1,0,,
0,9,18,0,,,,,,,,
0,9,18,0,,,,,,,,
0,9,19,0,,,,,,,,
34,9,19,2,0,0,1,0,1,0,,
0,9,19,0,,,,,,,,
42,9,20,1,0,1,1,1,1,1,,
0,9,20,0,,,,,,,,
0,9,20,0,,,,,,,,
0,9,21,0,,,,,,,,
17,9,21,2,0,,1,1,1,,,
0,9,21,0,,,,,,,,
27,9,22,1,0,0,1,1,1,1,,
0,9,22,0,,,,,,,,
0,9,22,0,,,,,,,,
0,9,23,0,,,,,,,,
46,9,23,2,0,1,1,1,1,,1,
0,9,23,0,,,,,,,,
36,9,24,1,0,0,1,1,1,1,,
0,9,24,0,,,,,,,,
0,9,24,0,,,,,,,,
0,9,25,0,,,,,,,,
43,9,25,2,0,1,1,1,1,1,,
0,9,25,0,,,,,,,,
32,9,26,1,0,0,1,1,1,1,,
0,9,26,0,,,,,,,,
0,9,26,0,,,,,,,,
0,9,27,0,,,,,,,,
62,9,27,2,0,1,1,1,1,1,,
0,9,27,0,,,,,,,,
33,9,28,1,0,0,0,0,1,1,,
0,9,28,0,,,,,,,,
0,9,28,0,,,,,,,,
0,9,29,0,,,,,,,,
52,9,29,2,0,1,1,1,1,0,,
0,9,29,0,,,,,,,,
30,9,30,1,0,,1,1,1,0,,
0,9,30,0,,,,,,,,
0,9,30,0,,,,,,,,
0,9,31,0,,,,,,,,
16,9,31,2,0,0,1,1,0,1,,
0,9,31,0,,,,,,,,
35,9,32,1,0,0,0,0,1,0,,
0,9,32,0,,,,,,,,
0,9,32,0,,,,,,,,
0,10,1,0,,,,,,,,
0,10,1,0,,,,,,,,
5,10,1,2,0,1,,1,,1,,
62,10,2,1,0,0,0,0,,1,,
0,10,2,0,,,,,,,,
0,10,2,0,,,,,,,,
0,10,3,0,,,,,,,,
0,10,3,0,,,,,,,,
36,10,3,2,0,1,0,0,,1,,
53,10,4,1,0,1,0,0,1,1,,
0,10,4,0,,,,,,,,
0,10,4,0,,,,,,,,
0,10,5,0,,,,,,,,
0,10,5,0,,,,,,,,
44,10,5,2,0,0,0,0,0,1,,
20,10,6,1,0,0,0,1,0,1,,
0,10,6,0,,,,,,,,
0,10,6,0,,,,,,,,
0,10,7,0,,,,,,,,
0,10,7,0,,,,,,,,
47,10,7,2,0,0,1,0,0,1,,
24,10,8,1,0,1,0,1,1,,,
0,10,8,0,,,,,,,,
0,10,8,0,,,,,,,,
0,10,9,0,,,,,,,,
0,10,9,0,,,,,,,,
11,10,9,2,0,0,0,1,,1,,
56,10,10,1,0,0,1,0,0,1,,
0,10,10,0,,,,,,,,
0,10,10,0,,,,,,,,
0,10,11,0,,,,,,,,
8,10,11,2,0,0,1,0,0,1,,
0,10,11,0,,,,,,,,
17,10,12,1,0,0,1,0,,0,,
0,10,12,0,,,,,,,,
0,10,12,0,,,,,,,,
0,10,13,0,,,,,,,,
34,10,13,2,0,1,1,1,,1,,
0,10,13,0,,,,,,,,
15,10,14,1,,1,0,1,1,0,,
0,10,14,0,,,,,,,,
0,10,14,0,,,,,,,,
0,10,15,0,,,,,,,,
66,10,15,2,0,0,1,0,1,0,,
0,10,15,0,,,,,,,,
18,10,16,1,0,0,1,0,0,0,,
0,10,16,0,,,,,,,,
0,10,16,0,,,,,,,,
0,10,17,0,,,,,,,,
29,10,17,2,0,0,1,1,1,0,,
0,10,17,0,,,,,,,,
10,10,18,1,0,0,0,1,0,1,,
0,10,18,0,,,,,,,,
0,10,18,0,,,,,,,,
0,10,19,0,,,,,,,,
39,10,19,2,0,1,0,0,0,0,,
0,10,19,0,,,,,,,,
40,10,20,1,0,0,0,0,0,0,,
0,10,20,0,,,,,,,,
0,10,20,0,,,,,,,,
0,10,21,0,,,,,,,,
16,10,21,2,0,1,1,0,1,0,,
0,10,21,0,,,,,,,,
33,10,22,1,0,0,0,1,0,0,,
0,10,22,0,,,,,,,,
0,10,22,0,,,,,,,,
0,10,23,0,,,,,,,,
27,10,23,2,0,0,,1,0,1,,
0,10,23,0,,,,,,,,
9,10,24,1,0,0,0,0,,1,,
0,10,24,0,,,,,,,,
0,10,24,0,,,,,,,,
0,10,25,0,,,,,,,,
58,10,25,2,0,1,0,0,,1,,
0,10,25,0,,,,,,,,
31,10,26,1,0,0,0,,1,1,,
0,10,26,0,,,,,,,,
0,10,26,0,,,,,,,,
0,10,27,0,,,,,,,,
65,10,27,2,0,0,1,0,0,0,,
0,10,27,0,,,,,,,,
38,10,28,1,0,1,0,0,0,1,,
0,10,28,0,,,,,,,,
0,10,28,0,,,,,,,,
0,10,29,0,,,,,,,,
7,10,29,2,0,0,1,0,1,0,,
0,10,29,0,,,,,,,,
32,10,30,1,0,0,0,0,0,1,,
0,10,30,0,,,,,,,,
0,10,30,0,,,,,,,,
0,10,31,0,,,,,,,,
23,10,31,2,0,0,0,0,0,1,,
0,10,31,0,,,,,,,,
64,10,32,1,0,0,1,1,1,0,,
0,10,32,0,,,,,,,,
0,10,32,0,,,,,,,,
0,11,1,0,,,,,,,,
0,11,1,0,,,,,,,,
13,11,1,2,0,0,1,0,0,1,,
34,11,2,1,0,0,0,0,0,1,,
0,11,2,0,,,,,,,,
0,11,2,0,,,,,,,,
0,11,3,0,,,,,,,,
0,11,3,0,,,,,,,,
11,11,3,2,0,0,0,0,,1,,
26,11,4,1,0,1,1,0,1,0,,
0,11,4,0,,,,,,,,
0,11,4,0,,,,,,,,
0,11,5,0,,,,,,,,
0,11,5,0,,,,,,,,
19,11,5,2,0,0,1,0,0,0,,
54,11,6,1,0,0,0,0,0,1,,
0,11,6,0,,,,,,,,
0,11,6,0,,,,,,,,
0,11,7,0,,,,,,,,
0,11,7,0,,,,,,,,
36,11,7,2,0,0,1,0,1,1,,
31,11,8,1,0,0,0,0,0,1,,
0,11,8,0,,,,,,,,
0,11,8,0,,,,,,,,
0,11,9,0,,,,,,,,
0,11,9,0,,,,,,,,
43,11,9,2,0,0,1,0,1,1,,
38,11,10,1,0,1,0,0,0,1,,
0,11,10,0,,,,,,,,
0,11,10,0,,,,,,,,
0,11,11,0,,,,,,,,
52,11,11,2,0,0,0,0,0,1,,
0,11,11,0,,,,,,,,
25,11,12,1,0,1,0,0,,1,,
0,11,12,0,,,,,,,,
0,11,12,0,,,,,,,,
0,11,13,0,,,,,,,,
68,11,13,2,0,0,0,0,0,1,,
0,11,13,0,,,,,,,,
50,11,14,1,0,1,0,0,1,1,,
0,11,14,0,,,,,,,,
0,11,14,0,,,,,,,,
0,11,15,0,,,,,,,,
53,11,15,2,0,0,0,0,1,1,,
0,11,15,0,,,,,,,,
63,11,16,1,0,0,0,0,0,0,,
0,11,16,0,,,,,,,,
0,11,16,0,,,,,,,,
0,11,17,0,,,,,,,,
22,11,17,2,0,0,0,0,0,1,,
0,11,17,0,,,,,,,,
21,11,18,1,0,0,0,0,0,1,,
0,11,18,0,,,,,,,,
0,11,18,0,,,,,,,,
0,11,19,0,,,,,,,,
59,11,19,2,0,0,0,0,0,1,,
0,11,19,0,,,,,,,,
10,11,20,1,,1,0,1,0,0,,
0,11,20,0,,,,,,,,
0,11,20,0,,,,,,,,
0,11,21,0,,,,,,,,
23,11,21,2,0,0,0,0,1,1,,
0,11,21,0,,,,,,,,
57,11,22,1,0,1,1,1,1,1,,
0,11,22,0,,,,,,,,
0,11,22,0,,,,,,,,
0,11,23,0,,,,,,,,
18,11,23,2,0,0,0,0,0,1,,
0,11,23,0,,,,,,,,
65,11,24,1,0,0,0,1,,1,,
0,11,24,0,,,,,,,,
0,11,24,0,,,,,,,,
0,11,25,0,,,,,,,,
49,11,25,2,0,0,0,0,0,1,,
0,11,25,0,,,,,,,,
56,11,26,1,0,0,0,1,0,1,,
0,11,26,0,,,,,,,,
0,11,26,0,,,,,,,,
0,11,27,0,,,,,,,,
33,11,27,2,0,0,1,0,0,1,,
0,11,27,0,,,,,,,,
47,11,28,1,0,0,0,0,1,0,,
0,11,28,0,,,,,,,,
0,11,28,0,,,,,,,,
0,11,29,0,,,,,,,,
24,11,29,2,,1,1,1,1,1,,
0,11,29,0,,,,,,,,
60,11,30,1,0,0,0,0,0,0,,
0,11,30,0,,,,,,,,
0,11,30,0,,,,,,,,
0,11,31,0,,,,,,,,
30,11,31,2,,1,0,1,0,1,,
0,11,31,0,,,,,,,,
17,11,32,1,0,0,0,1,0,1,,
0,11,32,0,,,,,,,,
0,11,32,0,,,,,,,,
0,12,1,0,,,,,,,,
0,12,1,0,,,,,,,,
24,12,1,2,0,0,0,0,,1,1,
62,12,2,1,0,0,0,0,0,1,,
0,12,2,0,,,,,,,,
0,12,2,0,,,,,,,,
0,12,3,0,,,,,,,,
0,12,3,0,,,,,,,,
28,12,3,2,0,0,0,0,,1,,
9,12,4,1,0,0,0,0,0,1,,
0,12,4,0,,,,,,,,
0,12,4,0,,,,,,,,
0,12,5,0,,,,,,,,
0,12,5,0,,,,,,,,
30,12,5,2,0,1,,1,1,1,,
18,12,6,1,0,0,0,0,0,1,,
0,12,6,0,,,,,,,,
0,12,6,0,,,,,,,,
0,12,7,0,,,,,,,,
0,12,7,0,,,,,,,,
36,12,7,2,0,0,1,1,0,1,,
53,12,8,1,0,1,0,0,0,1,,
0,12,8,0,,,,,,,,
0,12,8,0,,,,,,,,
0,12,9,0,,,,,,,,
0,12,9,0,,,,,,,,
60,12,9,2,0,0,0,1,1,0,,
32,12,10,1,0,0,0,0,0,0,,
0,12,10,0,,,,,,,,
0,12,10,0,,,,,,,,
0,12,11,0,,,,,,,,
7,12,11,2,0,0,1,,1,1,,
0,12,11,0,,,,,,,,
69,12,12,1,0,0,1,1,0,1,,
0,12,12,0,,,,,,,,
0,12,12,0,,,,,,,,
0,12,13,0,,,,,,,,
38,12,13,2,0,,1,1,0,1,,
0,12,13,0,,,,,,,,
11,12,14,1,0,1,0,0,0,1,,
0,12,14,0,,,,,,,,
0,12,14,0,,,,,,,,
0,12,15,0,,,,,,,,
64,12,15,2,0,0,0,0,1,1,,
0,12,15,0,,,,,,,,
14,12,16,1,,1,1,0,0,1,,
0,12,16,0,,,,,,,,
0,12,16,0,,,,,,,,
0,12,17,0,,,,,,,,
20,12,17,2,0,1,0,0,1,0,,
0,12,17,0,,,,,,,,
68,12,18,1,0,0,0,0,0,1,,
0,12,18,0,,,,,,,,
0,12,18,0,,,,,,,,
0,12,19,0,,,,,,,,
49,12,19,2,0,0,1,0,0,1,,
0,12,19,0,,,,,,,,
70,12,20,1,0,0,,1,0,0,,
0,12,20,0,,,,,,,,
0,12,20,0,,,,,,,,
0,12,21,0,,,,,,,,
6,12,21,2,0,0,0,0,0,1,,
0,12,21,0,,,,,,,,
51,12,22,1,0,0,1,0,1,1,,
0,12,22,0,,,,,,,,
0,12,22,0,,,,,,,,
0,12,23,0,,,,,,,,
48,12,23,2,0,1,0,0,0,1,,
0,12,23,0,,,,,,,,
26,12,24,1,0,0,0,0,,1,,
0,12,24,0,,,,,,,,
0,12,24,0,,,,,,,,
0,12,25,0,,,,,,,,
8,12,25,2,0,0,0,0,,1,,
0,12,25,0,,,,,,,,
42,12,26,1,0,0,,1,0,1,,
0,12,26,0,,,,,,,,
0,12,26,0,,,,,,,,
0,12,27,0,,,,,,,,
67,12,27,2,0,0,1,0,1,1,,
0,12,27,0,,,,,,,,
39,12,28,1,0,0,0,0,,1,,
0,12,28,0,,,,,,,,
0,12,28,0,,,,,,,,
0,12,29,0,,,,,,,,
23,12,29,2,0,1,1,,1,0,1,
0,12,29,0,,,,,,,,
40,12,30,1,0,0,0,0,0,1,,
0,12,30,0,,,,,,,,
0,12,30,0,,,,,,,,
0,12,31,0,,,,,,,,
55,12,31,2,0,0,0,0,1,0,,
0,12,31,0,,,,,,,,
41,12,32,1,0,0,0,0,0,,1,
0,12,32,0,,,,,,,,
0,12,32,0,,,,,,,,
0,13,1,0,,,,,,,,
0,13,1,0,,,,,,,,
64,13,1,2,0,0,0,0,,1,,
56,13,2,1,0,1,1,1,0,1,,
0,13,2,0,,,,,,,,
0,13,2,0,,,,,,,,
0,13,3,0,,,,,,,,
0,13,3,0,,,,,,,,
22,13,3,2,0,0,0,0,,1,,
53,13,4,1,0,1,0,0,0,1,,
0,13,4,0,,,,,,,,
0,13,4,0,,,,,,,,
0,13,5,0,,,,,,,,
0,13,5,0,,,,,,,,
60,13,5,2,0,0,0,0,0,1,,
43,13,6,1,0,0,0,0,0,0,,
0,13,6,0,,,,,,,,
0,13,6,0,,,,,,,,
0,13,7,0,,,,,,,,
0,13,7,0,,,,,,,,
30,13,7,2,0,0,0,0,0,1,,
48,13,8,1,0,0,0,0,0,0,,
0,13,8,0,,,,,,,,
0,13,8,0,,,,,,,,
0,13,9,0,,,,,,,,
0,13,9,0,,,,,,,,
18,13,9,2,0,0,0,1,0,1,,
45,13,10,1,0,0,0,0,0,1,,
0,13,10,0,,,,,,,,
0,13,10,0,,,,,,,,
0,13,11,0,,,,,,,,
58,13,11,2,0,0,1,0,0,1,,
0,13,11,0,,,,,,,,
29,13,12,1,0,0,1,1,1,1,,
0,13,12,0,,,,,,,,
0,13,12,0,,,,,,,,
0,13,13,0,,,,,,,,
50,13,13,2,0,0,0,0,0,1,,
0,13,13,0,,,,,,,,
35,13,14,1,0,0,0,0,1,1,,
0,13,14,0,,,,,,,,
0,13,14,0,,,,,,,,
0,13,15,0,,,,,,,,
47,13,15,2,0,0,1,0,0,1,,
0,13,15,0,,,,,,,,
17,13,16,1,0,0,1,1,0,1,,
0,13,16,0,,,,,,,,
0,13,16,0,,,,,,,,
0,13,17,0,,,,,,,,
38,13,17,2,0,0,0,0,0,1,,
0,13,17,0,,,,,,,,
51,13,18,1,0,0,1,1,0,0,,
0,13,18,0,,,,,,,,
0,13,18,0,,,,,,,,
0,13,19,0,,,,,,,,
9,13,19,2,0,0,1,0,0,0,,
0,13,19,0,,,,,,,,
55,13,20,1,0,0,0,0,0,1,,
0,13,20,0,,,,,,,,
0,13,20,0,,,,,,,,
0,13,21,0,,,,,,,,
14,13,21,2,0,0,0,0,0,0,,
0,13,21,0,,,,,,,,
37,13,22,1,0,0,0,0,1,1,,
0,13,22,0,,,,,,,,
0,13,22,0,,,,,,,,
0,13,23,0,,,,,,,,
5,13,23,2,,1,0,0,0,0,,
0,13,23,0,,,,,,,,
7,13,24,1,0,0,0,0,,1,,
0,13,24,0,,,,,,,,
0,13,24,0,,,,,,,,
0,13,25,0,,,,,,,,
59,13,25,2,0,0,0,0,0,1,,
0,13,25,0,,,,,,,,
8,13,26,1,0,0,1,0,0,1,,
0,13,26,0,,,,,,,,
0,13,26,0,,,,,,,,
0,13,27,0,,,,,,,,
6,13,27,2,0,0,0,0,0,1,,
0,13,27,0,,,,,,,,
15,13,28,1,0,0,0,1,0,1,,
0,13,28,0,,,,,,,,
0,13,28,0,,,,,,,,
0,13,29,0,,,,,,,,
12,13,29,2,0,0,1,0,0,1,,
0,13,29,0,,,,,,,,
26,13,30,1,0,0,0,1,1,1,,
0,13,30,0,,,,,,,,
0,13,30,0,,,,,,,,
0,13,31,0,,,,,,,,
36,13,31,2,0,0,0,0,0,1,,
0,13,31,0,,,,,,,,
28,13,32,1,0,0,0,1,0,1,,
0,13,32,0,,,,,,,,
0,13,32,0,,,,,,,,
0,14,1,0,,,,,,,,
0,14,1,0,,,,,,,,
26,14,1,2,0,0,1,1,,1,,
39,14,2,1,0,1,1,1,1,1,,
0,14,2,0,,,,,,,,
0,14,2,0,,,,,,,,
0,14,3,0,,,,,,,,
0,14,3,0,,,,,,,,
16,14,3,2,0,1,1,0,,1,,
66,14,4,1,0,1,1,1,0,1,,
0,14,4,0,,,,,,,,
0,14,4,0,,,,,,,,
0,14,5,0,,,,,,,,
0,14,5,0,,,,,,,,
54,14,5,2,0,1,1,1,1,0,,
37,14,6,1,0,0,1,0,0,0,,
0,14,6,0,,,,,,,,
0,14,6,0,,,,,,,,
0,14,7,0,,,,,,,,
0,14,7,0,,,,,,,,
11,14,7,2,0,0,1,1,1,1,,
50,14,8,1,0,0,0,0,1,1,,
0,14,8,0,,,,,,,,
0,14,8,0,,,,,,,,
0,14,9,0,,,,,,,,
0,14,9,0,,,,,,,,
5,14,9,2,0,0,1,1,1,1,,
60,14,10,1,0,1,1,1,0,1,1,
0,14,10,0,,,,,,,,
0,14,10,0,,,,,,,,
0,14,11,0,,,,,,,,
44,14,11,2,0,1,1,1,0,0,,
0,14,11,0,,,,,,,,
7,14,12,1,0,1,1,0,0,1,,
0,14,12,0,,,,,,,,
0,14,12,0,,,,,,,,
0,14,13,0,,,,,,,,
33,14,13,2,0,1,1,1,1,1,1,
0,14,13,0,,,,,,,,
63,14,14,1,0,0,0,1,1,,1,
0,14,14,0,,,,,,,,
0,14,14,0,,,,,,,,
0,14,15,0,,,,,,,,
48,14,15,2,0,1,1,0,0,0,,
0,14,15,0,,,,,,,,
35,14,16,1,0,0,1,1,0,0,,
0,14,16,0,,,,,,,,
0,14,16,0,,,,,,,,
0,14,17,0,,,,,,,,
59,14,17,2,0,1,1,0,0,1,,
0,14,17,0,,,,,,,,
53,14,18,1,0,1,1,,1,0,,
0,14,18,0,,,,,,,,
0,14,18,0,,,,,,,,
0,14,19,0,,,,,,,,
51,14,19,2,0,1,1,0,0,0,,
0,14,19,0,,,,,,,,
23,14,20,1,0,1,1,0,,1,,
0,14,20,0,,,,,,,,
0,14,20,0,,,,,,,,
0,14,21,0,,,,,,,,
15,14,21,2,0,,1,1,0,0,,
0,14,21,0,,,,,,,,
29,14,22,1,0,1,1,1,1,,,
0,14,22,0,,,,,,,,
0,14,22,0,,,,,,,,
0,14,23,0,,,,,,,,
55,14,23,2,0,0,,1,1,0,1,
0,14,23,0,,,,,,,,
36,14,24,1,0,1,1,1,1,1,,
0,14,24,0,,,,,,,,
0,14,24,0,,,,,,,,
0,14,25,0,,,,,,,,
14,14,25,2,0,1,0,0,0,0,,
0,14,25,0,,,,,,,,
30,14,26,1,0,1,0,0,0,1,,
0,14,26,0,,,,,,,,
0,14,26,0,,,,,,,,
0,14,27,0,,,,,,,,
18,14,27,2,0,0,1,0,1,1,,
0,14,27,0,,,,,,,,
34,14,28,1,0,1,0,1,0,1,,
0,14,28,0,,,,,,,,
0,14,28,0,,,,,,,,
0,14,29,0,,,,,,,,
13,14,29,2,0,1,0,0,1,1,,
0,14,29,0,,,,,,,,
46,14,30,1,0,1,1,0,0,1,,
0,14,30,0,,,,,,,,
0,14,30,0,,,,,,,,
0,14,31,0,,,,,,,,
49,14,31,2,0,1,1,0,1,,1,
0,14,31,0,,,,,,,,
45,14,32,1,0,1,1,1,0,0,,
0,14,32,0,,,,,,,,
0,14,32,0,,,,,,,,
0,15,1,0,,,,,,,,
0,15,1,0,,,,,,,,
63,15,1,2,0,0,0,0,0,0,,
22,15,2,1,0,0,0,0,,1,,
0,15,2,0,,,,,,,,
0,15,2,0,,,,,,,,
0,15,3,0,,,,,,,,
0,15,3,0,,,,,,,,
56,15,3,2,0,0,0,0,,1,,
59,15,4,1,0,0,0,0,1,0,,
0,15,4,0,,,,,,,,
0,15,4,0,,,,,,,,
0,15,5,0,,,,,,,,
0,15,5,0,,,,,,,,
25,15,5,2,0,0,1,0,0,1,,
52,15,6,1,0,0,0,0,0,0,,
0,15,6,0,,,,,,,,
0,15,6,0,,,,,,,,
0,15,7,0,,,,,,,,
0,15,7,0,,,,,,,,
47,15,7,2,0,0,0,0,0,0,,
13,15,8,1,0,0,0,0,0,0,,
0,15,8,0,,,,,,,,
0,15,8,0,,,,,,,,
0,15,9,0,,,,,,,,
0,15,9,0,,,,,,,,
50,15,9,2,0,0,0,0,0,1,,
54,15,10,1,0,0,0,0,1,0,,
0,15,10,0,,,,,,,,
0,15,10,0,,,,,,,,
0,15,11,0,,,,,,,,
66,15,11,2,0,0,1,0,0,1,,
0,15,11,0,,,,,,,,
21,15,12,1,0,0,0,0,,1,,
0,15,12,0,,,,,,,,
0,15,12,0,,,,,,,,
0,15,13,0,,,,,,,,
67,15,13,2,0,,1,0,,1,,
0,15,13,0,,,,,,,,
20,15,14,1,0,0,0,0,0,0,,
0,15,14,0,,,,,,,,
0,15,14,0,,,,,,,,
0,15,15,0,,,,,,,,
36,15,15,2,0,0,1,0,1,0,,
0,15,15,0,,,,,,,,
62,15,16,1,0,1,0,0,0,0,,
0,15,16,0,,,,,,,,
0,15,16,0,,,,,,,,
0,15,17,0,,,,,,,,
24,15,17,2,0,0,1,0,0,0,,
0,15,17,0,,,,,,,,
8,15,18,1,0,0,0,1,0,0,,
0,15,18,0,,,,,,,,
0,15,18,0,,,,,,,,
0,15,19,0,,,,,,,,
15,15,19,2,0,1,0,0,0,0,,
0,15,19,0,,,,,,,,
11,15,20,1,0,0,0,0,0,0,,
0,15,20,0,,,,,,,,
0,15,20,0,,,,,,,,
0,15,21,0,,,,,,,,
17,15,21,2,0,0,0,0,,1,,
0,15,21,0,,,,,,,,
19,15,22,1,0,0,0,0,0,0,,
0,15,22,0,,,,,,,,
0,15,22,0,,,,,,,,
0,15,23,0,,,,,,,,
33,15,23,2,0,0,0,0,0,0,,
0,15,23,0,,,,,,,,
58,15,24,1,0,1,1,0,,1,,
0,15,24,0,,,,,,,,
0,15,24,0,,,,,,,,
0,15,25,0,,,,,,,,
10,15,25,2,0,0,0,0,0,0,,
0,15,25,0,,,,,,,,
65,15,26,1,0,0,0,0,0,0,,
0,15,26,0,,,,,,,,
0,15,26,0,,,,,,,,
0,15,27,0,,,,,,,,
45,15,27,2,0,0,0,0,0,1,,
0,15,27,0,,,,,,,,
39,15,28,1,0,1,1,1,,1,,
0,15,28,0,,,,,,,,
0,15,28,0,,,,,,,,
0,15,29,0,,,,,,,,
40,15,29,2,0,,1,0,0,0,,
0,15,29,0,,,,,,,,
5,15,30,1,0,0,0,0,0,0,,
0,15,30,0,,,,,,,,
0,15,30,0,,,,,,,,
0,15,31,0,,,,,,,,
34,15,31,2,0,0,0,0,0,1,,
0,15,31,0,,,,,,,,
49,15,32,1,0,0,1,0,0,0,,
0,15,32,0,,,,,,,,
0,15,32,0,,,,,,,,
0,16,1,0,,,,,,,,
0,16,1,0,,,,,,,,
35,16,1,2,0,1,0,0,1,,,
21,16,2,1,0,1,1,1,0,,,
0,16,2,0,,,,,,,,
0,16,2,0,,,,,,,,
0,16,3,0,,,,,,,,
0,16,3,0,,,,,,,,
14,16,3,2,0,0,0,0,0,0,,
55,16,4,1,0,1,1,1,0,1,,
0,16,4,0,,,,,,,,
0,16,4,0,,,,,,,,
0,16,5,0,,,,,,,,
0,16,5,0,,,,,,,,
10,16,5,2,0,1,0,0,0,0,,
46,16,6,1,0,0,0,1,1,1,,
0,16,6,0,,,,,,,,
0,16,6,0,,,,,,,,
0,16,7,0,,,,,,,,
0,16,7,0,,,,,,,,
29,16,7,2,0,1,1,0,1,1,,
20,16,8,1,0,0,0,0,0,0,,
0,16,8,0,,,,,,,,
0,16,8,0,,,,,,,,
0,16,9,0,,,,,,,,
0,16,9,0,,,,,,,,
50,16,9,2,0,1,1,0,1,1,,
54,16,10,1,0,1,0,1,0,1,,
0,16,10,0,,,,,,,,
0,16,10,0,,,,,,,,
0,16,11,0,,,,,,,,
57,16,11,2,0,1,1,1,0,1,,
0,16,11,0,,,,,,,,
45,16,12,1,0,0,1,1,,,,
0,16,12,0,,,,,,,,
0,16,12,0,,,,,,,,
0,16,13,0,,,,,,,,
66,16,13,2,0,0,0,1,,0,,
0,16,13,0,,,,,,,,
15,16,14,1,0,0,1,1,0,0,0,
0,16,14,0,,,,,,,,
0,16,14,0,,,,,,,,
0,16,15,0,,,,,,,,
25,16,15,2,0,0,1,1,0,,1,
0,16,15,0,,,,,,,,
12,16,16,1,0,0,0,,1,,1,
0,16,16,0,,,,,,,,
0,16,16,0,,,,,,,,
0,16,17,0,,,,,,,,
41,16,17,2,0,1,1,0,1,1,,
0,16,17,0,,,,,,,,
40,16,18,1,0,0,1,1,1,1,,
0,16,18,0,,,,,,,,
0,16,18,0,,,,,,,,
0,16,19,0,,,,,,,,
7,16,19,2,0,0,0,0,0,1,,
0,16,19,0,,,,,,,,
63,16,20,1,0,0,1,0,,1,,
0,16,20,0,,,,,,,,
0,16,20,0,,,,,,,,
0,16,21,0,,,,,,,,
51,16,21,2,0,0,1,0,1,1,,
0,16,21,0,,,,,,,,
37,16,22,1,0,0,1,0,1,0,,
0,16,22,0,,,,,,,,
0,16,22,0,,,,,,,,
0,16,23,0,,,,,,,,
13,16,23,2,0,0,0,0,0,1,1,
0,16,23,0,,,,,,,,
59,16,24,1,0,1,1,1,,1,,
0,16,24,0,,,,,,,,
0,16,24,0,,,,,,,,
0,16,25,0,,,,,,,,
61,16,25,2,0,0,0,0,,1,,
0,16,25,0,,,,,,,,
47,16,26,1,0,1,0,0,0,0,,
0,16,26,0,,,,,,,,
0,16,26,0,,,,,,,,
0,16,27,0,,,,,,,,
9,16,27,2,0,0,0,0,0,1,,
0,16,27,0,,,,,,,,
43,16,28,1,0,1,1,0,1,0,,
0,16,28,0,,,,,,,,
0,16,28,0,,,,,,,,
0,16,29,0,,,,,,,,
17,16,29,2,0,0,0,1,1,0,1,
0,16,29,0,,,,,,,,
18,16,30,1,0,0,1,0,1,1,,
0,16,30,0,,,,,,,,
0,16,30,0,,,,,,,,
0,16,31,0,,,,,,,,
60,16,31,2,0,0,1,0,0,0,,
0,16,31,0,,,,,,,,
39,16,32,1,0,1,0,0,1,1,1,
0,16,32,0,,,,,,,,
0,16,32,0,,,,,,,,
0,17,1,0,,,,,,,,
0,17,1,0,,,,,,,,
22,17,1,2,0,0,1,0,,0,,
36,17,2,1,0,0,0,0,,1,,
0,17,2,0,,,,,,,,
0,17,2,0,,,,,,,,
0,17,3,0,,,,,,,,
0,17,3,0,,,,,,,,
23,17,3,2,0,1,0,0,,1,,
63,17,4,1,0,1,1,0,0,1,,
0,17,4,0,,,,,,,,
0,17,4,0,,,,,,,,
0,17,5,0,,,,,,,,
0,17,5,0,,,,,,,,
37,17,5,2,0,1,0,0,0,1,,
62,17,6,1,0,0,1,0,0,1,,
0,17,6,0,,,,,,,,
0,17,6,0,,,,,,,,
0,17,7,0,,,,,,,,
0,17,7,0,,,,,,,,
55,17,7,2,0,0,1,0,0,0,,
25,17,8,1,0,0,0,1,0,1,,
0,17,8,0,,,,,,,,
0,17,8,0,,,,,,,,
0,17,9,0,,,,,,,,
0,17,9,0,,,,,,,,
43,17,9,2,0,0,0,1,0,1,,
56,17,10,1,0,0,0,0,0,1,,
0,17,10,0,,,,,,,,
0,17,10,0,,,,,,,,
0,17,11,0,,,,,,,,
5,17,11,2,0,0,0,1,0,1,,
0,17,11,0,,,,,,,,
18,17,12,1,0,0,1,0,1,1,,
0,17,12,0,,,,,,,,
0,17,12,0,,,,,,,,
0,17,13,0,,,,,,,,
50,17,13,2,0,,1,0,,1,,
0,17,13,0,,,,,,,,
13,17,14,1,0,0,0,0,1,1,,
0,17,14,0,,,,,,,,
0,17,14,0,,,,,,,,
0,17,15,0,,,,,,,,
39,17,15,2,0,0,0,1,1,1,,
0,17,15,0,,,,,,,,
11,17,16,1,0,0,0,0,0,1,,
0,17,16,0,,,,,,,,
0,17,16,0,,,,,,,,
0,17,17,0,,,,,,,,
41,17,17,2,0,1,0,1,0,0,,
0,17,17,0,,,,,,,,
53,17,18,1,0,1,0,0,0,0,,
0,17,18,0,,,,,,,,
0,17,18,0,,,,,,,,
0,17,19,0,,,,,,,,
54,17,19,2,0,0,0,0,1,1,,
0,17,19,0,,,,,,,,
45,17,20,1,0,0,1,0,,1,,
0,17,20,0,,,,,,,,
0,17,20,0,,,,,,,,
0,17,21,0,,,,,,,,
34,17,21,2,0,0,1,0,0,0,,
0,17,21,0,,,,,,,,
14,17,22,1,0,0,0,0,0,0,,
0,17,22,0,,,,,,,,
0,17,22,0,,,,,,,,
0,17,23,0,,,,,,,,
60,17,23,2,0,0,0,0,0,1,,
0,17,23,0,,,,,,,,
7,17,24,1,0,,1,0,,1,,
0,17,24,0,,,,,,,,
0,17,24,0,,,,,,,,
0,17,25,0,,,,,,,,
12,17,25,2,0,0,0,0,,1,,
0,17,25,0,,,,,,,,
35,17,26,1,0,0,0,1,0,1,,
0,17,26,0,,,,,,,,
0,17,26,0,,,,,,,,
0,17,27,0,,,,,,,,
32,17,27,2,0,0,0,1,0,0,,
0,17,27,0,,,,,,,,
8,17,28,1,0,0,0,0,,1,,
0,17,28,0,,,,,,,,
0,17,28,0,,,,,,,,
0,17,29,0,,,,,,,,
6,17,29,2,0,0,1,0,0,0,,
0,17,29,0,,,,,,,,
19,17,30,1,0,0,0,0,0,0,,
0,17,30,0,,,,,,,,
0,17,30,0,,,,,,,,
0,17,31,0,,,,,,,,
15,17,31,2,0,0,0,1,0,0,,
0,17,31,0,,,,,,,,
16,17,32,1,0,0,0,0,0,1,,
0,17,32,0,,,,,,,,
0,17,32,0,,,,,,,,
0,18,1,0,,,,,,,,
0,18,1,0,,,,,,,,
13,18,1,2,0,0,1,0,0,1,,
48,18,2,1,0,0,1,0,0,0,,
0,18,2,0,,,,,,,,
0,18,2,0,,,,,,,,
0,18,3,0,,,,,,,,
0,18,3,0,,,,,,,,
33,18,3,2,0,0,0,0,0,1,,
66,18,4,1,0,0,1,0,0,1,,
0,18,4,0,,,,,,,,
0,18,4,0,,,,,,,,
0,18,5,0,,,,,,,,
0,18,5,0,,,,,,,,
60,18,5,2,0,0,0,0,0,1,,
22,18,6,1,0,0,1,0,0,0,,
0,18,6,0,,,,,,,,
0,18,6,0,,,,,,,,
0,18,7,0,,,,,,,,
0,18,7,0,,,,,,,,
55,18,7,2,0,0,0,0,1,0,,
15,18,8,1,0,1,0,0,0,0,,
0,18,8,0,,,,,,,,
0,18,8,0,,,,,,,,
0,18,9,0,,,,,,,,
0,18,9,0,,,,,,,,
30,18,9,2,0,0,0,0,,1,,
26,18,10,1,0,0,0,0,0,1,,
0,18,10,0,,,,,,,,
0,18,10,0,,,,,,,,
0,18,11,0,,,,,,,,
63,18,11,2,0,0,1,0,0,1,,
0,18,11,0,,,,,,,,
41,18,12,1,0,0,0,0,0,1,,
0,18,12,0,,,,,,,,
0,18,12,0,,,,,,,,
0,18,13,0,,,,,,,,
24,18,13,2,0,0,0,0,0,1,,
0,18,13,0,,,,,,,,
5,18,14,1,0,0,0,0,0,1,,
0,18,14,0,,,,,,,,
0,18,14,0,,,,,,,,
0,18,15,0,,,,,,,,
50,18,15,2,0,0,0,1,0,0,,
0,18,15,0,,,,,,,,
59,18,16,1,0,0,0,0,0,1,,
0,18,16,0,,,,,,,,
0,18,16,0,,,,,,,,
0,18,17,0,,,,,,,,
21,18,17,2,0,0,0,0,0,0,,
0,18,17,0,,,,,,,,
25,18,18,1,0,0,1,0,0,1,,
0,18,18,0,,,,,,,,
0,18,18,0,,,,,,,,
0,18,19,0,,,,,,,,
10,18,19,2,0,0,1,0,0,1,,
0,18,19,0,,,,,,,,
52,18,20,1,0,0,1,0,0,0,,
0,18,20,0,,,,,,,,
0,18,20,0,,,,,,,,
0,18,21,0,,,,,,,,
45,18,21,2,0,0,0,0,0,0,,
0,18,21,0,,,,,,,,
36,18,22,1,0,0,0,0,0,1,,
0,18,22,0,,,,,,,,
0,18,22,0,,,,,,,,
0,18,23,0,,,,,,,,
32,18,23,2,0,0,0,0,0,1,,
0,18,23,0,,,,,,,,
37,18,24,1,0,1,0,0,,1,,
0,18,24,0,,,,,,,,
0,18,24,0,,,,,,,,
0,18,25,0,,,,,,,,
54,18,25,2,0,0,0,1,0,1,,
0,18,25,0,,,,,,,,
12,18,26,1,0,0,1,1,0,1,,
0,18,26,0,,,,,,,,
0,18,26,0,,,,,,,,
0,18,27,0,,,,,,,,
18,18,27,2,0,0,1,1,0,1,,
0,18,27,0,,,,,,,,
57,18,28,1,0,0,0,0,0,1,,
0,18,28,0,,,,,,,,
0,18,28,0,,,,,,,,
0,18,29,0,,,,,,,,
42,18,29,2,0,0,0,0,0,1,,
0,18,29,0,,,,,,,,
17,18,30,1,0,0,0,0,0,1,,
0,18,30,0,,,,,,,,
0,18,30,0,,,,,,,,
0,18,31,0,,,,,,,,
35,18,31,2,0,0,0,0,0,1,,
0,18,31,0,,,,,,,,
51,18,32,1,0,0,0,0,0,1,,
0,18,32,0,,,,,,,,
0,18,32,0,,,,,,,,
23,19,1,1,0,0,0,0,,1,,
0,19,1,0,,,,,,,,
13,19,1,0,,,,,,,,
48,19,2,0,,,,,,,,
0,19,2,0,,,,,,,,
25,19,2,2,0,1,1,1,,1,,
36,19,3,1,0,0,0,0,,1,,
0,19,3,0,,,,,,,,
33,19,3,0,,,,,,,,
66,19,4,0,,,,,,,,
0,19,4,0,,,,,,,,
27,19,4,2,0,0,0,0,0,1,,
6,19,5,1,0,0,0,0,0,0,,
0,19,5,0,,,,,,,,
60,19,5,0,,,,,,,,
22,19,6,0,,,,,,,,
0,19,6,0,,,,,,,,
61,19,6,2,0,0,1,0,0,0,,
32,19,7,1,0,1,0,1,0,1,,
0,19,7,0,,,,,,,,
55,19,7,0,,,,,,,,
15,19,8,0,,,,,,,,
0,19,8,0,,,,,,,,
50,19,8,2,0,0,1,0,0,0,,
53,19,9,1,0,0,0,0,0,1,,
0,19,9,0,,,,,,,,
30,19,9,0,,,,,,,,
26,19,10,0,,,,,,,,
0,19,10,0,,,,,,,,
58,19,10,2,0,0,0,1,0,1,,
5,19,11,1,0,0,1,1,0,1,,
63,19,11,0,,,,,,,,
0,19,11,0,,,,,,,,
41,19,12,0,,,,,,,,
38,19,12,2,0,0,0,0,,1,,
0,19,12,0,,,,,,,,
20,19,13,1,0,0,0,1,1,1,,
24,19,13,0,,,,,,,,
0,19,13,0,,,,,,,,
5,19,14,0,,,,,,,,
47,19,14,2,0,0,0,1,0,1,,
0,19,14,0,,,,,,,,
57,19,15,1,0,0,0,1,1,0,,
50,19,15,0,,,,,,,,
0,19,15,0,,,,,,,,
59,19,16,0,,,,,,,,
13,19,16,2,0,0,0,0,0,0,,
0,19,16,0,,,,,,,,
43,19,17,1,0,0,1,0,0,1,,
21,19,17,0,,,,,,,,
0,19,17,0,,,,,,,,
25,19,18,0,,,,,,,,
19,19,18,2,0,0,1,1,0,1,,
0,19,18,0,,,,,,,,
60,19,19,1,0,0,0,0,0,1,,
10,19,19,0,,,,,,,,
0,19,19,0,,,,,,,,
52,19,20,0,,,,,,,,
52,19,20,2,0,0,1,0,0,1,,
0,19,20,0,,,,,,,,
44,19,21,1,0,0,0,0,1,1,,
45,19,21,0,,,,,,,,
0,19,21,0,,,,,,,,
36,19,22,0,,,,,,,,
31,19,22,2,0,0,0,0,0,1,,
0,19,22,0,,,,,,,,
22,19,23,1,0,0,0,0,0,1,,
32,19,23,0,,,,,,,,
0,19,23,0,,,,,,,,
37,19,24,0,,,,,,,,
49,19,24,2,0,1,0,0,,1,,
0,19,24,0,,,,,,,,
64,19,25,1,0,0,0,0,,1,,
54,19,25,0,,,,,,,,
0,19,25,0,,,,,,,,
12,19,26,0,,,,,,,,
8,19,26,2,0,0,0,0,0,1,,
0,19,26,0,,,,,,,,
18,19,27,1,0,0,1,0,0,1,,
18,19,27,0,,,,,,,,
0,19,27,0,,,,,,,,
57,19,28,0,,,,,,,,
30,19,28,2,0,1,0,1,0,1,,
0,19,28,0,,,,,,,,
17,19,29,1,0,1,1,0,0,,1,
42,19,29,0,,,,,,,,
0,19,29,0,,,,,,,,
17,19,30,0,,,,,,,,
45,19,30,2,0,1,0,0,0,1,,
0,19,30,0,,,,,,,,
46,19,31,1,0,0,0,0,0,1,,
35,19,31,0,,,,,,,,
0,19,31,0,,,,,,,,
51,19,32,0,,,,,,,,
56,19,32,2,0,0,0,0,0,1,,
0,19,32,0,,,,,,,,
23,20,1,0,,,,,,,,
0,20,1,0,,,,,,,,
32,20,1,2,0,0,1,0,0,0,,
61,20,2,1,0,0,0,0,0,0,,
0,20,2,0,,,,,,,,
25,20,2,0,,,,,,,,
36,20,3,0,,,,,,,,
0,20,3,0,,,,,,,,
17,20,3,2,0,0,0,0,,1,,
14,20,4,1,0,0,1,0,0,0,,
0,20,4,0,,,,,,,,
27,20,4,0,,,,,,,,
6,20,5,0,,,,,,,,
0,20,5,0,,,,,,,,
66,20,5,2,0,0,0,0,0,0,,
41,20,6,1,0,0,0,0,0,0,,
0,20,6,0,,,,,,,,
61,20,6,0,,,,,,,,
32,20,7,0,,,,,,,,
0,20,7,0,,,,,,,,
39,20,7,2,0,0,1,0,0,0,,
7,20,8,1,0,0,0,0,0,1,,
0,20,8,0,,,,,,,,
50,20,8,0,,,,,,,,
53,20,9,0,,,,,,,,
0,20,9,0,,,,,,,,
9,20,9,2,0,0,0,0,0,1,,
22,20,10,1,0,0,0,0,0,0,,
0,20,10,0,,,,,,,,
58,20,10,0,,,,,,,,
5,20,11,0,,,,,,,,
53,20,11,2,0,0,1,0,0,1,,
0,20,11,0,,,,,,,,
65,20,12,1,,1,0,0,1,0,,
38,20,12,0,,,,,,,,
0,20,12,0,,,,,,,,
20,20,13,0,,,,,,,,
50,20,13,2,0,,1,0,0,1,,
0,20,13,0,,,,,,,,
38,20,14,1,0,0,0,0,0,0,,
47,20,14,0,,,,,,,,
0,20,14,0,,,,,,,,
57,20,15,0,,,,,,,,
59,20,15,2,0,0,0,0,0,1,,
0,20,15,0,,,,,,,,
48,20,16,1,0,0,0,0,0,1,,
13,20,16,0,,,,,,,,
0,20,16,0,,,,,,,,
43,20,17,0,,,,,,,,
12,20,17,2,0,0,0,0,0,0,,
0,20,17,0,,,,,,,,
29,20,18,1,0,0,1,0,0,0,,
19,20,18,0,,,,,,,,
0,20,18,0,,,,,,,,
60,20,19,0,,,,,,,,
64,20,19,2,0,0,0,0,0,0,,
0,20,19,0,,,,,,,,
45,20,20,1,0,0,0,0,0,1,,
52,20,20,0,,,,,,,,
0,20,20,0,,,,,,,,
44,20,21,0,,,,,,,,
63,20,21,2,0,0,0,0,0,0,,
0,20,21,0,,,,,,,,
35,20,22,1,0,0,,1,0,0,,
31,20,22,0,,,,,,,,
0,20,22,0,,,,,,,,
22,20,23,0,,,,,,,,
31,20,23,2,0,0,0,0,0,0,,
0,20,23,0,,,,,,,,
47,20,24,1,0,0,0,0,,0,,
49,20,24,0,,,,,,,,
0,20,24,0,,,,,,,,
64,20,25,0,,,,,,,,
26,20,25,2,0,0,0,0,1,0,,
0,20,25,0,,,,,,,,
24,20,26,1,0,0,0,0,0,0,,
8,20,26,0,,,,,,,,
0,20,26,0,,,,,,,,
18,20,27,0,,,,,,,,
37,20,27,2,0,1,1,1,0,0,,
0,20,27,0,,,,,,,,
57,20,28,1,0,0,0,0,,1,,
30,20,28,0,,,,,,,,
0,20,28,0,,,,,,,,
17,20,29,0,,,,,,,,
56,20,29,2,,1,0,0,0,0,,
0,20,29,0,,,,,,,,
30,20,30,1,0,0,0,0,0,1,,
45,20,30,0,,,,,,,,
0,20,30,0,,,,,,,,
46,20,31,0,,,,,,,,
60,20,31,2,0,0,0,0,0,0,,
0,20,31,0,,,,,,,,
46,20,32,1,0,0,1,0,0,0,,
56,20,32,0,,,,,,,,
0,20,32,0,,,,,,,,
