seq,subj,item,cond,R1,R2,R3,R4,R5,R6,R7,R8
23,1,1,1,1,1,0,1,0,0,,
0,1,1,0,,,,,,,,
0,1,1,0,,,,,,,,
0,1,2,0,,,,,,,,
0,1,2,0,,,,,,,,
11,1,2,2,1,0,0,0,1,0,,
39,1,3,1,1,0,0,0,0,0,,
0,1,3,0,,,,,,,,
0,1,3,0,,,,,,,,
0,1,4,0,,,,,,,,
0,1,4,0,,,,,,,,
13,1,4,2,1,0,0,0,1,0,,
5,1,5,1,0,0,0,0,0,0,,
0,1,5,0,,,,,,,,
0,1,5,0,,,,,,,,
0,1,6,0,,,,,,,,
0,1,6,0,,,,,,,,
9,1,6,2,1,1,0,1,0,0,,
41,1,7,1,1,0,0,0,1,0,,
0,1,7,0,,,,,,,,
0,1,7,0,,,,,,,,
0,1,8,0,,,,,,,,
0,1,8,0,,,,,,,,
17,1,8,2,0,0,0,0,1,1,,
43,1,9,1,1,1,0,1,1,0,,
0,1,9,0,,,,,,,,
0,1,9,0,,,,,,,,
0,1,10,0,,,,,,,,
0,1,10,0,,,,,,,,
47,1,10,2,1,0,1,1,1,0,,
52,1,11,1,0,1,1,0,1,0,,
0,1,11,0,,,,,,,,
0,1,11,0,,,,,,,,
0,1,12,0,,,,,,,,
56,1,12,2,1,1,1,1,0,0,,
0,1,12,0,,,,,,,,
64,1,13,1,1,1,0,1,1,0,,
0,1,13,0,,,,,,,,
0,1,13,0,,,,,,,,
0,1,14,0,,,,,,,,
16,1,14,2,1,1,0,1,1,0,,
0,1,14,0,,,,,,,,
31,1,15,1,1,1,0,0,0,0,,
0,1,15,0,,,,,,,,
0,1,15,0,,,,,,,,
0,1,16,0,,,,,,,,
7,1,16,2,0,0,0,0,1,0,,
0,1,16,0,,,,,,,,
32,1,17,1,0,1,1,0,1,0,,
0,1,17,0,,,,,,,,
0,1,17,0,,,,,,,,
0,1,18,0,,,,,,,,
62,1,18,2,0,0,0,1,0,0,,
0,1,18,0,,,,,,,,
61,1,19,1,1,1,0,0,0,0,,
0,1,19,0,,,,,,,,
0,1,19,0,,,,,,,,
0,1,20,0,,,,,,,,
40,1,20,2,0,1,1,1,0,0,,
0,1,20,0,,,,,,,,
19,1,21,1,0,0,0,0,0,0,,
0,1,21,0,,,,,,,,
0,1,21,0,,,,,,,,
0,1,22,0,,,,,,,,
26,1,22,2,1,0,1,1,0,0,,
0,1,22,0,,,,,,,,
44,1,23,1,1,0,0,0,0,0,,
0,1,23,0,,,,,,,,
0,1,23,0,,,,,,,,
0,1,24,0,,,,,,,,
20,1,24,2,0,0,1,1,1,0,,
0,1,24,0,,,,,,,,
35,1,25,1,1,0,0,0,0,0,,
0,1,25,0,,,,,,,,
0,1,25,0,,,,,,,,
0,1,26,0,,,,,,,,
8,1,26,2,1,1,1,0,0,0,,
0,1,26,0,,,,,,,,
28,1,27,1,1,1,1,1,1,0,,
0,1,27,0,,,,,,,,
0,1,27,0,,,,,,,,
0,1,28,0,,,,,,,,
15,1,28,2,1,1,0,1,0,0,,
0,1,28,0,,,,,,,,
24,1,29,1,1,1,0,1,1,0,,
0,1,29,0,,,,,,,,
0,1,29,0,,,,,,,,
0,1,30,0,,,,,,,,
29,1,30,2,0,0,0,0,0,0,,
0,1,30,0,,,,,,,,
59,1,31,1,0,1,0,0,1,0,,
0,1,31,0,,,,,,,,
0,1,31,0,,,,,,,,
0,1,32,0,,,,,,,,
63,1,32,2,1,0,0,0,1,0,,
0,1,32,0,,,,,,,,
23,2,1,0,,,,,,,,
0,2,1,0,,,,,,,,
30,2,1,2,1,1,0,0,0,0,,
13,2,2,1,0,0,0,0,0,0,,
0,2,2,0,,,,,,,,
11,2,2,0,,,,,,,,
39,2,3,0,,,,,,,,
0,2,3,0,,,,,,,,
41,2,3,2,0,0,0,0,0,0,,
28,2,4,1,0,1,0,0,0,0,,
0,2,4,0,,,,,,,,
13,2,4,0,,,,,,,,
5,2,5,0,,,,,,,,
0,2,5,0,,,,,,,,
20,2,5,2,0,0,1,0,0,0,,
44,2,6,1,1,0,0,0,1,0,,
0,2,6,0,,,,,,,,
9,2,6,0,,,,,,,,
41,2,7,0,,,,,,,,
0,2,7,0,,,,,,,,
39,2,7,2,1,0,1,1,0,0,,
64,2,8,1,0,1,1,0,1,0,,
0,2,8,0,,,,,,,,
17,2,8,0,,,,,,,,
43,2,9,0,,,,,,,,
0,2,9,0,,,,,,,,
48,2,9,2,1,1,0,1,0,0,,
50,2,10,1,0,0,0,0,0,0,,
0,2,10,0,,,,,,,,
47,2,10,0,,,,,,,,
52,2,11,0,,,,,,,,
34,2,11,2,0,0,1,0,1,0,,
0,2,11,0,,,,,,,,
55,2,12,1,0,0,0,1,0,0,,
56,2,12,0,,,,,,,,
0,2,12,0,,,,,,,,
64,2,13,0,,,,,,,,
66,2,13,2,0,1,0,0,0,0,,
0,2,13,0,,,,,,,,
53,2,14,1,0,0,0,0,0,0,,
16,2,14,0,,,,,,,,
0,2,14,0,,,,,,,,
31,2,15,0,,,,,,,,
56,2,15,2,0,0,0,0,1,0,,
0,2,15,0,,,,,,,,
17,2,16,1,1,0,0,0,0,0,,
7,2,16,0,,,,,,,,
0,2,16,0,,,,,,,,
32,2,17,0,,,,,,,,
6,2,17,2,0,1,0,0,0,0,,
0,2,17,0,,,,,,,,
33,2,18,1,0,0,0,1,0,0,,
62,2,18,0,,,,,,,,
0,2,18,0,,,,,,,,
61,2,19,0,,,,,,,,
52,2,19,2,0,1,0,0,1,0,,
0,2,19,0,,,,,,,,
46,2,20,1,0,0,0,0,0,0,,
40,2,20,0,,,,,,,,
0,2,20,0,,,,,,,,
19,2,21,0,,,,,,,,
62,2,21,2,0,0,0,0,0,0,,
0,2,21,0,,,,,,,,
59,2,22,1,0,0,0,0,0,0,,
26,2,22,0,,,,,,,,
0,2,22,0,,,,,,,,
44,2,23,0,,,,,,,,
54,2,23,2,0,0,0,0,0,0,,
0,2,23,0,,,,,,,,
32,2,24,1,0,0,0,0,1,0,,
20,2,24,0,,,,,,,,
0,2,24,0,,,,,,,,
35,2,25,0,,,,,,,,
67,2,25,2,1,0,0,1,0,0,,
0,2,25,0,,,,,,,,
43,2,26,1,0,0,0,0,0,0,,
8,2,26,0,,,,,,,,
0,2,26,0,,,,,,,,
28,2,27,0,,,,,,,,
23,2,27,2,0,0,0,0,1,0,,
0,2,27,0,,,,,,,,
15,2,28,1,1,1,0,1,0,0,,
15,2,28,0,,,,,,,,
0,2,28,0,,,,,,,,
24,2,29,0,,,,,,,,
37,2,29,2,1,1,0,0,1,0,,
0,2,29,0,,,,,,,,
27,2,30,1,1,1,1,0,0,0,,
29,2,30,0,,,,,,,,
0,2,30,0,,,,,,,,
59,2,31,0,,,,,,,,
26,2,31,2,0,0,1,0,0,0,,
0,2,31,0,,,,,,,,
5,2,32,1,0,0,1,0,0,0,,
63,2,32,0,,,,,,,,
0,2,32,0,,,,,,,,
36,3,1,1,1,1,1,0,0,0,,
0,3,1,0,,,,,,,,
30,3,1,0,,,,,,,,
13,3,2,0,,,,,,,,
0,3,2,0,,,,,,,,
7,3,2,2,1,1,1,1,0,0,,
29,3,3,1,1,1,1,1,1,0,,
0,3,3,0,,,,,,,,
41,3,3,0,,,,,,,,
28,3,4,0,,,,,,,,
0,3,4,0,,,,,,,,
14,3,4,2,1,1,1,1,1,0,,
61,3,5,1,1,1,1,0,0,0,,
0,3,5,0,,,,,,,,
20,3,5,0,,,,,,,,
44,3,6,0,,,,,,,,
0,3,6,0,,,,,,,,
9,3,6,2,1,1,1,0,1,1,,
48,3,7,1,1,1,1,0,0,0,,
0,3,7,0,,,,,,,,
39,3,7,0,,,,,,,,
64,3,8,0,,,,,,,,
0,3,8,0,,,,,,,,
58,3,8,2,0,0,0,0,1,0,,
44,3,9,1,1,1,1,1,1,0,,
0,3,9,0,,,,,,,,
48,3,9,0,,,,,,,,
50,3,10,0,,,,,,,,
0,3,10,0,,,,,,,,
40,3,10,2,1,1,1,1,0,0,,
39,3,11,1,1,1,0,0,1,0,,
34,3,11,0,,,,,,,,
0,3,11,0,,,,,,,,
55,3,12,0,,,,,,,,
67,3,12,2,1,1,0,1,1,0,,
0,3,12,0,,,,,,,,
35,3,13,1,0,1,1,1,0,0,,
66,3,13,0,,,,,,,,
0,3,13,0,,,,,,,,
53,3,14,0,,,,,,,,
64,3,14,2,1,1,1,1,1,0,,
0,3,14,0,,,,,,,,
57,3,15,1,1,1,1,1,0,0,,
56,3,15,0,,,,,,,,
0,3,15,0,,,,,,,,
17,3,16,0,,,,,,,,
16,3,16,2,1,1,1,1,0,0,,
0,3,16,0,,,,,,,,
38,3,17,1,1,1,0,1,0,0,,
6,3,17,0,,,,,,,,
0,3,17,0,,,,,,,,
33,3,18,0,,,,,,,,
19,3,18,2,1,1,1,0,1,0,,
0,3,18,0,,,,,,,,
27,3,19,1,1,1,1,1,0,0,,
52,3,19,0,,,,,,,,
0,3,19,0,,,,,,,,
46,3,20,0,,,,,,,,
47,3,20,2,1,1,1,1,1,0,,
0,3,20,0,,,,,,,,
43,3,21,1,1,0,0,1,1,0,,
62,3,21,0,,,,,,,,
0,3,21,0,,,,,,,,
59,3,22,0,,,,,,,,
22,3,22,2,,1,1,1,0,0,,
0,3,22,0,,,,,,,,
68,3,23,1,1,1,0,0,1,0,,
54,3,23,0,,,,,,,,
0,3,23,0,,,,,,,,
32,3,24,0,,,,,,,,
6,3,24,2,1,1,1,1,1,1,,
0,3,24,0,,,,,,,,
60,3,25,1,1,1,1,0,1,0,,
67,3,25,0,,,,,,,,
0,3,25,0,,,,,,,,
43,3,26,0,,,,,,,,
33,3,26,2,0,1,1,0,0,0,,
0,3,26,0,,,,,,,,
66,3,27,1,1,1,1,1,1,0,,
23,3,27,0,,,,,,,,
0,3,27,0,,,,,,,,
15,3,28,0,,,,,,,,
42,3,28,2,1,0,1,1,1,0,,
0,3,28,0,,,,,,,,
13,3,29,1,1,1,1,1,1,0,,
37,3,29,0,,,,,,,,
0,3,29,0,,,,,,,,
27,3,30,0,,,,,,,,
11,3,30,2,1,1,1,1,1,0,,
0,3,30,0,,,,,,,,
34,3,31,1,1,1,1,1,1,0,,
26,3,31,0,,,,,,,,
0,3,31,0,,,,,,,,
5,3,32,0,,,,,,,,
24,3,32,2,1,1,1,1,1,0,,
0,3,32,0,,,,,,,,
36,4,1,0,,,,,,,,
0,4,1,0,,,,,,,,
60,4,1,2,1,1,0,1,0,0,,
42,4,2,1,1,0,0,1,1,0,0,
0,4,2,0,,,,,,,,
7,4,2,0,,,,,,,,
29,4,3,0,,,,,,,,
0,4,3,0,,,,,,,,
23,4,3,2,1,1,0,1,1,0,,
38,4,4,1,1,1,0,0,0,0,,
0,4,4,0,,,,,,,,
14,4,4,0,,,,,,,,
61,4,5,0,,,,,,,,
0,4,5,0,,,,,,,,
54,4,5,2,0,0,0,0,0,0,,
43,4,6,1,0,1,1,0,0,0,,
0,4,6,0,,,,,,,,
9,4,6,0,,,,,,,,
48,4,7,0,,,,,,,,
0,4,7,0,,,,,,,,
24,4,7,2,1,0,1,1,0,0,,
18,4,8,1,1,0,0,1,1,0,,
0,4,8,0,,,,,,,,
58,4,8,0,,,,,,,,
44,4,9,0,,,,,,,,
0,4,9,0,,,,,,,,
53,4,9,2,0,1,1,1,0,0,,
13,4,10,1,1,0,0,0,0,0,,
0,4,10,0,,,,,,,,
40,4,10,0,,,,,,,,
39,4,11,0,,,,,,,,
57,4,11,2,1,0,1,1,0,,,
0,4,11,0,,,,,,,,
65,4,12,1,0,1,1,1,1,0,,
67,4,12,0,,,,,,,,
0,4,12,0,,,,,,,,
35,4,13,0,,,,,,,,
9,4,13,2,1,0,1,0,1,0,,
0,4,13,0,,,,,,,,
61,4,14,1,0,0,0,1,0,0,,
64,4,14,0,,,,,,,,
0,4,14,0,,,,,,,,
57,4,15,0,,,,,,,,
39,4,15,2,1,0,1,1,1,0,,
0,4,15,0,,,,,,,,
20,4,16,1,1,0,0,0,0,0,,
16,4,16,0,,,,,,,,
0,4,16,0,,,,,,,,
38,4,17,0,,,,,,,,
12,4,17,2,1,0,0,0,0,0,,
0,4,17,0,,,,,,,,
55,4,18,1,1,1,0,1,1,0,,
19,4,18,0,,,,,,,,
0,4,18,0,,,,,,,,
27,4,19,0,,,,,,,,
36,4,19,2,1,0,0,1,1,0,,
0,4,19,0,,,,,,,,
62,4,20,1,1,1,1,0,0,,,
47,4,20,0,,,,,,,,
0,4,20,0,,,,,,,,
43,4,21,0,,,,,,,,
32,4,21,2,0,0,1,0,0,0,,
0,4,21,0,,,,,,,,
16,4,22,1,1,1,1,1,1,0,,
22,4,22,0,,,,,,,,
0,4,22,0,,,,,,,,
68,4,23,0,,,,,,,,
45,4,23,2,1,0,0,1,0,0,,
0,4,23,0,,,,,,,,
28,4,24,1,0,0,1,1,1,0,,
6,4,24,0,,,,,,,,
0,4,24,0,,,,,,,,
60,4,25,0,,,,,,,,
22,4,25,2,0,0,1,0,1,0,,
0,4,25,0,,,,,,,,
17,4,26,1,1,0,0,1,0,0,,
33,4,26,0,,,,,,,,
0,4,26,0,,,,,,,,
66,4,27,0,,,,,,,,
15,4,27,2,0,1,1,1,1,0,,
0,4,27,0,,,,,,,,
7,4,28,1,1,1,1,1,1,0,,
42,4,28,0,,,,,,,,
0,4,28,0,,,,,,,,
13,4,29,0,,,,,,,,
59,4,29,2,0,1,1,1,0,0,,
0,4,29,0,,,,,,,,
37,4,30,1,1,0,0,0,0,0,,
11,4,30,0,,,,,,,,
0,4,30,0,,,,,,,,
34,4,31,0,,,,,,,,
48,4,31,2,0,1,1,0,0,0,,
0,4,31,0,,,,,,,,
46,4,32,1,1,0,0,1,0,0,,
24,4,32,0,,,,,,,,
0,4,32,0,,,,,,,,
41,5,1,1,1,0,0,1,1,0,,
0,5,1,0,,,,,,,,
60,5,1,0,,,,,,,,
42,5,2,0,,,,,,,,
0,5,2,0,,,,,,,,
5,5,2,2,1,1,1,1,0,0,,
8,5,3,1,1,0,0,1,0,0,,
0,5,3,0,,,,,,,,
23,5,3,0,,,,,,,,
38,5,4,0,,,,,,,,
0,5,4,0,,,,,,,,
62,5,4,2,1,1,0,1,1,0,,
30,5,5,1,1,1,0,0,1,0,,
0,5,5,0,,,,,,,,
54,5,5,0,,,,,,,,
43,5,6,0,,,,,,,,
0,5,6,0,,,,,,,,
17,5,6,2,1,1,1,0,0,0,,
38,5,7,1,1,0,1,0,1,0,,
0,5,7,0,,,,,,,,
24,5,7,0,,,,,,,,
18,5,8,0,,,,,,,,
0,5,8,0,,,,,,,,
55,5,8,2,0,0,0,0,0,0,,
21,5,9,1,1,1,0,0,0,0,,
0,5,9,0,,,,,,,,
53,5,9,0,,,,,,,,
13,5,10,0,,,,,,,,
0,5,10,0,,,,,,,,
24,5,10,2,1,1,0,1,0,0,,
35,5,11,1,1,1,0,1,0,0,,
57,5,11,0,,,,,,,,
0,5,11,0,,,,,,,,
65,5,12,0,,,,,,,,
7,5,12,2,1,1,0,0,0,0,,
0,5,12,0,,,,,,,,
10,5,13,1,1,0,0,0,0,0,,
9,5,13,0,,,,,,,,
0,5,13,0,,,,,,,,
61,5,14,0,,,,,,,,
12,5,14,2,1,0,1,0,0,0,,
0,5,14,0,,,,,,,,
32,5,15,1,1,1,1,0,1,0,,
39,5,15,0,,,,,,,,
0,5,15,0,,,,,,,,
20,5,16,0,,,,,,,,
47,5,16,2,1,1,0,1,1,0,,
0,5,16,0,,,,,,,,
16,5,17,1,1,1,1,0,0,0,,
12,5,17,0,,,,,,,,
0,5,17,0,,,,,,,,
55,5,18,0,,,,,,,,
29,5,18,2,1,1,1,1,1,0,,
0,5,18,0,,,,,,,,
64,5,19,1,1,1,1,1,0,0,,
36,5,19,0,,,,,,,,
0,5,19,0,,,,,,,,
62,5,20,0,,,,,,,,
13,5,20,2,0,1,1,1,0,0,,
0,5,20,0,,,,,,,,
52,5,21,1,0,0,1,0,1,0,,
32,5,21,0,,,,,,,,
0,5,21,0,,,,,,,,
16,5,22,0,,,,,,,,
53,5,22,2,1,0,0,0,0,0,,
0,5,22,0,,,,,,,,
28,5,23,1,0,0,1,0,0,0,,
45,5,23,0,,,,,,,,
0,5,23,0,,,,,,,,
28,5,24,0,,,,,,,,
61,5,24,2,1,1,0,1,0,0,,
0,5,24,0,,,,,,,,
23,5,25,1,1,1,1,0,0,0,,
22,5,25,0,,,,,,,,
0,5,25,0,,,,,,,,
17,5,26,0,,,,,,,,
46,5,26,2,1,1,1,0,0,0,,
0,5,26,0,,,,,,,,
15,5,27,1,1,1,1,1,0,0,,
15,5,27,0,,,,,,,,
0,5,27,0,,,,,,,,
7,5,28,0,,,,,,,,
37,5,28,2,1,1,1,0,0,0,,
0,5,28,0,,,,,,,,
14,5,29,1,1,1,1,1,1,0,,
59,5,29,0,,,,,,,,
0,5,29,0,,,,,,,,
37,5,30,0,,,,,,,,
59,5,30,2,1,0,0,0,0,0,,
0,5,30,0,,,,,,,,
26,5,31,1,1,1,1,1,0,0,,
48,5,31,0,,,,,,,,
0,5,31,0,,,,,,,,
46,5,32,0,,,,,,,,
68,5,32,2,0,1,1,0,0,0,0,
0,5,32,0,,,,,,,,
41,6,1,0,,,,,,,,
0,6,1,0,,,,,,,,
16,6,1,2,1,1,1,0,1,0,,
9,6,2,1,1,1,1,0,0,0,,
0,6,2,0,,,,,,,,
5,6,2,0,,,,,,,,
8,6,3,0,,,,,,,,
0,6,3,0,,,,,,,,
11,6,3,2,0,1,0,1,0,0,,
23,6,4,1,1,1,1,0,0,0,,
0,6,4,0,,,,,,,,
62,6,4,0,,,,,,,,
30,6,5,0,,,,,,,,
0,6,5,0,,,,,,,,
35,6,5,2,1,1,1,1,1,0,,
39,6,6,1,1,1,1,1,1,0,,
0,6,6,0,,,,,,,,
17,6,6,0,,,,,,,,
38,6,7,0,,,,,,,,
0,6,7,0,,,,,,,,
64,6,7,2,1,1,0,1,0,0,,
19,6,8,1,1,1,0,1,1,0,,
0,6,8,0,,,,,,,,
55,6,8,0,,,,,,,,
21,6,9,0,,,,,,,,
0,6,9,0,,,,,,,,
61,6,9,2,1,1,0,0,1,0,,
25,6,10,1,1,1,1,1,0,0,,
0,6,10,0,,,,,,,,
24,6,10,0,,,,,,,,
35,6,11,0,,,,,,,,
27,6,11,2,1,1,0,1,1,0,,
0,6,11,0,,,,,,,,
29,6,12,1,1,1,0,0,0,0,,
7,6,12,0,,,,,,,,
0,6,12,0,,,,,,,,
10,6,13,0,,,,,,,,
15,6,13,2,1,1,1,1,0,0,,
0,6,13,0,,,,,,,,
60,6,14,1,1,1,1,1,0,0,,
12,6,14,0,,,,,,,,
0,6,14,0,,,,,,,,
32,6,15,0,,,,,,,,
48,6,15,2,1,1,1,1,0,1,,
0,6,15,0,,,,,,,,
6,6,16,1,1,1,0,0,0,0,,
47,6,16,0,,,,,,,,
0,6,16,0,,,,,,,,
16,6,17,0,,,,,,,,
58,6,17,2,1,0,0,0,1,0,,
0,6,17,0,,,,,,,,
41,6,18,1,1,1,1,1,0,0,,
29,6,18,0,,,,,,,,
0,6,18,0,,,,,,,,
64,6,19,0,,,,,,,,
51,6,19,2,1,1,1,1,0,0,,
0,6,19,0,,,,,,,,
43,6,20,1,1,1,0,1,1,0,,
13,6,20,0,,,,,,,,
0,6,20,0,,,,,,,,
52,6,21,0,,,,,,,,
22,6,21,2,1,1,0,0,1,0,,
0,6,21,0,,,,,,,,
42,6,22,1,1,1,1,1,0,0,,
53,6,22,0,,,,,,,,
0,6,22,0,,,,,,,,
28,6,23,0,,,,,,,,
53,6,23,2,1,1,1,0,0,0,,
0,6,23,0,,,,,,,,
54,6,24,1,0,1,1,1,1,0,,
61,6,24,0,,,,,,,,
0,6,24,0,,,,,,,,
23,6,25,0,,,,,,,,
5,6,25,2,1,1,0,1,1,0,,
0,6,25,0,,,,,,,,
44,6,26,1,0,0,0,0,0,0,,
46,6,26,0,,,,,,,,
0,6,26,0,,,,,,,,
15,6,27,0,,,,,,,,
62,6,27,2,0,1,1,0,1,0,,
0,6,27,0,,,,,,,,
32,6,28,1,1,1,1,1,1,0,,
37,6,28,0,,,,,,,,
0,6,28,0,,,,,,,,
14,6,29,0,,,,,,,,
49,6,29,2,1,1,1,1,1,0,,
0,6,29,0,,,,,,,,
50,6,30,1,1,0,0,1,0,0,,
59,6,30,0,,,,,,,,
0,6,30,0,,,,,,,,
26,6,31,0,,,,,,,,
18,6,31,2,1,1,1,1,0,0,,
0,6,31,0,,,,,,,,
59,6,32,1,0,0,0,0,0,0,,
68,6,32,0,,,,,,,,
0,6,32,0,,,,,,,,
59,7,1,1,1,1,0,0,1,0,,
0,7,1,0,,,,,,,,
16,7,1,0,,,,,,,,
9,7,2,0,,,,,,,,
0,7,2,0,,,,,,,,
54,7,2,2,1,0,0,1,1,0,,
47,7,3,1,0,0,0,1,0,0,,
0,7,3,0,,,,,,,,
11,7,3,0,,,,,,,,
23,7,4,0,,,,,,,,
0,7,4,0,,,,,,,,
35,7,4,2,0,0,0,0,1,0,,
41,7,5,1,0,0,0,0,0,0,,
0,7,5,0,,,,,,,,
35,7,5,0,,,,,,,,
39,7,6,0,,,,,,,,
0,7,6,0,,,,,,,,
45,7,6,2,1,1,0,0,0,0,0,
48,7,7,1,0,1,0,1,0,0,,
0,7,7,0,,,,,,,,
64,7,7,0,,,,,,,,
19,7,8,0,,,,,,,,
0,7,8,0,,,,,,,,
13,7,8,2,1,1,1,0,1,0,,
28,7,9,1,1,1,0,0,1,0,,
0,7,9,0,,,,,,,,
61,7,9,0,,,,,,,,
25,7,10,0,,,,,,,,
0,7,10,0,,,,,,,,
63,7,10,2,0,0,0,0,1,0,,
6,7,11,1,0,1,1,1,1,0,,
27,7,11,0,,,,,,,,
0,7,11,0,,,,,,,,
29,7,12,0,,,,,,,,
9,7,12,2,1,1,0,1,1,0,0,
0,7,12,0,,,,,,,,
65,7,13,1,1,1,1,0,1,0,,
15,7,13,0,,,,,,,,
0,7,13,0,,,,,,,,
60,7,14,0,,,,,,,,
52,7,14,2,0,0,0,1,0,0,,
0,7,14,0,,,,,,,,
15,7,15,1,0,0,0,1,1,0,,
48,7,15,0,,,,,,,,
0,7,15,0,,,,,,,,
6,7,16,0,,,,,,,,
20,7,16,2,1,1,0,1,0,0,,
0,7,16,0,,,,,,,,
53,7,17,1,1,0,1,0,1,0,,
58,7,17,0,,,,,,,,
0,7,17,0,,,,,,,,
41,7,18,0,,,,,,,,
43,7,18,2,1,0,1,0,1,0,,
0,7,18,0,,,,,,,,
5,7,19,1,0,0,0,0,0,0,,
51,7,19,0,,,,,,,,
0,7,19,0,,,,,,,,
43,7,20,0,,,,,,,,
16,7,20,2,1,0,0,0,0,0,,
0,7,20,0,,,,,,,,
39,7,21,1,0,0,0,0,0,0,,
22,7,21,0,,,,,,,,
0,7,21,0,,,,,,,,
42,7,22,0,,,,,,,,
57,7,22,2,1,1,0,1,1,0,,
0,7,22,0,,,,,,,,
44,7,23,1,0,1,0,0,1,0,,
53,7,23,0,,,,,,,,
0,7,23,0,,,,,,,,
54,7,24,0,,,,,,,,
55,7,24,2,0,1,0,1,1,0,,
0,7,24,0,,,,,,,,
27,7,25,1,1,0,0,0,1,0,,
5,7,25,0,,,,,,,,
0,7,25,0,,,,,,,,
44,7,26,0,,,,,,,,
38,7,26,2,1,0,0,0,0,0,,
0,7,26,0,,,,,,,,
7,7,27,1,1,0,0,0,1,0,,
62,7,27,0,,,,,,,,
0,7,27,0,,,,,,,,
32,7,28,0,,,,,,,,
26,7,28,2,1,1,1,1,1,0,,
0,7,28,0,,,,,,,,
37,7,29,1,1,1,0,0,1,0,,
49,7,29,0,,,,,,,,
0,7,29,0,,,,,,,,
50,7,30,0,,,,,,,,
8,7,30,2,1,0,0,0,1,0,,
0,7,30,0,,,,,,,,
12,7,31,1,1,1,0,0,1,0,,
18,7,31,0,,,,,,,,
0,7,31,0,,,,,,,,
59,7,32,0,,,,,,,,
50,7,32,2,1,0,0,0,0,0,,
0,7,32,0,,,,,,,,
59,8,1,0,,,,,,,,
0,8,1,0,,,,,,,,
45,8,1,2,1,1,0,1,1,0,,
22,8,2,1,1,0,1,1,1,1,0,
0,8,2,0,,,,,,,,
54,8,2,0,,,,,,,,
47,8,3,0,,,,,,,,
0,8,3,0,,,,,,,,
48,8,3,2,1,0,1,1,0,0,,
65,8,4,1,1,1,1,1,1,0,,
0,8,4,0,,,,,,,,
35,8,4,0,,,,,,,,
41,8,5,0,,,,,,,,
0,8,5,0,,,,,,,,
40,8,5,2,1,1,0,0,1,0,,
14,8,6,1,1,1,0,0,0,0,,
0,8,6,0,,,,,,,,
45,8,6,0,,,,,,,,
48,8,7,0,,,,,,,,
0,8,7,0,,,,,,,,
20,8,7,2,1,0,0,0,1,0,,
26,8,8,1,1,0,0,0,1,0,,
0,8,8,0,,,,,,,,
13,8,8,0,,,,,,,,
28,8,9,0,,,,,,,,
0,8,9,0,,,,,,,,
11,8,9,2,1,1,1,1,1,0,,
50,8,10,1,1,1,1,1,1,1,0,
0,8,10,0,,,,,,,,
63,8,10,0,,,,,,,,
6,8,11,0,,,,,,,,
62,8,11,2,1,1,0,1,0,0,,
0,8,11,0,,,,,,,,
42,8,12,1,1,1,1,1,0,1,0,
9,8,12,0,,,,,,,,
0,8,12,0,,,,,,,,
65,8,13,0,,,,,,,,
18,8,13,2,1,1,1,1,0,1,0,
0,8,13,0,,,,,,,,
55,8,14,1,1,1,1,1,0,1,0,
52,8,14,0,,,,,,,,
0,8,14,0,,,,,,,,
15,8,15,0,,,,,,,,
5,8,15,2,1,0,0,0,1,1,,
0,8,15,0,,,,,,,,
7,8,16,1,1,1,0,0,0,0,,
20,8,16,0,,,,,,,,
0,8,16,0,,,,,,,,
53,8,17,0,,,,,,,,
28,8,17,2,1,1,1,1,1,0,,
0,8,17,0,,,,,,,,
54,8,18,1,1,1,1,1,1,0,,
43,8,18,0,,,,,,,,
0,8,18,0,,,,,,,,
5,8,19,0,,,,,,,,
56,8,19,2,0,0,0,0,0,0,,
0,8,19,0,,,,,,,,
32,8,20,1,1,1,1,1,1,0,,
16,8,20,0,,,,,,,,
0,8,20,0,,,,,,,,
39,8,21,0,,,,,,,,
57,8,21,2,1,0,1,1,1,0,,
0,8,21,0,,,,,,,,
13,8,22,1,1,1,1,1,1,1,,
57,8,22,0,,,,,,,,
0,8,22,0,,,,,,,,
44,8,23,0,,,,,,,,
58,8,23,2,1,1,1,1,1,0,,
0,8,23,0,,,,,,,,
67,8,24,1,1,0,0,1,0,0,,
55,8,24,0,,,,,,,,
0,8,24,0,,,,,,,,
27,8,25,0,,,,,,,,
34,8,25,2,1,1,0,1,0,0,,
0,8,25,0,,,,,,,,
59,8,26,1,1,1,1,1,1,0,,
38,8,26,0,,,,,,,,
0,8,26,0,,,,,,,,
7,8,27,0,,,,,,,,
6,8,27,2,0,0,1,0,1,0,,
0,8,27,0,,,,,,,,
53,8,28,1,1,0,1,1,0,0,,
26,8,28,0,,,,,,,,
0,8,28,0,,,,,,,,
37,8,29,0,,,,,,,,
37,8,29,2,1,1,1,1,0,0,,
0,8,29,0,,,,,,,,
33,8,30,1,1,1,0,0,0,0,,
8,8,30,0,,,,,,,,
0,8,30,0,,,,,,,,
12,8,31,0,,,,,,,,
63,8,31,2,1,1,0,1,0,0,,
0,8,31,0,,,,,,,,
30,8,32,1,1,0,0,1,1,1,0,
50,8,32,0,,,,,,,,
0,8,32,0,,,,,,,,
24,9,1,1,0,0,0,0,1,0,,
0,9,1,0,,,,,,,,
45,9,1,0,,,,,,,,
22,9,2,0,,,,,,,,
0,9,2,0,,,,,,,,
22,9,2,2,0,0,0,0,0,0,,
66,9,3,1,0,0,0,0,1,0,,
0,9,3,0,,,,,,,,
48,9,3,0,,,,,,,,
65,9,4,0,,,,,,,,
0,9,4,0,,,,,,,,
41,9,4,2,1,0,0,0,0,0,,
59,9,5,1,0,0,0,0,0,0,,
0,9,5,0,,,,,,,,
40,9,5,0,,,,,,,,
14,9,6,0,,,,,,,,
0,9,6,0,,,,,,,,
51,9,6,2,0,0,0,0,1,0,,
63,9,7,1,0,0,0,1,1,0,,
0,9,7,0,,,,,,,,
20,9,7,0,,,,,,,,
26,9,8,0,,,,,,,,
0,9,8,0,,,,,,,,
34,9,8,2,0,0,0,0,1,1,,
49,9,9,1,0,1,0,1,0,0,,
0,9,9,0,,,,,,,,
11,9,9,0,,,,,,,,
50,9,10,0,,,,,,,,
0,9,10,0,,,,,,,,
19,9,10,2,0,0,0,0,0,0,,
69,9,11,1,0,1,1,1,0,0,,
62,9,11,0,,,,,,,,
0,9,11,0,,,,,,,,
42,9,12,0,,,,,,,,
30,9,12,2,0,1,0,1,0,0,,
0,9,12,0,,,,,,,,
43,9,13,1,0,0,1,0,0,0,,
18,9,13,0,,,,,,,,
0,9,13,0,,,,,,,,
55,9,14,0,,,,,,,,
62,9,14,2,0,0,0,1,0,0,,
0,9,14,0,,,,,,,,
54,9,15,1,0,0,0,1,1,0,,
5,9,15,0,,,,,,,,
0,9,15,0,,,,,,,,
7,9,16,0,,,,,,,,
40,9,16,2,0,0,0,0,0,0,,
0,9,16,0,,,,,,,,
37,9,17,1,0,0,0,0,0,0,,
28,9,17,0,,,,,,,,
0,9,17,0,,,,,,,,
54,9,18,0,,,,,,,,
53,9,18,2,0,0,0,0,0,0,,
0,9,18,0,,,,,,,,
6,9,19,1,0,0,0,0,0,0,,
56,9,19,0,,,,,,,,
0,9,19,0,,,,,,,,
32,9,20,0,,,,,,,,
21,9,20,2,0,0,1,0,0,0,,
0,9,20,0,,,,,,,,
16,9,21,1,0,0,0,0,1,0,,
57,9,21,0,,,,,,,,
0,9,21,0,,,,,,,,
13,9,22,0,,,,,,,,
38,9,22,2,0,0,0,0,0,0,,
0,9,22,0,,,,,,,,
58,9,23,1,0,0,0,0,0,0,,
58,9,23,0,,,,,,,,
0,9,23,0,,,,,,,,
67,9,24,0,,,,,,,,
56,9,24,2,0,0,0,0,1,0,,
0,9,24,0,,,,,,,,
57,9,25,1,0,0,0,0,0,0,,
34,9,25,0,,,,,,,,
0,9,25,0,,,,,,,,
59,9,26,0,,,,,,,,
5,9,26,2,1,0,0,0,0,0,,
0,9,26,0,,,,,,,,
10,9,27,1,0,1,0,0,1,0,,
6,9,27,0,,,,,,,,
0,9,27,0,,,,,,,,
53,9,28,0,,,,,,,,
33,9,28,2,0,0,1,0,0,0,,
0,9,28,0,,,,,,,,
55,9,29,1,0,0,0,0,0,0,,
37,9,29,0,,,,,,,,
0,9,29,0,,,,,,,,
33,9,30,0,,,,,,,,
17,9,30,2,0,0,0,0,0,0,,
0,9,30,0,,,,,,,,
9,9,31,1,0,1,0,0,0,0,,
63,9,31,0,,,,,,,,
0,9,31,0,,,,,,,,
30,9,32,0,,,,,,,,
48,9,32,2,0,0,1,1,1,0,,
0,9,32,0,,,,,,,,
29,10,1,1,1,1,0,1,1,0,,
0,10,1,0,,,,,,,,
45,10,1,0,,,,,,,,
22,10,2,0,,,,,,,,
0,10,2,0,,,,,,,,
19,10,2,2,1,1,1,1,1,1,0,
56,10,3,1,1,1,1,1,0,0,,
0,10,3,0,,,,,,,,
48,10,3,0,,,,,,,,
65,10,4,0,,,,,,,,
0,10,4,0,,,,,,,,
58,10,4,2,1,1,0,0,1,0,,
46,10,5,1,1,0,0,0,1,0,,
0,10,5,0,,,,,,,,
40,10,5,0,,,,,,,,
14,10,6,0,,,,,,,,
0,10,6,0,,,,,,,,
27,10,6,2,0,0,0,1,0,0,,
51,10,7,1,1,1,0,1,0,0,,
0,10,7,0,,,,,,,,
20,10,7,0,,,,,,,,
26,10,8,0,,,,,,,,
0,10,8,0,,,,,,,,
63,10,8,2,1,0,0,0,0,0,,
9,10,9,1,1,1,1,1,1,0,,
0,10,9,0,,,,,,,,
11,10,9,0,,,,,,,,
50,10,10,0,,,,,,,,
0,10,10,0,,,,,,,,
34,10,10,2,0,0,0,0,1,0,,
45,10,11,1,0,1,1,0,1,0,,
62,10,11,0,,,,,,,,
0,10,11,0,,,,,,,,
42,10,12,0,,,,,,,,
38,10,12,2,1,0,0,0,1,0,0,
0,10,12,0,,,,,,,,
16,10,13,1,1,0,0,0,1,1,0,
18,10,13,0,,,,,,,,
0,10,13,0,,,,,,,,
55,10,14,0,,,,,,,,
67,10,14,2,1,1,1,1,1,0,,
0,10,14,0,,,,,,,,
42,10,15,1,1,1,0,0,1,0,,
5,10,15,0,,,,,,,,
0,10,15,0,,,,,,,,
7,10,16,0,,,,,,,,
15,10,16,2,1,0,0,0,0,0,,
0,10,16,0,,,,,,,,
61,10,17,1,1,1,0,0,0,0,,
28,10,17,0,,,,,,,,
0,10,17,0,,,,,,,,
54,10,18,0,,,,,,,,
31,10,18,2,0,1,0,1,1,0,,
0,10,18,0,,,,,,,,
55,10,19,1,1,1,1,1,1,0,,
56,10,19,0,,,,,,,,
0,10,19,0,,,,,,,,
32,10,20,0,,,,,,,,
33,10,20,2,1,1,1,0,0,0,,
0,10,20,0,,,,,,,,
25,10,21,1,1,1,1,1,1,0,,
57,10,21,0,,,,,,,,
0,10,21,0,,,,,,,,
13,10,22,0,,,,,,,,
66,10,22,2,1,1,1,1,1,0,,
0,10,22,0,,,,,,,,
40,10,23,1,0,1,0,0,1,0,,
58,10,23,0,,,,,,,,
0,10,23,0,,,,,,,,
67,10,24,0,,,,,,,,
37,10,24,2,1,0,0,0,1,0,,
0,10,24,0,,,,,,,,
14,10,25,1,0,0,0,0,0,0,,
34,10,25,0,,,,,,,,
0,10,25,0,,,,,,,,
59,10,26,0,,,,,,,,
65,10,26,2,1,1,1,0,0,0,,
0,10,26,0,,,,,,,,
36,10,27,1,1,0,0,1,0,0,,
6,10,27,0,,,,,,,,
0,10,27,0,,,,,,,,
53,10,28,0,,,,,,,,
41,10,28,2,1,1,1,0,1,0,,
0,10,28,0,,,,,,,,
44,10,29,1,1,1,0,0,0,0,,
37,10,29,0,,,,,,,,
0,10,29,0,,,,,,,,
33,10,30,0,,,,,,,,
62,10,30,2,1,1,0,1,1,0,,
0,10,30,0,,,,,,,,
60,10,31,1,1,0,0,1,1,0,,
63,10,31,0,,,,,,,,
0,10,31,0,,,,,,,,
30,10,32,0,,,,,,,,
26,10,32,2,1,1,1,1,0,0,,
0,10,32,0,,,,,,,,
29,11,1,0,,,,,,,,
0,11,1,0,,,,,,,,
57,11,1,2,1,0,0,1,1,1,0,
47,11,2,1,1,1,0,1,0,1,0,
0,11,2,0,,,,,,,,
19,11,2,0,,,,,,,,
56,11,3,0,,,,,,,,
0,11,3,0,,,,,,,,
6,11,3,2,0,0,0,0,1,0,,
39,11,4,1,1,1,1,1,1,0,,
0,11,4,0,,,,,,,,
58,11,4,0,,,,,,,,
46,11,5,0,,,,,,,,
0,11,5,0,,,,,,,,
17,11,5,2,1,1,0,1,0,0,,
10,11,6,1,1,0,1,1,1,1,0,
0,11,6,0,,,,,,,,
27,11,6,0,,,,,,,,
51,11,7,0,,,,,,,,
0,11,7,0,,,,,,,,
33,11,7,2,1,1,1,1,1,0,,
8,11,8,1,0,1,0,1,1,0,,
0,11,8,0,,,,,,,,
63,11,8,0,,,,,,,,
9,11,9,0,,,,,,,,
0,11,9,0,,,,,,,,
59,11,9,2,0,0,1,1,0,0,0,
26,11,10,1,1,1,0,1,1,1,0,
0,11,10,0,,,,,,,,
34,11,10,0,,,,,,,,
45,11,11,0,,,,,,,,
46,11,11,2,0,1,1,1,1,0,0,
0,11,11,0,,,,,,,,
68,11,12,1,0,1,1,1,1,1,0,
38,11,12,0,,,,,,,,
0,11,12,0,,,,,,,,
16,11,13,0,,,,,,,,
45,11,13,2,1,0,1,1,0,0,,
0,11,13,0,,,,,,,,
42,11,14,1,0,0,0,1,1,1,0,
67,11,14,0,,,,,,,,
0,11,14,0,,,,,,,,
42,11,15,0,,,,,,,,
41,11,15,2,0,1,0,1,1,0,0,
0,11,15,0,,,,,,,,
14,11,16,1,1,0,0,0,1,0,,
15,11,16,0,,,,,,,,
0,11,16,0,,,,,,,,
61,11,17,0,,,,,,,,
21,11,17,2,1,0,0,1,0,0,,
0,11,17,0,,,,,,,,
32,11,18,1,0,0,1,0,1,0,,
31,11,18,0,,,,,,,,
0,11,18,0,,,,,,,,
55,11,19,0,,,,,,,,
12,11,19,2,1,1,0,1,0,0,,
0,11,19,0,,,,,,,,
54,11,20,1,1,1,1,1,0,0,,
33,11,20,0,,,,,,,,
0,11,20,0,,,,,,,,
25,11,21,0,,,,,,,,
16,11,21,2,1,1,1,1,1,0,,
0,11,21,0,,,,,,,,
55,11,22,1,0,1,0,1,1,0,,
66,11,22,0,,,,,,,,
0,11,22,0,,,,,,,,
40,11,23,0,,,,,,,,
24,11,23,2,0,1,1,1,1,0,,
0,11,23,0,,,,,,,,
62,11,24,1,1,1,1,0,1,0,0,
37,11,24,0,,,,,,,,
0,11,24,0,,,,,,,,
14,11,25,0,,,,,,,,
66,11,25,2,0,1,0,1,1,0,,
0,11,25,0,,,,,,,,
48,11,26,1,1,1,1,0,0,0,,
65,11,26,0,,,,,,,,
0,11,26,0,,,,,,,,
36,11,27,0,,,,,,,,
67,11,27,2,0,0,1,0,1,1,,
0,11,27,0,,,,,,,,
25,11,28,1,1,1,1,0,0,0,,
41,11,28,0,,,,,,,,
0,11,28,0,,,,,,,,
44,11,29,0,,,,,,,,
19,11,29,2,1,1,1,0,1,0,,
0,11,29,0,,,,,,,,
31,11,30,1,1,1,1,1,1,0,,
62,11,30,0,,,,,,,,
0,11,30,0,,,,,,,,
60,11,31,0,,,,,,,,
53,11,31,2,0,1,1,0,1,1,0,
0,11,31,0,,,,,,,,
56,11,32,1,0,1,1,1,0,1,0,
26,11,32,0,,,,,,,,
0,11,32,0,,,,,,,,
57,12,1,1,0,1,0,0,1,0,,
0,12,1,0,,,,,,,,
57,12,1,0,,,,,,,,
47,12,2,0,,,,,,,,
0,12,2,0,,,,,,,,
25,12,2,2,1,1,0,0,1,0,,
46,12,3,1,1,0,1,0,1,0,,
0,12,3,0,,,,,,,,
6,12,3,0,,,,,,,,
39,12,4,0,,,,,,,,
0,12,4,0,,,,,,,,
23,12,4,2,1,0,1,0,1,0,,
10,12,5,1,1,1,0,0,0,0,,
0,12,5,0,,,,,,,,
17,12,5,0,,,,,,,,
10,12,6,0,,,,,,,,
0,12,6,0,,,,,,,,
66,12,6,2,1,1,1,1,1,0,,
18,12,7,1,1,1,0,0,0,0,,
0,12,7,0,,,,,,,,
33,12,7,0,,,,,,,,
8,12,8,0,,,,,,,,
0,12,8,0,,,,,,,,
32,12,8,2,0,0,0,0,0,0,,
8,12,9,1,1,0,0,0,1,0,,
0,12,9,0,,,,,,,,
59,12,9,0,,,,,,,,
26,12,10,0,,,,,,,,
0,12,10,0,,,,,,,,
56,12,10,2,0,0,0,0,0,0,,
20,12,11,1,1,1,1,1,1,0,,
46,12,11,0,,,,,,,,
0,12,11,0,,,,,,,,
68,12,12,0,,,,,,,,
51,12,12,2,1,0,1,1,1,0,,
0,12,12,0,,,,,,,,
49,12,13,1,1,0,0,1,1,0,,
45,12,13,0,,,,,,,,
0,12,13,0,,,,,,,,
42,12,14,0,,,,,,,,
31,12,14,2,1,1,0,1,0,0,,
0,12,14,0,,,,,,,,
7,12,15,1,0,1,1,1,1,0,,
41,12,15,0,,,,,,,,
0,12,15,0,,,,,,,,
14,12,16,0,,,,,,,,
67,12,16,2,1,0,1,1,0,0,,
0,12,16,0,,,,,,,,
14,12,17,1,1,1,0,0,0,0,,
21,12,17,0,,,,,,,,
0,12,17,0,,,,,,,,
32,12,18,0,,,,,,,,
22,12,18,2,0,1,1,0,1,0,,
0,12,18,0,,,,,,,,
12,12,19,1,1,1,0,0,0,0,,
12,12,19,0,,,,,,,,
0,12,19,0,,,,,,,,
54,12,20,0,,,,,,,,
42,12,20,2,1,0,0,1,0,0,,
0,12,20,0,,,,,,,,
15,12,21,1,1,1,0,0,1,0,,
16,12,21,0,,,,,,,,
0,12,21,0,,,,,,,,
55,12,22,0,,,,,,,,
52,12,22,2,0,1,1,1,1,0,,
0,12,22,0,,,,,,,,
50,12,23,1,1,0,0,0,0,0,,
24,12,23,0,,,,,,,,
0,12,23,0,,,,,,,,
62,12,24,0,,,,,,,,
43,12,24,2,1,0,0,1,0,0,,
0,12,24,0,,,,,,,,
48,12,25,1,1,0,1,0,0,0,,
66,12,25,0,,,,,,,,
0,12,25,0,,,,,,,,
48,12,26,0,,,,,,,,
65,12,26,2,0,0,0,0,0,0,,
0,12,26,0,,,,,,,,
63,12,27,1,0,1,1,1,1,0,,
67,12,27,0,,,,,,,,
0,12,27,0,,,,,,,,
25,12,28,0,,,,,,,,
54,12,28,2,1,0,0,1,1,0,,
0,12,28,0,,,,,,,,
13,12,29,1,1,1,0,1,0,0,,
19,12,29,0,,,,,,,,
0,12,29,0,,,,,,,,
31,12,30,0,,,,,,,,
41,12,30,2,1,0,0,0,0,0,,
0,12,30,0,,,,,,,,
39,12,31,1,1,0,0,0,0,0,,
53,12,31,0,,,,,,,,
0,12,31,0,,,,,,,,
56,12,32,0,,,,,,,,
53,12,32,2,1,1,1,0,0,0,,
0,12,32,0,,,,,,,,
57,13,1,0,,,,,,,,
0,13,1,0,,,,,,,,
49,13,1,2,1,0,0,0,0,0,,
16,13,2,1,1,0,0,1,1,0,,
0,13,2,0,,,,,,,,
25,13,2,0,,,,,,,,
46,13,3,0,,,,,,,,
0,13,3,0,,,,,,,,
12,13,3,2,1,1,0,0,1,0,,
58,13,4,1,1,0,0,0,0,0,,
0,13,4,0,,,,,,,,
23,13,4,0,,,,,,,,
10,13,5,0,,,,,,,,
0,13,5,0,,,,,,,,
5,13,5,2,1,1,0,1,1,0,,
22,13,6,1,0,1,0,0,0,0,,
0,13,6,0,,,,,,,,
66,13,6,0,,,,,,,,
18,13,7,0,,,,,,,,
0,13,7,0,,,,,,,,
14,13,7,2,1,1,1,0,0,0,,
35,13,8,1,0,0,1,0,0,1,,
0,13,8,0,,,,,,,,
32,13,8,0,,,,,,,,
8,13,9,0,,,,,,,,
0,13,9,0,,,,,,,,
26,13,9,2,1,1,1,1,1,0,,
52,13,10,1,0,0,1,0,0,0,,
0,13,10,0,,,,,,,,
56,13,10,0,,,,,,,,
20,13,11,0,,,,,,,,
54,13,11,2,1,1,0,0,1,0,,
0,13,11,0,,,,,,,,
64,13,12,1,1,1,1,1,0,0,,
51,13,12,0,,,,,,,,
0,13,12,0,,,,,,,,
49,13,13,0,,,,,,,,
32,13,13,2,0,1,0,0,1,0,,
0,13,13,0,,,,,,,,
67,13,14,1,1,0,1,1,0,0,,
31,13,14,0,,,,,,,,
0,13,14,0,,,,,,,,
7,13,15,0,,,,,,,,
44,13,15,2,0,1,1,1,1,0,,
0,13,15,0,,,,,,,,
51,13,16,1,1,0,0,0,0,0,,
67,13,16,0,,,,,,,,
0,13,16,0,,,,,,,,
14,13,17,0,,,,,,,,
56,13,17,2,1,0,1,0,0,0,,
0,13,17,0,,,,,,,,
8,13,18,1,1,0,1,0,0,0,,
22,13,18,0,,,,,,,,
0,13,18,0,,,,,,,,
12,13,19,0,,,,,,,,
9,13,19,2,1,0,1,1,0,0,,
0,13,19,0,,,,,,,,
66,13,20,1,1,1,0,0,1,0,,
42,13,20,0,,,,,,,,
0,13,20,0,,,,,,,,
15,13,21,0,,,,,,,,
45,13,21,2,0,0,0,0,0,0,,
0,13,21,0,,,,,,,,
63,13,22,1,1,1,0,0,0,0,,
52,13,22,0,,,,,,,,
0,13,22,0,,,,,,,,
50,13,23,0,,,,,,,,
62,13,23,2,1,1,0,1,0,0,,
0,13,23,0,,,,,,,,
18,13,24,1,0,0,0,0,1,0,,
43,13,24,0,,,,,,,,
0,13,24,0,,,,,,,,
48,13,25,0,,,,,,,,
34,13,25,2,1,1,1,1,1,0,,
0,13,25,0,,,,,,,,
10,13,26,1,0,0,1,1,0,0,,
65,13,26,0,,,,,,,,
0,13,26,0,,,,,,,,
63,13,27,0,,,,,,,,
7,13,27,2,0,0,0,1,1,0,,
0,13,27,0,,,,,,,,
33,13,28,1,1,0,0,0,1,0,,
54,13,28,0,,,,,,,,
0,13,28,0,,,,,,,,
13,13,29,0,,,,,,,,
55,13,29,2,0,1,0,0,0,0,,
0,13,29,0,,,,,,,,
20,13,30,1,1,0,1,0,0,0,,
41,13,30,0,,,,,,,,
0,13,30,0,,,,,,,,
39,13,31,0,,,,,,,,
24,13,31,2,1,0,0,0,0,0,,
0,13,31,0,,,,,,,,
57,13,32,1,0,0,0,1,0,0,,
53,13,32,0,,,,,,,,
0,13,32,0,,,,,,,,
57,14,1,0,,,,,,,,
0,14,1,0,,,,,,,,
13,14,1,2,0,1,1,0,0,0,,
8,14,2,1,1,1,0,1,1,0,,
0,14,2,0,,,,,,,,
25,14,2,0,,,,,,,,
46,14,3,0,,,,,,,,
0,14,3,0,,,,,,,,
62,14,3,2,1,1,1,1,0,0,,
11,14,4,1,1,1,0,1,1,0,0,
0,14,4,0,,,,,,,,
23,14,4,0,,,,,,,,
10,14,5,0,,,,,,,,
0,14,5,0,,,,,,,,
58,14,5,2,1,1,1,1,1,0,,
64,14,6,1,1,1,1,0,1,1,,
0,14,6,0,,,,,,,,
66,14,6,0,,,,,,,,
18,14,7,0,,,,,,,,
0,14,7,0,,,,,,,,
35,14,7,2,1,1,1,1,1,0,,
55,14,8,1,1,1,0,0,0,0,,
0,14,8,0,,,,,,,,
32,14,8,0,,,,,,,,
8,14,9,0,,,,,,,,
0,14,9,0,,,,,,,,
50,14,9,2,0,1,1,1,1,0,,
17,14,10,1,0,1,1,1,0,0,,
0,14,10,0,,,,,,,,
56,14,10,0,,,,,,,,
20,14,11,0,,,,,,,,
46,14,11,2,1,1,1,1,0,0,,
0,14,11,0,,,,,,,,
39,14,12,1,1,0,0,1,0,0,,
51,14,12,0,,,,,,,,
0,14,12,0,,,,,,,,
49,14,13,0,,,,,,,,
26,14,13,2,1,0,1,1,0,0,,
0,14,13,0,,,,,,,,
32,14,14,1,1,1,0,1,1,0,,
31,14,14,0,,,,,,,,
0,14,14,0,,,,,,,,
7,14,15,0,,,,,,,,
22,14,15,2,1,1,1,1,1,1,,
0,14,15,0,,,,,,,,
23,14,16,1,1,1,1,0,1,0,,
67,14,16,0,,,,,,,,
0,14,16,0,,,,,,,,
14,14,17,0,,,,,,,,
28,14,17,2,1,1,1,0,1,0,,
0,14,17,0,,,,,,,,
49,14,18,1,1,1,0,0,0,0,,
22,14,18,0,,,,,,,,
0,14,18,0,,,,,,,,
12,14,19,0,,,,,,,,
30,14,19,2,1,1,1,0,0,0,,
0,14,19,0,,,,,,,,
45,14,20,1,1,1,0,0,0,0,,
42,14,20,0,,,,,,,,
0,14,20,0,,,,,,,,
15,14,21,0,,,,,,,,
31,14,21,2,1,1,0,1,0,0,,
0,14,21,0,,,,,,,,
16,14,22,1,0,1,1,1,1,0,,
52,14,22,0,,,,,,,,
0,14,22,0,,,,,,,,
50,14,23,0,,,,,,,,
61,14,23,2,1,1,1,0,0,0,,
0,14,23,0,,,,,,,,
37,14,24,1,1,1,0,1,1,0,,
43,14,24,0,,,,,,,,
0,14,24,0,,,,,,,,
48,14,25,0,,,,,,,,
38,14,25,2,1,1,0,1,0,0,,
0,14,25,0,,,,,,,,
40,14,26,1,0,0,0,0,0,0,,
65,14,26,0,,,,,,,,
0,14,26,0,,,,,,,,
63,14,27,0,,,,,,,,
27,14,27,2,1,1,1,0,1,0,,
0,14,27,0,,,,,,,,
66,14,28,1,1,1,1,0,0,0,,
54,14,28,0,,,,,,,,
0,14,28,0,,,,,,,,
13,14,29,0,,,,,,,,
5,14,29,2,1,1,1,1,1,0,,
0,14,29,0,,,,,,,,
10,14,30,1,1,1,0,0,0,0,,
41,14,30,0,,,,,,,,
0,14,30,0,,,,,,,,
39,14,31,0,,,,,,,,
53,14,31,2,1,1,1,0,1,0,,
0,14,31,0,,,,,,,,
54,14,32,1,1,1,0,0,0,0,,
53,14,32,0,,,,,,,,
0,14,32,0,,,,,,,,
57,15,1,0,,,,,,,,
0,15,1,0,,,,,,,,
36,15,1,2,1,1,0,0,1,0,,
24,15,2,1,1,0,0,0,0,0,,
0,15,2,0,,,,,,,,
25,15,2,0,,,,,,,,
46,15,3,0,,,,,,,,
0,15,3,0,,,,,,,,
14,15,3,2,0,0,0,1,1,0,,
55,15,4,1,0,0,0,0,1,0,,
0,15,4,0,,,,,,,,
23,15,4,0,,,,,,,,
10,15,5,0,,,,,,,,
0,15,5,0,,,,,,,,
10,15,5,2,0,0,0,0,0,0,,
46,15,6,1,0,0,1,1,1,0,,
0,15,6,0,,,,,,,,
66,15,6,0,,,,,,,,
18,15,7,0,,,,,,,,
0,15,7,0,,,,,,,,
34,15,7,2,1,1,1,0,0,0,,
20,15,8,1,1,1,0,0,0,0,,
0,15,8,0,,,,,,,,
32,15,8,0,,,,,,,,
8,15,9,0,,,,,,,,
0,15,9,0,,,,,,,,
48,15,9,2,0,0,0,0,1,0,,
52,15,10,1,1,1,0,1,0,0,,
0,15,10,0,,,,,,,,
56,15,10,0,,,,,,,,
20,15,11,0,,,,,,,,
56,15,11,2,0,1,0,0,1,0,,
0,15,11,0,,,,,,,,
44,15,12,1,0,0,0,0,1,0,,
51,15,12,0,,,,,,,,
0,15,12,0,,,,,,,,
49,15,13,0,,,,,,,,
64,15,13,2,0,0,0,0,1,0,,
0,15,13,0,,,,,,,,
16,15,14,1,0,0,1,0,0,0,,
31,15,14,0,,,,,,,,
0,15,14,0,,,,,,,,
7,15,15,0,,,,,,,,
28,15,15,2,1,0,1,0,1,0,,
0,15,15,0,,,,,,,,
12,15,16,1,1,1,1,1,0,0,,
67,15,16,0,,,,,,,,
0,15,16,0,,,,,,,,
14,15,17,0,,,,,,,,
41,15,17,2,1,0,0,0,1,0,,
0,15,17,0,,,,,,,,
40,15,18,1,0,0,0,0,0,0,,
22,15,18,0,,,,,,,,
0,15,18,0,,,,,,,,
12,15,19,0,,,,,,,,
7,15,19,2,0,0,0,0,0,0,,
0,15,19,0,,,,,,,,
62,15,20,1,0,0,0,0,0,0,,
42,15,20,0,,,,,,,,
0,15,20,0,,,,,,,,
15,15,21,0,,,,,,,,
51,15,21,2,0,0,0,0,0,0,,
0,15,21,0,,,,,,,,
38,15,22,1,0,0,0,0,0,0,,
52,15,22,0,,,,,,,,
0,15,22,0,,,,,,,,
50,15,23,0,,,,,,,,
13,15,23,2,1,1,0,1,0,0,,
0,15,23,0,,,,,,,,
58,15,24,1,0,0,0,1,1,0,,
43,15,24,0,,,,,,,,
0,15,24,0,,,,,,,,
48,15,25,0,,,,,,,,
61,15,25,2,0,0,0,0,0,0,,
0,15,25,0,,,,,,,,
47,15,26,1,1,0,0,0,1,0,,
65,15,26,0,,,,,,,,
0,15,26,0,,,,,,,,
63,15,27,0,,,,,,,,
9,15,27,2,0,0,1,1,1,0,,
0,15,27,0,,,,,,,,
42,15,28,1,0,0,0,0,1,0,,
54,15,28,0,,,,,,,,
0,15,28,0,,,,,,,,
13,15,29,0,,,,,,,,
17,15,29,2,0,0,1,0,0,0,,
0,15,29,0,,,,,,,,
19,15,30,1,0,1,0,0,0,0,,
41,15,30,0,,,,,,,,
0,15,30,0,,,,,,,,
39,15,31,0,,,,,,,,
60,15,31,2,0,0,0,0,0,0,,
0,15,31,0,,,,,,,,
39,15,32,1,0,1,0,0,0,0,,
53,15,32,0,,,,,,,,
0,15,32,0,,,,,,,,
57,16,1,0,,,,,,,,
0,16,1,0,,,,,,,,
54,16,1,2,0,1,0,1,1,0,,
41,16,2,1,0,1,1,0,0,0,,
0,16,2,0,,,,,,,,
25,16,2,0,,,,,,,,
46,16,3,0,,,,,,,,
0,16,3,0,,,,,,,,
33,16,3,2,0,0,0,0,1,0,,
63,16,4,1,0,1,1,1,1,0,,
0,16,4,0,,,,,,,,
23,16,4,0,,,,,,,,
10,16,5,0,,,,,,,,
0,16,5,0,,,,,,,,
45,16,5,2,0,1,1,0,0,0,,
62,16,6,1,0,1,0,1,0,0,,
0,16,6,0,,,,,,,,
66,16,6,0,,,,,,,,
18,16,7,0,,,,,,,,
0,16,7,0,,,,,,,,
64,16,7,2,0,1,1,1,1,0,,
16,16,8,1,1,0,0,0,0,0,,
0,16,8,0,,,,,,,,
32,16,8,0,,,,,,,,
8,16,9,0,,,,,,,,
0,16,9,0,,,,,,,,
14,16,9,2,0,0,0,0,1,0,,
21,16,10,1,1,0,0,0,0,0,,
0,16,10,0,,,,,,,,
56,16,10,0,,,,,,,,
20,16,11,0,,,,,,,,
37,16,11,2,0,0,1,0,1,0,,
0,16,11,0,,,,,,,,
19,16,12,1,1,0,0,0,1,0,,
51,16,12,0,,,,,,,,
0,16,12,0,,,,,,,,
49,16,13,0,,,,,,,,
44,16,13,2,0,1,1,0,0,0,,
0,16,13,0,,,,,,,,
35,16,14,1,0,0,0,0,0,0,,
31,16,14,0,,,,,,,,
0,16,14,0,,,,,,,,
7,16,15,0,,,,,,,,
7,16,15,2,0,0,0,0,0,0,,
0,16,15,0,,,,,,,,
17,16,16,1,0,0,0,0,0,0,,
67,16,16,0,,,,,,,,
0,16,16,0,,,,,,,,
14,16,17,0,,,,,,,,
22,16,17,2,1,0,0,0,0,0,,
0,16,17,0,,,,,,,,
27,16,18,1,0,0,0,0,0,0,,
22,16,18,0,,,,,,,,
0,16,18,0,,,,,,,,
12,16,19,0,,,,,,,,
57,16,19,2,0,1,1,1,0,0,,
0,16,19,0,,,,,,,,
39,16,20,1,0,1,1,0,0,0,,
42,16,20,0,,,,,,,,
0,16,20,0,,,,,,,,
15,16,21,0,,,,,,,,
28,16,21,2,0,0,0,0,0,0,,
0,16,21,0,,,,,,,,
50,16,22,1,0,1,1,0,0,0,,
52,16,22,0,,,,,,,,
0,16,22,0,,,,,,,,
50,16,23,0,,,,,,,,
52,16,23,2,0,1,0,0,0,0,,
0,16,23,0,,,,,,,,
12,16,24,1,1,0,0,0,1,0,,
43,16,24,0,,,,,,,,
0,16,24,0,,,,,,,,
48,16,25,0,,,,,,,,
11,16,25,2,0,1,0,0,0,0,,
0,16,25,0,,,,,,,,
42,16,26,1,1,0,0,0,0,0,,
65,16,26,0,,,,,,,,
0,16,26,0,,,,,,,,
63,16,27,0,,,,,,,,
56,16,27,2,0,1,1,1,0,0,,
0,16,27,0,,,,,,,,
13,16,28,1,0,0,1,0,1,0,,
54,16,28,0,,,,,,,,
0,16,28,0,,,,,,,,
13,16,29,0,,,,,,,,
6,16,29,2,0,0,0,0,0,0,,
0,16,29,0,,,,,,,,
61,16,30,1,0,1,0,1,1,0,,
41,16,30,0,,,,,,,,
0,16,30,0,,,,,,,,
39,16,31,0,,,,,,,,
5,16,31,2,0,0,1,0,0,0,,
0,16,31,0,,,,,,,,
53,16,32,1,0,1,0,0,0,0,,
53,16,32,0,,,,,,,,
0,16,32,0,,,,,,,,
57,17,1,0,,,,,,,,
0,17,1,0,,,,,,,,
35,17,1,2,1,0,0,0,1,0,,
32,17,2,1,0,1,0,1,1,0,,
0,17,2,0,,,,,,,,
25,17,2,0,,,,,,,,
46,17,3,0,,,,,,,,
0,17,3,0,,,,,,,,
18,17,3,2,0,0,0,1,1,0,,
66,17,4,1,1,0,0,1,0,0,,
0,17,4,0,,,,,,,,
23,17,4,0,,,,,,,,
10,17,5,0,,,,,,,,
0,17,5,0,,,,,,,,
47,17,5,2,0,0,0,0,0,0,,
5,17,6,1,1,0,0,0,1,0,,
0,17,6,0,,,,,,,,
66,17,6,0,,,,,,,,
18,17,7,0,,,,,,,,
0,17,7,0,,,,,,,,
13,17,7,2,0,0,0,1,0,0,,
30,17,8,1,0,1,0,1,1,0,,
0,17,8,0,,,,,,,,
32,17,8,0,,,,,,,,
8,17,9,0,,,,,,,,
0,17,9,0,,,,,,,,
27,17,9,2,0,0,0,1,1,0,,
49,17,10,1,1,0,0,0,0,0,,
0,17,10,0,,,,,,,,
56,17,10,0,,,,,,,,
20,17,11,0,,,,,,,,
15,17,11,2,1,1,0,1,1,0,,
0,17,11,0,,,,,,,,
12,17,12,1,1,1,1,1,0,0,,
51,17,12,0,,,,,,,,
0,17,12,0,,,,,,,,
49,17,13,0,,,,,,,,
44,17,13,2,0,1,1,0,0,0,,
0,17,13,0,,,,,,,,
64,17,14,1,0,0,0,0,0,0,,
31,17,14,0,,,,,,,,
0,17,14,0,,,,,,,,
7,17,15,0,,,,,,,,
20,17,15,2,0,1,0,1,0,0,,
0,17,15,0,,,,,,,,
41,17,16,1,0,0,0,0,0,0,,
67,17,16,0,,,,,,,,
0,17,16,0,,,,,,,,
14,17,17,0,,,,,,,,
51,17,17,2,1,0,1,0,1,0,,
0,17,17,0,,,,,,,,
52,17,18,1,1,1,0,1,0,0,,
22,17,18,0,,,,,,,,
0,17,18,0,,,,,,,,
12,17,19,0,,,,,,,,
7,17,19,2,1,0,0,1,0,0,,
0,17,19,0,,,,,,,,
26,17,20,1,1,1,1,0,0,0,,
42,17,20,0,,,,,,,,
0,17,20,0,,,,,,,,
15,17,21,0,,,,,,,,
58,17,21,2,0,0,0,0,0,0,,
0,17,21,0,,,,,,,,
55,17,22,1,1,0,1,0,0,0,,
52,17,22,0,,,,,,,,
0,17,22,0,,,,,,,,
50,17,23,0,,,,,,,,
42,17,23,2,1,0,1,1,1,0,,
0,17,23,0,,,,,,,,
40,17,24,1,1,1,0,1,1,0,,
43,17,24,0,,,,,,,,
0,17,24,0,,,,,,,,
48,17,25,0,,,,,,,,
23,17,25,2,1,0,0,1,1,0,,
0,17,25,0,,,,,,,,
34,17,26,1,1,1,1,0,0,0,,
65,17,26,0,,,,,,,,
0,17,26,0,,,,,,,,
63,17,27,0,,,,,,,,
56,17,27,2,1,0,0,0,1,0,,
0,17,27,0,,,,,,,,
29,17,28,1,1,0,0,1,0,0,,
54,17,28,0,,,,,,,,
0,17,28,0,,,,,,,,
13,17,29,0,,,,,,,,
45,17,29,2,0,1,0,0,1,0,,
0,17,29,0,,,,,,,,
62,17,30,1,1,0,0,0,0,0,,
41,17,30,0,,,,,,,,
0,17,30,0,,,,,,,,
39,17,31,0,,,,,,,,
63,17,31,2,0,0,0,1,0,0,,
0,17,31,0,,,,,,,,
46,17,32,1,1,0,0,0,0,0,,
53,17,32,0,,,,,,,,
0,17,32,0,,,,,,,,
