seq,subj,item,cond,R1,R2,R3,R4,R5,R6,R7,R8
25,1,1,1,1,1,0,0,1,0,,
0,1,1,0,,,,,,,,
0,1,1,0,,,,,,,,
0,1,2,0,,,,,,,,
0,1,2,0,,,,,,,,
28,1,2,2,1,1,0,0,0,0,,
47,1,3,1,1,1,0,0,1,0,,
0,1,3,0,,,,,,,,
0,1,3,0,,,,,,,,
0,1,4,0,,,,,,,,
0,1,4,0,,,,,,,,
30,1,4,2,1,1,1,1,0,0,,
19,1,5,1,1,1,1,0,1,0,,
0,1,5,0,,,,,,,,
0,1,5,0,,,,,,,,
0,1,6,0,,,,,,,,
0,1,6,0,,,,,,,,
9,1,6,2,1,1,0,0,1,0,,
40,1,7,1,1,1,1,1,0,0,,
0,1,7,0,,,,,,,,
0,1,7,0,,,,,,,,
0,1,8,0,,,,,,,,
0,1,8,0,,,,,,,,
64,1,8,2,1,1,0,0,0,0,,
51,1,9,1,0,1,0,1,1,0,,
0,1,9,0,,,,,,,,
0,1,9,0,,,,,,,,
0,1,10,0,,,,,,,,
0,1,10,0,,,,,,,,
12,1,10,2,0,1,0,0,0,0,,
66,1,11,1,,1,0,0,1,0,,
0,1,11,0,,,,,,,,
0,1,11,0,,,,,,,,
0,1,12,0,,,,,,,,
45,1,12,2,1,1,0,0,1,0,,
0,1,12,0,,,,,,,,
44,1,13,1,1,1,0,1,0,0,,
0,1,13,0,,,,,,,,
0,1,13,0,,,,,,,,
0,1,14,0,,,,,,,,
57,1,14,2,1,1,0,1,0,0,,
0,1,14,0,,,,,,,,
35,1,15,1,1,1,1,1,1,0,,
0,1,15,0,,,,,,,,
0,1,15,0,,,,,,,,
0,1,16,0,,,,,,,,
50,1,16,2,1,1,0,0,0,0,,
0,1,16,0,,,,,,,,
14,1,17,1,1,1,1,0,0,0,,
0,1,17,0,,,,,,,,
0,1,17,0,,,,,,,,
0,1,18,0,,,,,,,,
58,1,18,2,1,1,1,1,0,0,,
0,1,18,0,,,,,,,,
67,1,19,1,1,1,0,0,0,0,,
0,1,19,0,,,,,,,,
0,1,19,0,,,,,,,,
0,1,20,0,,,,,,,,
21,1,20,2,1,1,1,1,0,0,,
0,1,20,0,,,,,,,,
8,1,21,1,1,1,0,0,0,0,,
0,1,21,0,,,,,,,,
0,1,21,0,,,,,,,,
0,1,22,0,,,,,,,,
7,1,22,2,1,1,1,0,0,0,,
0,1,22,0,,,,,,,,
33,1,23,1,1,1,0,0,0,0,,
0,1,23,0,,,,,,,,
0,1,23,0,,,,,,,,
0,1,24,0,,,,,,,,
5,1,24,2,1,1,0,0,1,0,,
0,1,24,0,,,,,,,,
32,1,25,1,1,1,0,0,0,0,,
0,1,25,0,,,,,,,,
0,1,25,0,,,,,,,,
0,1,26,0,,,,,,,,
59,1,26,2,1,1,1,0,0,0,,
0,1,26,0,,,,,,,,
60,1,27,1,0,1,1,0,1,0,,
0,1,27,0,,,,,,,,
0,1,27,0,,,,,,,,
0,1,28,0,,,,,,,,
68,1,28,2,0,1,1,0,1,0,,
0,1,28,0,,,,,,,,
15,1,29,1,1,1,0,1,0,0,,
0,1,29,0,,,,,,,,
0,1,29,0,,,,,,,,
0,1,30,0,,,,,,,,
49,1,30,2,1,1,0,0,0,0,,
0,1,30,0,,,,,,,,
18,1,31,1,1,1,1,0,0,0,,
0,1,31,0,,,,,,,,
0,1,31,0,,,,,,,,
0,1,32,0,,,,,,,,
63,1,32,2,1,1,1,0,0,0,,
0,1,32,0,,,,,,,,
33,2,1,1,0,1,0,0,1,0,,
0,2,1,0,,,,,,,,
0,2,1,0,,,,,,,,
0,2,2,0,,,,,,,,
0,2,2,0,,,,,,,,
39,2,2,2,0,0,1,0,0,0,,
19,2,3,1,1,0,0,1,0,0,,
0,2,3,0,,,,,,,,
0,2,3,0,,,,,,,,
0,2,4,0,,,,,,,,
0,2,4,0,,,,,,,,
25,2,4,2,0,0,0,0,0,0,,
12,2,5,1,1,0,0,0,1,0,,
0,2,5,0,,,,,,,,
0,2,5,0,,,,,,,,
0,2,6,0,,,,,,,,
0,2,6,0,,,,,,,,
54,2,6,2,1,0,0,0,0,0,,
18,2,7,1,1,1,0,,0,,,
0,2,7,0,,,,,,,,
0,2,7,0,,,,,,,,
0,2,8,0,,,,,,,,
0,2,8,0,,,,,,,,
34,2,8,2,0,0,0,1,1,0,,
57,2,9,1,0,0,0,0,0,0,,
0,2,9,0,,,,,,,,
0,2,9,0,,,,,,,,
0,2,10,0,,,,,,,,
0,2,10,0,,,,,,,,
5,2,10,2,1,1,1,1,0,1,0,
14,2,11,1,,0,1,1,1,0,,
0,2,11,0,,,,,,,,
0,2,11,0,,,,,,,,
0,2,12,0,,,,,,,,
65,2,12,2,0,0,0,1,0,0,,
0,2,12,0,,,,,,,,
29,2,13,1,0,0,0,0,0,0,,
0,2,13,0,,,,,,,,
0,2,13,0,,,,,,,,
0,2,14,0,,,,,,,,
44,2,14,2,1,0,1,1,0,0,,
0,2,14,0,,,,,,,,
21,2,15,1,0,0,0,0,0,0,,
0,2,15,0,,,,,,,,
0,2,15,0,,,,,,,,
0,2,16,0,,,,,,,,
15,2,16,2,,0,1,1,1,0,,
0,2,16,0,,,,,,,,
46,2,17,1,0,0,0,0,0,0,,
0,2,17,0,,,,,,,,
0,2,17,0,,,,,,,,
0,2,18,0,,,,,,,,
27,2,18,2,0,0,0,0,0,0,,
0,2,18,0,,,,,,,,
53,2,19,1,0,0,0,0,0,0,,
0,2,19,0,,,,,,,,
0,2,19,0,,,,,,,,
0,2,20,0,,,,,,,,
22,2,20,2,0,0,0,0,0,0,,
0,2,20,0,,,,,,,,
37,2,21,1,0,0,0,0,0,0,,
0,2,21,0,,,,,,,,
0,2,21,0,,,,,,,,
0,2,22,0,,,,,,,,
49,2,22,2,1,0,0,0,0,0,,
0,2,22,0,,,,,,,,
24,2,23,1,0,0,0,0,0,0,,
0,2,23,0,,,,,,,,
0,2,23,0,,,,,,,,
0,2,24,0,,,,,,,,
52,2,24,2,0,0,0,1,0,0,,
0,2,24,0,,,,,,,,
62,2,25,1,0,0,0,0,0,0,,
0,2,25,0,,,,,,,,
0,2,25,0,,,,,,,,
0,2,26,0,,,,,,,,
16,2,26,2,0,0,1,0,0,0,,
0,2,26,0,,,,,,,,
31,2,27,1,0,0,0,0,1,0,,
0,2,27,0,,,,,,,,
0,2,27,0,,,,,,,,
0,2,28,0,,,,,,,,
50,2,28,2,0,0,0,0,0,0,,
0,2,28,0,,,,,,,,
17,2,29,1,,0,1,1,0,0,,
0,2,29,0,,,,,,,,
0,2,29,0,,,,,,,,
0,2,30,0,,,,,,,,
11,2,30,2,,1,1,0,1,0,,
0,2,30,0,,,,,,,,
9,2,31,1,0,0,0,0,0,0,,
0,2,31,0,,,,,,,,
0,2,31,0,,,,,,,,
0,2,32,0,,,,,,,,
41,2,32,2,1,0,0,0,1,0,,
0,2,32,0,,,,,,,,
50,3,1,1,1,0,0,0,1,0,,
0,3,1,0,,,,,,,,
0,3,1,0,,,,,,,,
0,3,2,0,,,,,,,,
0,3,2,0,,,,,,,,
12,3,2,2,1,1,1,1,0,0,,
58,3,3,1,1,1,1,1,1,0,,
0,3,3,0,,,,,,,,
0,3,3,0,,,,,,,,
0,3,4,0,,,,,,,,
0,3,4,0,,,,,,,,
6,3,4,2,1,1,0,1,0,0,,
19,3,5,1,1,0,0,0,1,0,,
0,3,5,0,,,,,,,,
0,3,5,0,,,,,,,,
0,3,6,0,,,,,,,,
0,3,6,0,,,,,,,,
62,3,6,2,0,1,1,1,1,0,,
53,3,7,1,1,0,1,1,0,0,,
0,3,7,0,,,,,,,,
0,3,7,0,,,,,,,,
0,3,8,0,,,,,,,,
0,3,8,0,,,,,,,,
38,3,8,2,1,0,0,0,1,1,,
43,3,9,1,1,1,1,0,1,0,,
0,3,9,0,,,,,,,,
0,3,9,0,,,,,,,,
0,3,10,0,,,,,,,,
0,3,10,0,,,,,,,,
44,3,10,2,1,1,1,1,0,0,,
11,3,11,1,1,1,1,1,0,0,,
0,3,11,0,,,,,,,,
0,3,11,0,,,,,,,,
0,3,12,0,,,,,,,,
49,3,12,2,1,0,1,1,1,1,0,
0,3,12,0,,,,,,,,
24,3,13,1,1,1,0,1,1,0,,
0,3,13,0,,,,,,,,
0,3,13,0,,,,,,,,
0,3,14,0,,,,,,,,
39,3,14,2,1,1,1,1,1,0,,
0,3,14,0,,,,,,,,
30,3,15,1,0,1,1,0,0,0,,
0,3,15,0,,,,,,,,
0,3,15,0,,,,,,,,
0,3,16,0,,,,,,,,
21,3,16,2,1,1,1,1,1,0,,
0,3,16,0,,,,,,,,
68,3,17,1,1,1,0,1,1,0,,
0,3,17,0,,,,,,,,
0,3,17,0,,,,,,,,
0,3,18,0,,,,,,,,
35,3,18,2,0,0,0,0,1,0,,
0,3,18,0,,,,,,,,
9,3,19,1,1,1,1,0,0,0,,
0,3,19,0,,,,,,,,
0,3,19,0,,,,,,,,
0,3,20,0,,,,,,,,
47,3,20,2,0,1,1,1,1,0,,
0,3,20,0,,,,,,,,
33,3,21,1,0,0,0,0,0,0,,
0,3,21,0,,,,,,,,
0,3,21,0,,,,,,,,
0,3,22,0,,,,,,,,
37,3,22,2,0,1,0,1,1,0,,
0,3,22,0,,,,,,,,
25,3,23,1,1,0,1,0,0,0,,
0,3,23,0,,,,,,,,
0,3,23,0,,,,,,,,
0,3,24,0,,,,,,,,
36,3,24,2,0,0,0,0,1,0,,
0,3,24,0,,,,,,,,
5,3,25,1,1,1,1,0,1,0,,
0,3,25,0,,,,,,,,
0,3,25,0,,,,,,,,
0,3,26,0,,,,,,,,
56,3,26,2,1,1,1,0,0,0,,
0,3,26,0,,,,,,,,
17,3,27,1,1,1,1,0,1,0,,
0,3,27,0,,,,,,,,
0,3,27,0,,,,,,,,
0,3,28,0,,,,,,,,
8,3,28,2,1,1,1,1,1,0,,
0,3,28,0,,,,,,,,
10,3,29,1,1,1,1,1,1,0,,
0,3,29,0,,,,,,,,
0,3,29,0,,,,,,,,
0,3,30,0,,,,,,,,
23,3,30,2,0,0,1,0,1,0,,
0,3,30,0,,,,,,,,
51,3,31,1,0,1,1,1,1,0,,
0,3,31,0,,,,,,,,
0,3,31,0,,,,,,,,
0,3,32,0,,,,,,,,
34,3,32,2,1,0,0,0,1,0,,
0,3,32,0,,,,,,,,
61,4,1,1,0,0,0,0,1,0,,
0,4,1,0,,,,,,,,
0,4,1,0,,,,,,,,
0,4,2,0,,,,,,,,
0,4,2,0,,,,,,,,
31,4,2,2,1,1,1,0,0,0,,
55,4,3,1,0,1,0,0,1,0,,
0,4,3,0,,,,,,,,
0,4,3,0,,,,,,,,
0,4,4,0,,,,,,,,
0,4,4,0,,,,,,,,
16,4,4,2,0,1,0,0,0,0,,
12,4,5,1,0,0,0,0,0,0,,
0,4,5,0,,,,,,,,
0,4,5,0,,,,,,,,
0,4,6,0,,,,,,,,
0,4,6,0,,,,,,,,
52,4,6,2,0,1,1,1,1,0,,
45,4,7,1,1,1,1,1,1,0,,
0,4,7,0,,,,,,,,
0,4,7,0,,,,,,,,
0,4,8,0,,,,,,,,
0,4,8,0,,,,,,,,
28,4,8,2,1,1,1,0,0,0,,
67,4,9,1,0,0,0,0,1,0,,
0,4,9,0,,,,,,,,
0,4,9,0,,,,,,,,
0,4,10,0,,,,,,,,
0,4,10,0,,,,,,,,
18,4,10,2,0,1,1,1,0,0,,
10,4,11,1,1,1,0,0,1,0,,
0,4,11,0,,,,,,,,
0,4,11,0,,,,,,,,
0,4,12,0,,,,,,,,
51,4,12,2,1,1,1,1,1,0,,
0,4,12,0,,,,,,,,
57,4,13,1,1,1,1,1,0,0,,
0,4,13,0,,,,,,,,
0,4,13,0,,,,,,,,
0,4,14,0,,,,,,,,
15,4,14,2,0,0,0,0,0,0,,
0,4,14,0,,,,,,,,
40,4,15,1,1,0,0,0,0,1,,
0,4,15,0,,,,,,,,
0,4,15,0,,,,,,,,
0,4,16,0,,,,,,,,
43,4,16,2,1,0,1,0,0,0,,
0,4,16,0,,,,,,,,
24,4,17,1,0,0,0,0,0,0,,
0,4,17,0,,,,,,,,
0,4,17,0,,,,,,,,
0,4,18,0,,,,,,,,
63,4,18,2,0,0,1,0,0,0,,
0,4,18,0,,,,,,,,
42,4,19,1,0,0,0,0,0,0,,
0,4,19,0,,,,,,,,
0,4,19,0,,,,,,,,
0,4,20,0,,,,,,,,
23,4,20,2,0,1,1,0,0,0,,
0,4,20,0,,,,,,,,
66,4,21,1,0,1,1,1,0,0,,
0,4,21,0,,,,,,,,
0,4,21,0,,,,,,,,
0,4,22,0,,,,,,,,
8,4,22,2,1,0,1,0,1,0,,
0,4,22,0,,,,,,,,
11,4,23,1,0,0,0,0,0,0,,
0,4,23,0,,,,,,,,
0,4,23,0,,,,,,,,
0,4,24,0,,,,,,,,
65,4,24,2,0,0,1,1,1,0,,
0,4,24,0,,,,,,,,
38,4,25,1,0,0,0,0,1,0,,
0,4,25,0,,,,,,,,
0,4,25,0,,,,,,,,
0,4,26,0,,,,,,,,
25,4,26,2,0,1,0,1,1,0,,
0,4,26,0,,,,,,,,
6,4,27,1,0,0,0,1,1,0,,
0,4,27,0,,,,,,,,
0,4,27,0,,,,,,,,
0,4,28,0,,,,,,,,
49,4,28,2,0,1,1,0,1,0,,
0,4,28,0,,,,,,,,
30,4,29,1,1,1,0,1,0,0,,
0,4,29,0,,,,,,,,
0,4,29,0,,,,,,,,
0,4,30,0,,,,,,,,
39,4,30,2,1,0,0,0,1,0,,
0,4,30,0,,,,,,,,
60,4,31,1,0,1,0,0,0,0,,
0,4,31,0,,,,,,,,
0,4,31,0,,,,,,,,
0,4,32,0,,,,,,,,
50,4,32,2,0,1,1,1,0,0,,
0,4,32,0,,,,,,,,
18,5,1,1,1,1,0,1,1,0,0,
0,5,1,0,,,,,,,,
0,5,1,0,,,,,,,,
0,5,2,0,,,,,,,,
0,5,2,0,,,,,,,,
46,5,2,2,1,0,1,0,0,0,,
53,5,3,1,1,1,0,1,1,0,,
0,5,3,0,,,,,,,,
0,5,3,0,,,,,,,,
0,5,4,0,,,,,,,,
0,5,4,0,,,,,,,,
35,5,4,2,0,0,1,0,1,1,0,
55,5,5,1,1,1,0,0,0,0,,
0,5,5,0,,,,,,,,
0,5,5,0,,,,,,,,
0,5,6,0,,,,,,,,
0,5,6,0,,,,,,,,
36,5,6,2,0,1,0,1,1,1,,
59,5,7,1,1,0,1,0,0,0,,
0,5,7,0,,,,,,,,
0,5,7,0,,,,,,,,
0,5,8,0,,,,,,,,
0,5,8,0,,,,,,,,
33,5,8,2,0,1,1,1,1,0,,
24,5,9,1,1,1,0,1,1,0,0,
0,5,9,0,,,,,,,,
0,5,9,0,,,,,,,,
0,5,10,0,,,,,,,,
0,5,10,0,,,,,,,,
25,5,10,2,1,1,1,1,0,0,,
41,5,11,1,0,1,1,1,1,0,,
0,5,11,0,,,,,,,,
0,5,11,0,,,,,,,,
0,5,12,0,,,,,,,,
9,5,12,2,1,1,1,1,1,0,,
0,5,12,0,,,,,,,,
60,5,13,1,1,0,0,0,1,0,,
0,5,13,0,,,,,,,,
0,5,13,0,,,,,,,,
0,5,14,0,,,,,,,,
8,5,14,2,1,1,0,1,1,0,,
0,5,14,0,,,,,,,,
16,5,15,1,1,1,1,1,1,0,,
0,5,15,0,,,,,,,,
0,5,15,0,,,,,,,,
0,5,16,0,,,,,,,,
34,5,16,2,1,0,0,1,1,0,,
0,5,16,0,,,,,,,,
30,5,17,1,1,1,1,0,0,0,,
0,5,17,0,,,,,,,,
0,5,17,0,,,,,,,,
0,5,18,0,,,,,,,,
62,5,18,2,0,1,0,1,0,0,,
0,5,18,0,,,,,,,,
49,5,19,1,1,0,0,1,0,0,,
0,5,19,0,,,,,,,,
0,5,19,0,,,,,,,,
0,5,20,0,,,,,,,,
38,5,20,2,1,1,1,1,1,1,0,
0,5,20,0,,,,,,,,
54,5,21,1,0,1,1,1,1,0,,
0,5,21,0,,,,,,,,
0,5,21,0,,,,,,,,
0,5,22,0,,,,,,,,
51,5,22,2,1,1,1,0,0,0,,
0,5,22,0,,,,,,,,
39,5,23,1,,0,1,1,1,0,,
0,5,23,0,,,,,,,,
0,5,23,0,,,,,,,,
0,5,24,0,,,,,,,,
23,5,24,2,0,0,0,1,0,0,,
0,5,24,0,,,,,,,,
56,5,25,1,1,1,0,0,0,0,,
0,5,25,0,,,,,,,,
0,5,25,0,,,,,,,,
0,5,26,0,,,,,,,,
47,5,26,2,1,1,1,0,0,0,,
0,5,26,0,,,,,,,,
48,5,27,1,1,1,1,0,1,0,,
0,5,27,0,,,,,,,,
0,5,27,0,,,,,,,,
0,5,28,0,,,,,,,,
19,5,28,2,1,1,0,1,1,0,,
0,5,28,0,,,,,,,,
15,5,29,1,1,1,0,1,1,0,,
0,5,29,0,,,,,,,,
0,5,29,0,,,,,,,,
0,5,30,0,,,,,,,,
17,5,30,2,1,1,1,1,1,0,,
0,5,30,0,,,,,,,,
45,5,31,1,1,0,1,0,0,0,,
0,5,31,0,,,,,,,,
0,5,31,0,,,,,,,,
0,5,32,0,,,,,,,,
57,5,32,2,1,1,1,1,0,1,0,
0,5,32,0,,,,,,,,
11,6,1,1,0,0,0,0,0,0,,
0,6,1,0,,,,,,,,
0,6,1,0,,,,,,,,
0,6,2,0,,,,,,,,
0,6,2,0,,,,,,,,
32,6,2,2,1,1,0,0,0,0,,
55,6,3,1,0,1,1,0,0,0,,
0,6,3,0,,,,,,,,
0,6,3,0,,,,,,,,
0,6,4,0,,,,,,,,
0,6,4,0,,,,,,,,
16,6,4,2,0,0,0,0,0,0,,
41,6,5,1,0,0,1,0,0,0,,
0,6,5,0,,,,,,,,
0,6,5,0,,,,,,,,
0,6,6,0,,,,,,,,
0,6,6,0,,,,,,,,
45,6,6,2,1,1,0,0,0,1,0,
34,6,7,1,0,1,1,0,1,0,,
0,6,7,0,,,,,,,,
0,6,7,0,,,,,,,,
0,6,8,0,,,,,,,,
0,6,8,0,,,,,,,,
60,6,8,2,0,0,1,0,1,0,,
19,6,9,1,1,0,0,0,1,0,,
0,6,9,0,,,,,,,,
0,6,9,0,,,,,,,,
0,6,10,0,,,,,,,,
0,6,10,0,,,,,,,,
8,6,10,2,0,0,0,0,0,0,,
18,6,11,1,0,0,1,1,0,0,,
0,6,11,0,,,,,,,,
0,6,11,0,,,,,,,,
0,6,12,0,,,,,,,,
53,6,12,2,0,0,0,0,1,1,0,
0,6,12,0,,,,,,,,
29,6,13,1,1,0,0,0,0,0,,
0,6,13,0,,,,,,,,
0,6,13,0,,,,,,,,
0,6,14,0,,,,,,,,
22,6,14,2,1,0,0,1,0,0,,
0,6,14,0,,,,,,,,
66,6,15,1,0,1,0,1,0,0,,
0,6,15,0,,,,,,,,
0,6,15,0,,,,,,,,
0,6,16,0,,,,,,,,
31,6,16,2,0,0,0,0,0,0,,
0,6,16,0,,,,,,,,
59,6,17,1,1,1,0,0,0,0,,
0,6,17,0,,,,,,,,
0,6,17,0,,,,,,,,
0,6,18,0,,,,,,,,
48,6,18,2,0,0,0,0,1,0,,
0,6,18,0,,,,,,,,
26,6,19,1,0,0,0,1,0,0,,
0,6,19,0,,,,,,,,
0,6,19,0,,,,,,,,
0,6,20,0,,,,,,,,
38,6,20,2,1,0,0,0,0,0,,
0,6,20,0,,,,,,,,
52,6,21,1,0,1,1,1,1,0,,
0,6,21,0,,,,,,,,
0,6,21,0,,,,,,,,
0,6,22,0,,,,,,,,
67,6,22,2,1,1,1,0,0,0,,
0,6,22,0,,,,,,,,
64,6,23,1,0,0,0,0,1,0,,
0,6,23,0,,,,,,,,
0,6,23,0,,,,,,,,
0,6,24,0,,,,,,,,
25,6,24,2,0,0,0,1,1,0,,
0,6,24,0,,,,,,,,
27,6,25,1,1,0,1,0,0,0,,
0,6,25,0,,,,,,,,
0,6,25,0,,,,,,,,
0,6,26,0,,,,,,,,
47,6,26,2,0,1,1,0,0,0,,
0,6,26,0,,,,,,,,
54,6,27,1,0,1,0,0,0,0,,
0,6,27,0,,,,,,,,
0,6,27,0,,,,,,,,
0,6,28,0,,,,,,,,
30,6,28,2,0,1,1,0,0,0,,
0,6,28,0,,,,,,,,
13,6,29,1,0,1,0,0,0,0,,
0,6,29,0,,,,,,,,
0,6,29,0,,,,,,,,
0,6,30,0,,,,,,,,
61,6,30,2,0,0,0,0,0,0,,
0,6,30,0,,,,,,,,
6,6,31,1,0,0,0,0,0,0,,
0,6,31,0,,,,,,,,
0,6,31,0,,,,,,,,
0,6,32,0,,,,,,,,
28,6,32,2,0,1,1,0,1,0,,
0,6,32,0,,,,,,,,
43,7,1,1,1,1,0,0,1,1,0,
0,7,1,0,,,,,,,,
0,7,1,0,,,,,,,,
0,7,2,0,,,,,,,,
0,7,2,0,,,,,,,,
12,7,2,2,1,1,1,1,1,0,,
65,7,3,1,0,0,0,0,1,0,,
0,7,3,0,,,,,,,,
0,7,3,0,,,,,,,,
0,7,4,0,,,,,,,,
0,7,4,0,,,,,,,,
21,7,4,2,1,1,1,0,1,1,0,
51,7,5,1,1,1,0,1,1,0,,
0,7,5,0,,,,,,,,
0,7,5,0,,,,,,,,
0,7,6,0,,,,,,,,
0,7,6,0,,,,,,,,
46,7,6,2,0,0,0,0,0,1,0,
35,7,7,1,1,1,0,1,1,0,,
0,7,7,0,,,,,,,,
0,7,7,0,,,,,,,,
0,7,8,0,,,,,,,,
0,7,8,0,,,,,,,,
32,7,8,2,0,1,1,1,0,1,,
5,7,9,1,1,1,0,1,1,0,,
0,7,9,0,,,,,,,,
0,7,9,0,,,,,,,,
0,7,10,0,,,,,,,,
0,7,10,0,,,,,,,,
38,7,10,2,0,0,0,0,0,0,,
11,7,11,1,1,1,1,1,1,0,,
0,7,11,0,,,,,,,,
0,7,11,0,,,,,,,,
0,7,12,0,,,,,,,,
19,7,12,2,1,1,1,1,1,1,0,
0,7,12,0,,,,,,,,
24,7,13,1,1,1,1,1,1,1,0,
0,7,13,0,,,,,,,,
0,7,13,0,,,,,,,,
0,7,14,0,,,,,,,,
42,7,14,2,1,1,0,1,1,0,0,
0,7,14,0,,,,,,,,
68,7,15,1,0,0,0,0,1,0,,
0,7,15,0,,,,,,,,
0,7,15,0,,,,,,,,
0,7,16,0,,,,,,,,
67,7,16,2,0,1,1,0,1,0,,
0,7,16,0,,,,,,,,
23,7,17,1,1,1,0,0,1,0,,
0,7,17,0,,,,,,,,
0,7,17,0,,,,,,,,
0,7,18,0,,,,,,,,
63,7,18,2,1,0,0,0,0,0,,
0,7,18,0,,,,,,,,
10,7,19,1,1,0,1,1,1,0,,
0,7,19,0,,,,,,,,
0,7,19,0,,,,,,,,
0,7,20,0,,,,,,,,
64,7,20,2,0,0,0,0,1,0,,
0,7,20,0,,,,,,,,
9,7,21,1,0,1,0,0,1,0,,
0,7,21,0,,,,,,,,
0,7,21,0,,,,,,,,
0,7,22,0,,,,,,,,
17,7,22,2,1,1,1,1,1,1,,
0,7,22,0,,,,,,,,
49,7,23,1,1,1,0,1,0,0,,
0,7,23,0,,,,,,,,
0,7,23,0,,,,,,,,
0,7,24,0,,,,,,,,
62,7,24,2,0,1,0,0,1,0,,
0,7,24,0,,,,,,,,
16,7,25,1,1,0,1,1,1,0,,
0,7,25,0,,,,,,,,
0,7,25,0,,,,,,,,
0,7,26,0,,,,,,,,
27,7,26,2,0,1,1,1,1,0,,
0,7,26,0,,,,,,,,
37,7,27,1,1,1,1,0,1,0,,
0,7,27,0,,,,,,,,
0,7,27,0,,,,,,,,
0,7,28,0,,,,,,,,
20,7,28,2,1,1,1,0,1,1,,
0,7,28,0,,,,,,,,
45,7,29,1,0,0,0,0,1,1,0,
0,7,29,0,,,,,,,,
0,7,29,0,,,,,,,,
0,7,30,0,,,,,,,,
26,7,30,2,1,1,1,1,1,0,,
0,7,30,0,,,,,,,,
28,7,31,1,1,1,1,1,0,0,,
0,7,31,0,,,,,,,,
0,7,31,0,,,,,,,,
0,7,32,0,,,,,,,,
53,7,32,2,1,1,1,1,0,1,0,
0,7,32,0,,,,,,,,
13,8,1,1,1,1,1,1,1,0,,
0,8,1,0,,,,,,,,
0,8,1,0,,,,,,,,
0,8,2,0,,,,,,,,
0,8,2,0,,,,,,,,
19,8,2,2,1,1,0,0,0,0,,
42,8,3,1,0,0,0,1,0,0,,
0,8,3,0,,,,,,,,
0,8,3,0,,,,,,,,
0,8,4,0,,,,,,,,
0,8,4,0,,,,,,,,
48,8,4,2,0,1,1,1,0,0,,
57,8,5,1,0,1,1,0,0,0,,
0,8,5,0,,,,,,,,
0,8,5,0,,,,,,,,
0,8,6,0,,,,,,,,
0,8,6,0,,,,,,,,
32,8,6,2,0,0,1,1,1,0,,
49,8,7,1,1,0,0,0,0,0,,
0,8,7,0,,,,,,,,
0,8,7,0,,,,,,,,
0,8,8,0,,,,,,,,
0,8,8,0,,,,,,,,
22,8,8,2,1,0,1,0,1,0,,
44,8,9,1,0,0,0,0,1,0,,
0,8,9,0,,,,,,,,
0,8,9,0,,,,,,,,
0,8,10,0,,,,,,,,
0,8,10,0,,,,,,,,
10,8,10,2,1,1,1,0,0,0,,
62,8,11,1,0,0,1,1,1,0,,
0,8,11,0,,,,,,,,
0,8,11,0,,,,,,,,
0,8,12,0,,,,,,,,
53,8,12,2,1,1,1,0,1,0,0,
0,8,12,0,,,,,,,,
33,8,13,1,0,0,0,0,1,1,0,
0,8,13,0,,,,,,,,
0,8,13,0,,,,,,,,
0,8,14,0,,,,,,,,
55,8,14,2,1,1,0,0,1,0,0,
0,8,14,0,,,,,,,,
51,8,15,1,1,0,1,0,0,0,,
0,8,15,0,,,,,,,,
0,8,15,0,,,,,,,,
0,8,16,0,,,,,,,,
24,8,16,2,1,1,1,0,0,0,,
0,8,16,0,,,,,,,,
28,8,17,1,0,0,1,0,1,0,,
0,8,17,0,,,,,,,,
0,8,17,0,,,,,,,,
0,8,18,0,,,,,,,,
12,8,18,2,1,1,0,0,0,0,,
0,8,18,0,,,,,,,,
18,8,19,1,0,1,1,0,0,0,,
0,8,19,0,,,,,,,,
0,8,19,0,,,,,,,,
0,8,20,0,,,,,,,,
26,8,20,2,0,0,1,1,1,0,,
0,8,20,0,,,,,,,,
5,8,21,1,1,0,0,1,1,0,,
0,8,21,0,,,,,,,,
0,8,21,0,,,,,,,,
0,8,22,0,,,,,,,,
15,8,22,2,1,1,1,0,1,0,,
0,8,22,0,,,,,,,,
21,8,23,1,1,0,0,1,0,0,,
0,8,23,0,,,,,,,,
0,8,23,0,,,,,,,,
0,8,24,0,,,,,,,,
25,8,24,2,0,0,1,0,0,0,,
0,8,24,0,,,,,,,,
58,8,25,1,0,1,1,1,1,0,,
0,8,25,0,,,,,,,,
0,8,25,0,,,,,,,,
0,8,26,0,,,,,,,,
61,8,26,2,1,1,1,0,0,0,,
0,8,26,0,,,,,,,,
46,8,27,1,1,1,0,0,1,1,,
0,8,27,0,,,,,,,,
0,8,27,0,,,,,,,,
0,8,28,0,,,,,,,,
8,8,28,2,1,0,1,0,0,0,,
0,8,28,0,,,,,,,,
56,8,29,1,1,1,1,1,0,0,,
0,8,29,0,,,,,,,,
0,8,29,0,,,,,,,,
0,8,30,0,,,,,,,,
31,8,30,2,1,1,0,0,0,0,,
0,8,30,0,,,,,,,,
9,8,31,1,1,1,0,1,0,0,,
0,8,31,0,,,,,,,,
0,8,31,0,,,,,,,,
0,8,32,0,,,,,,,,
63,8,32,2,1,1,0,0,0,0,,
0,8,32,0,,,,,,,,
13,9,1,1,1,0,0,0,1,0,,
0,9,1,0,,,,,,,,
0,9,1,0,,,,,,,,
0,9,2,0,,,,,,,,
0,9,2,0,,,,,,,,
61,9,2,2,1,1,0,0,0,0,,
49,9,3,1,1,1,0,0,1,0,,
0,9,3,0,,,,,,,,
0,9,3,0,,,,,,,,
0,9,4,0,,,,,,,,
0,9,4,0,,,,,,,,
48,9,4,2,0,0,0,0,0,0,,
23,9,5,1,1,1,0,0,0,0,,
0,9,5,0,,,,,,,,
0,9,5,0,,,,,,,,
0,9,6,0,,,,,,,,
0,9,6,0,,,,,,,,
25,9,6,2,0,1,0,0,1,0,,
42,9,7,1,1,0,0,0,0,0,,
0,9,7,0,,,,,,,,
0,9,7,0,,,,,,,,
0,9,8,0,,,,,,,,
0,9,8,0,,,,,,,,
31,9,8,2,1,1,1,0,1,0,,
9,9,9,1,0,0,1,0,1,0,,
0,9,9,0,,,,,,,,
0,9,9,0,,,,,,,,
0,9,10,0,,,,,,,,
0,9,10,0,,,,,,,,
45,9,10,2,1,0,0,0,0,0,,
35,9,11,1,0,1,1,0,1,0,,
0,9,11,0,,,,,,,,
0,9,11,0,,,,,,,,
0,9,12,0,,,,,,,,
56,9,12,2,1,0,0,0,1,0,,
0,9,12,0,,,,,,,,
5,9,13,1,1,0,0,1,0,0,,
0,9,13,0,,,,,,,,
0,9,13,0,,,,,,,,
0,9,14,0,,,,,,,,
6,9,14,2,0,0,0,1,0,0,,
0,9,14,0,,,,,,,,
62,9,15,1,0,0,1,0,0,0,,
0,9,15,0,,,,,,,,
0,9,15,0,,,,,,,,
0,9,16,0,,,,,,,,
47,9,16,2,0,0,0,0,0,0,,
0,9,16,0,,,,,,,,
27,9,17,1,1,1,0,0,0,0,,
0,9,17,0,,,,,,,,
0,9,17,0,,,,,,,,
0,9,18,0,,,,,,,,
36,9,18,2,1,1,1,0,0,0,,
0,9,18,0,,,,,,,,
53,9,19,1,1,1,0,1,0,0,,
0,9,19,0,,,,,,,,
0,9,19,0,,,,,,,,
0,9,20,0,,,,,,,,
55,9,20,2,0,0,0,0,0,0,,
0,9,20,0,,,,,,,,
57,9,21,1,0,0,0,1,1,0,,
0,9,21,0,,,,,,,,
0,9,21,0,,,,,,,,
0,9,22,0,,,,,,,,
54,9,22,2,1,0,1,0,1,0,,
0,9,22,0,,,,,,,,
22,9,23,1,0,0,0,0,0,0,,
0,9,23,0,,,,,,,,
0,9,23,0,,,,,,,,
0,9,24,0,,,,,,,,
51,9,24,2,1,0,0,0,1,0,,
0,9,24,0,,,,,,,,
19,9,25,1,0,0,0,0,1,0,,
0,9,25,0,,,,,,,,
0,9,25,0,,,,,,,,
0,9,26,0,,,,,,,,
58,9,26,2,0,0,0,0,0,0,,
0,9,26,0,,,,,,,,
40,9,27,1,0,1,0,1,1,0,,
0,9,27,0,,,,,,,,
0,9,27,0,,,,,,,,
0,9,28,0,,,,,,,,
7,9,28,2,0,0,0,0,1,0,,
0,9,28,0,,,,,,,,
34,9,29,1,0,1,0,0,0,0,,
0,9,29,0,,,,,,,,
0,9,29,0,,,,,,,,
0,9,30,0,,,,,,,,
17,9,30,2,1,0,1,0,0,0,,
0,9,30,0,,,,,,,,
33,9,31,1,0,1,1,0,1,0,,
0,9,31,0,,,,,,,,
0,9,31,0,,,,,,,,
0,9,32,0,,,,,,,,
8,9,32,2,0,0,0,1,0,0,,
0,9,32,0,,,,,,,,
26,10,1,1,0,1,0,0,1,0,,
0,10,1,0,,,,,,,,
0,10,1,0,,,,,,,,
0,10,2,0,,,,,,,,
0,10,2,0,,,,,,,,
49,10,2,2,0,0,0,0,0,0,,
23,10,3,1,1,0,0,1,0,0,,
0,10,3,0,,,,,,,,
0,10,3,0,,,,,,,,
0,10,4,0,,,,,,,,
0,10,4,0,,,,,,,,
13,10,4,2,0,0,0,0,1,0,,
21,10,5,1,0,0,0,0,0,0,,
0,10,5,0,,,,,,,,
0,10,5,0,,,,,,,,
0,10,6,0,,,,,,,,
0,10,6,0,,,,,,,,
11,10,6,2,0,0,0,0,0,1,,
66,10,7,1,0,0,0,0,1,0,,
0,10,7,0,,,,,,,,
0,10,7,0,,,,,,,,
0,10,8,0,,,,,,,,
0,10,8,0,,,,,,,,
36,10,8,2,0,0,1,0,0,1,,
17,10,9,1,0,1,0,0,0,0,,
0,10,9,0,,,,,,,,
0,10,9,0,,,,,,,,
0,10,10,0,,,,,,,,
0,10,10,0,,,,,,,,
5,10,10,2,1,0,1,0,1,0,,
16,10,11,1,1,1,1,0,0,0,,
0,10,11,0,,,,,,,,
0,10,11,0,,,,,,,,
0,10,12,0,,,,,,,,
29,10,12,2,1,1,0,0,1,0,,
0,10,12,0,,,,,,,,
30,10,13,1,0,0,0,0,0,0,,
0,10,13,0,,,,,,,,
0,10,13,0,,,,,,,,
0,10,14,0,,,,,,,,
15,10,14,2,0,0,0,1,0,0,,
0,10,14,0,,,,,,,,
19,10,15,1,1,1,1,1,0,0,,
0,10,15,0,,,,,,,,
0,10,15,0,,,,,,,,
0,10,16,0,,,,,,,,
38,10,16,2,0,0,1,0,0,0,,
0,10,16,0,,,,,,,,
32,10,17,1,1,1,1,0,0,0,,
0,10,17,0,,,,,,,,
0,10,17,0,,,,,,,,
0,10,18,0,,,,,,,,
28,10,18,2,1,1,1,0,0,0,,
0,10,18,0,,,,,,,,
53,10,19,1,0,0,0,0,0,0,,
0,10,19,0,,,,,,,,
0,10,19,0,,,,,,,,
0,10,20,0,,,,,,,,
8,10,20,2,0,1,0,0,1,0,,
0,10,20,0,,,,,,,,
39,10,21,1,0,0,0,0,1,0,,
0,10,21,0,,,,,,,,
0,10,21,0,,,,,,,,
0,10,22,0,,,,,,,,
44,10,22,2,0,0,0,0,1,0,,
0,10,22,0,,,,,,,,
51,10,23,1,1,0,0,0,0,0,,
0,10,23,0,,,,,,,,
0,10,23,0,,,,,,,,
0,10,24,0,,,,,,,,
31,10,24,2,0,0,0,0,0,0,,
0,10,24,0,,,,,,,,
62,10,25,1,0,0,0,1,0,0,,
0,10,25,0,,,,,,,,
0,10,25,0,,,,,,,,
0,10,26,0,,,,,,,,
40,10,26,2,1,0,1,0,0,0,,
0,10,26,0,,,,,,,,
61,10,27,1,0,0,0,0,1,1,,
0,10,27,0,,,,,,,,
0,10,27,0,,,,,,,,
0,10,28,0,,,,,,,,
48,10,28,2,0,0,0,0,0,0,,
0,10,28,0,,,,,,,,
10,10,29,1,1,1,0,0,0,0,,
0,10,29,0,,,,,,,,
0,10,29,0,,,,,,,,
0,10,30,0,,,,,,,,
33,10,30,2,0,0,0,1,0,0,,
0,10,30,0,,,,,,,,
56,10,31,1,1,1,0,1,0,0,,
0,10,31,0,,,,,,,,
0,10,31,0,,,,,,,,
0,10,32,0,,,,,,,,
52,10,32,2,0,1,0,0,0,0,,
0,10,32,0,,,,,,,,
22,11,1,1,1,0,0,0,1,0,,
0,11,1,0,,,,,,,,
0,11,1,0,,,,,,,,
0,11,2,0,,,,,,,,
0,11,2,0,,,,,,,,
43,11,2,2,0,0,0,1,1,1,0,
12,11,3,1,0,0,1,0,0,0,,
0,11,3,0,,,,,,,,
0,11,3,0,,,,,,,,
0,11,4,0,,,,,,,,
0,11,4,0,,,,,,,,
38,11,4,2,0,0,0,0,0,0,,
25,11,5,1,0,0,0,0,0,0,,
0,11,5,0,,,,,,,,
0,11,5,0,,,,,,,,
0,11,6,0,,,,,,,,
0,11,6,0,,,,,,,,
59,11,6,2,0,0,0,0,0,0,,
51,11,7,1,0,0,0,0,0,0,,
0,11,7,0,,,,,,,,
0,11,7,0,,,,,,,,
0,11,8,0,,,,,,,,
0,11,8,0,,,,,,,,
66,11,8,2,1,0,0,0,0,0,,
18,11,9,1,0,0,0,0,1,0,0,
0,11,9,0,,,,,,,,
0,11,9,0,,,,,,,,
0,11,10,0,,,,,,,,
0,11,10,0,,,,,,,,
31,11,10,2,0,0,0,0,0,0,,
47,11,11,1,1,0,0,1,1,0,,
0,11,11,0,,,,,,,,
0,11,11,0,,,,,,,,
0,11,12,0,,,,,,,,
50,11,12,2,1,0,0,0,0,0,,
0,11,12,0,,,,,,,,
8,11,13,1,0,0,1,0,0,0,,
0,11,13,0,,,,,,,,
0,11,13,0,,,,,,,,
0,11,14,0,,,,,,,,
15,11,14,2,0,0,0,0,0,0,,
0,11,14,0,,,,,,,,
54,11,15,1,1,0,1,0,0,0,,
0,11,15,0,,,,,,,,
0,11,15,0,,,,,,,,
0,11,16,0,,,,,,,,
28,11,16,2,0,0,0,0,1,0,,
0,11,16,0,,,,,,,,
41,11,17,1,0,0,0,0,0,0,,
0,11,17,0,,,,,,,,
0,11,17,0,,,,,,,,
0,11,18,0,,,,,,,,
65,11,18,2,0,0,0,0,0,0,,
0,11,18,0,,,,,,,,
5,11,19,1,0,1,0,1,0,0,,
0,11,19,0,,,,,,,,
0,11,19,0,,,,,,,,
0,11,20,0,,,,,,,,
48,11,20,2,0,0,0,0,0,0,,
0,11,20,0,,,,,,,,
9,11,21,1,0,0,0,0,1,0,,
0,11,21,0,,,,,,,,
0,11,21,0,,,,,,,,
0,11,22,0,,,,,,,,
46,11,22,2,1,1,0,0,0,0,,
0,11,22,0,,,,,,,,
36,11,23,1,1,0,0,0,0,0,,
0,11,23,0,,,,,,,,
0,11,23,0,,,,,,,,
0,11,24,0,,,,,,,,
16,11,24,2,0,0,0,0,1,0,,
0,11,24,0,,,,,,,,
14,11,25,1,0,0,0,0,0,0,,
0,11,25,0,,,,,,,,
0,11,25,0,,,,,,,,
0,11,26,0,,,,,,,,
10,11,26,2,0,0,1,0,1,0,,
0,11,26,0,,,,,,,,
62,11,27,1,1,1,0,0,1,0,,
0,11,27,0,,,,,,,,
0,11,27,0,,,,,,,,
0,11,28,0,,,,,,,,
20,11,28,2,1,1,1,0,0,0,,
0,11,28,0,,,,,,,,
53,11,29,1,1,0,0,0,0,0,,
0,11,29,0,,,,,,,,
0,11,29,0,,,,,,,,
0,11,30,0,,,,,,,,
42,11,30,2,1,1,0,0,0,0,,
0,11,30,0,,,,,,,,
30,11,31,1,1,0,0,0,0,0,,
0,11,31,0,,,,,,,,
0,11,31,0,,,,,,,,
0,11,32,0,,,,,,,,
37,11,32,2,1,0,0,0,0,0,,
0,11,32,0,,,,,,,,
24,12,1,1,1,1,0,0,0,0,,
0,12,1,0,,,,,,,,
0,12,1,0,,,,,,,,
0,12,2,0,,,,,,,,
0,12,2,0,,,,,,,,
25,12,2,2,1,0,0,0,0,0,,
34,12,3,1,1,1,0,0,1,0,,
0,12,3,0,,,,,,,,
0,12,3,0,,,,,,,,
0,12,4,0,,,,,,,,
0,12,4,0,,,,,,,,
27,12,4,2,1,1,1,1,0,0,,
7,12,5,1,1,1,0,0,1,0,,
0,12,5,0,,,,,,,,
0,12,5,0,,,,,,,,
0,12,6,0,,,,,,,,
0,12,6,0,,,,,,,,
61,12,6,2,0,0,0,0,0,0,,
33,12,7,1,1,0,0,0,0,0,,
0,12,7,0,,,,,,,,
0,12,7,0,,,,,,,,
0,12,8,0,,,,,,,,
0,12,8,0,,,,,,,,
51,12,8,2,0,0,0,0,0,0,,
53,12,9,1,1,0,0,0,1,0,,
0,12,9,0,,,,,,,,
0,12,9,0,,,,,,,,
0,12,10,0,,,,,,,,
0,12,10,0,,,,,,,,
59,12,10,2,0,0,1,0,1,0,,
6,12,11,1,1,1,0,0,1,0,,
0,12,11,0,,,,,,,,
0,12,11,0,,,,,,,,
0,12,12,0,,,,,,,,
38,12,12,2,1,1,0,0,0,0,,
0,12,12,0,,,,,,,,
21,12,13,1,1,0,0,0,1,0,,
0,12,13,0,,,,,,,,
0,12,13,0,,,,,,,,
0,12,14,0,,,,,,,,
48,12,14,2,1,0,0,0,0,0,,
0,12,14,0,,,,,,,,
56,12,15,1,0,0,1,1,1,0,,
0,12,15,0,,,,,,,,
0,12,15,0,,,,,,,,
0,12,16,0,,,,,,,,
14,12,16,2,1,0,0,0,0,0,,
0,12,16,0,,,,,,,,
40,12,17,1,0,1,0,1,1,0,,
0,12,17,0,,,,,,,,
0,12,17,0,,,,,,,,
0,12,18,0,,,,,,,,
20,12,18,2,1,0,0,0,0,0,,
0,12,18,0,,,,,,,,
60,12,19,1,0,0,0,0,0,0,,
0,12,19,0,,,,,,,,
0,12,19,0,,,,,,,,
0,12,20,0,,,,,,,,
52,12,20,2,1,0,0,0,0,0,,
0,12,20,0,,,,,,,,
45,12,21,1,1,1,0,0,1,0,,
0,12,21,0,,,,,,,,
0,12,21,0,,,,,,,,
0,12,22,0,,,,,,,,
32,12,22,2,0,1,0,0,0,0,,
0,12,22,0,,,,,,,,
22,12,23,1,0,1,0,0,0,0,,
0,12,23,0,,,,,,,,
0,12,23,0,,,,,,,,
0,12,24,0,,,,,,,,
49,12,24,2,1,0,,0,1,0,,
0,12,24,0,,,,,,,,
63,12,25,1,0,0,0,0,0,0,,
0,12,25,0,,,,,,,,
0,12,25,0,,,,,,,,
0,12,26,0,,,,,,,,
9,12,26,2,1,0,1,1,1,0,,
0,12,26,0,,,,,,,,
19,12,27,1,1,0,0,1,0,0,,
0,12,27,0,,,,,,,,
0,12,27,0,,,,,,,,
0,12,28,0,,,,,,,,
29,12,28,2,0,0,0,0,0,0,,
0,12,28,0,,,,,,,,
15,12,29,1,1,0,0,1,0,0,,
0,12,29,0,,,,,,,,
0,12,29,0,,,,,,,,
0,12,30,0,,,,,,,,
46,12,30,2,1,1,0,1,0,0,,
0,12,30,0,,,,,,,,
47,12,31,1,1,0,1,0,0,0,,
0,12,31,0,,,,,,,,
0,12,31,0,,,,,,,,
0,12,32,0,,,,,,,,
55,12,32,2,1,0,0,0,0,0,,
0,12,32,0,,,,,,,,
66,13,1,1,1,1,0,0,0,0,,
0,13,1,0,,,,,,,,
0,13,1,0,,,,,,,,
0,13,2,0,,,,,,,,
0,13,2,0,,,,,,,,
34,13,2,2,1,1,0,0,0,0,,
59,13,3,1,1,1,1,0,0,0,,
0,13,3,0,,,,,,,,
0,13,3,0,,,,,,,,
0,13,4,0,,,,,,,,
0,13,4,0,,,,,,,,
5,13,4,2,0,0,0,0,0,0,,
51,13,5,1,0,1,0,0,0,0,,
0,13,5,0,,,,,,,,
0,13,5,0,,,,,,,,
0,13,6,0,,,,,,,,
0,13,6,0,,,,,,,,
42,13,6,2,1,0,0,0,0,0,,
16,13,7,1,1,1,0,0,0,0,,
0,13,7,0,,,,,,,,
0,13,7,0,,,,,,,,
0,13,8,0,,,,,,,,
0,13,8,0,,,,,,,,
8,13,8,2,1,1,1,1,0,0,,
62,13,9,1,1,0,0,0,0,0,,
0,13,9,0,,,,,,,,
0,13,9,0,,,,,,,,
0,13,10,0,,,,,,,,
0,13,10,0,,,,,,,,
25,13,10,2,0,0,0,0,1,0,,
13,13,11,1,0,1,1,0,1,0,,
0,13,11,0,,,,,,,,
0,13,11,0,,,,,,,,
0,13,12,0,,,,,,,,
41,13,12,2,0,0,1,1,0,,,
0,13,12,0,,,,,,,,
56,13,13,1,1,0,0,1,0,0,,
0,13,13,0,,,,,,,,
0,13,13,0,,,,,,,,
0,13,14,0,,,,,,,,
64,13,14,2,0,1,0,0,0,0,,
0,13,14,0,,,,,,,,
18,13,15,1,1,0,1,1,0,0,,
0,13,15,0,,,,,,,,
0,13,15,0,,,,,,,,
0,13,16,0,,,,,,,,
38,13,16,2,0,1,1,0,1,0,,
0,13,16,0,,,,,,,,
43,13,17,1,1,0,0,1,0,0,,
0,13,17,0,,,,,,,,
0,13,17,0,,,,,,,,
0,13,18,0,,,,,,,,
60,13,18,2,1,1,0,0,0,0,,
0,13,18,0,,,,,,,,
37,13,19,1,0,0,1,0,0,,,
0,13,19,0,,,,,,,,
0,13,19,0,,,,,,,,
0,13,20,0,,,,,,,,
32,13,20,2,1,1,0,0,0,0,,
0,13,20,0,,,,,,,,
57,13,21,1,1,0,0,0,0,0,,
0,13,21,0,,,,,,,,
0,13,21,0,,,,,,,,
0,13,22,0,,,,,,,,
24,13,22,2,1,1,1,1,1,0,,
0,13,22,0,,,,,,,,
49,13,23,1,0,0,0,0,0,0,,
0,13,23,0,,,,,,,,
0,13,23,0,,,,,,,,
0,13,24,0,,,,,,,,
10,13,24,2,1,0,0,1,1,0,,
0,13,24,0,,,,,,,,
50,13,25,1,1,1,0,0,0,0,,
0,13,25,0,,,,,,,,
0,13,25,0,,,,,,,,
0,13,26,0,,,,,,,,
40,13,26,2,1,1,1,1,0,,,
0,13,26,0,,,,,,,,
45,13,27,1,1,0,0,1,1,0,,
0,13,27,0,,,,,,,,
0,13,27,0,,,,,,,,
0,13,28,0,,,,,,,,
33,13,28,2,1,0,0,0,1,0,,
0,13,28,0,,,,,,,,
52,13,29,1,0,0,0,0,0,0,,
0,13,29,0,,,,,,,,
0,13,29,0,,,,,,,,
0,13,30,0,,,,,,,,
48,13,30,2,0,0,0,0,0,0,,
0,13,30,0,,,,,,,,
19,13,31,1,1,0,0,0,0,0,,
0,13,31,0,,,,,,,,
0,13,31,0,,,,,,,,
0,13,32,0,,,,,,,,
27,13,32,2,1,1,0,0,0,0,,
0,13,32,0,,,,,,,,
43,14,1,1,0,0,1,0,0,0,,
0,14,1,0,,,,,,,,
0,14,1,0,,,,,,,,
0,14,2,0,,,,,,,,
0,14,2,0,,,,,,,,
62,14,2,2,0,0,0,1,1,0,,
51,14,3,1,1,0,0,0,1,0,,
0,14,3,0,,,,,,,,
0,14,3,0,,,,,,,,
0,14,4,0,,,,,,,,
0,14,4,0,,,,,,,,
17,14,4,2,1,0,0,1,0,0,,
15,14,5,1,1,0,1,0,0,0,,
0,14,5,0,,,,,,,,
0,14,5,0,,,,,,,,
0,14,6,0,,,,,,,,
0,14,6,0,,,,,,,,
45,14,6,2,0,0,0,0,0,1,0,
49,14,7,1,1,0,0,1,0,0,,
0,14,7,0,,,,,,,,
0,14,7,0,,,,,,,,
0,14,8,0,,,,,,,,
0,14,8,0,,,,,,,,
24,14,8,2,1,0,0,0,0,1,,
41,14,9,1,0,0,0,0,1,0,,
0,14,9,0,,,,,,,,
0,14,9,0,,,,,,,,
0,14,10,0,,,,,,,,
0,14,10,0,,,,,,,,
35,14,10,2,0,0,0,0,1,0,,
61,14,11,1,1,1,0,0,1,0,,
0,14,11,0,,,,,,,,
0,14,11,0,,,,,,,,
0,14,12,0,,,,,,,,
64,14,12,2,0,0,0,1,1,0,,
0,14,12,0,,,,,,,,
21,14,13,1,1,0,0,1,1,0,,
0,14,13,0,,,,,,,,
0,14,13,0,,,,,,,,
0,14,14,0,,,,,,,,
38,14,14,2,1,1,0,0,0,0,,
0,14,14,0,,,,,,,,
39,14,15,1,0,0,0,0,0,1,,
0,14,15,0,,,,,,,,
0,14,15,0,,,,,,,,
0,14,16,0,,,,,,,,
8,14,16,2,1,0,1,1,0,0,,
0,14,16,0,,,,,,,,
14,14,17,1,1,0,0,0,0,0,,
0,14,17,0,,,,,,,,
0,14,17,0,,,,,,,,
0,14,18,0,,,,,,,,
40,14,18,2,1,0,0,0,1,0,,
0,14,18,0,,,,,,,,
31,14,19,1,0,0,0,0,0,0,,
0,14,19,0,,,,,,,,
0,14,19,0,,,,,,,,
0,14,20,0,,,,,,,,
66,14,20,2,0,0,0,0,0,0,,
0,14,20,0,,,,,,,,
12,14,21,1,0,1,0,0,1,0,,
0,14,21,0,,,,,,,,
0,14,21,0,,,,,,,,
0,14,22,0,,,,,,,,
30,14,22,2,1,0,0,0,0,0,,
0,14,22,0,,,,,,,,
53,14,23,1,1,0,0,0,0,0,,
0,14,23,0,,,,,,,,
0,14,23,0,,,,,,,,
0,14,24,0,,,,,,,,
29,14,24,2,1,1,0,0,1,0,,
0,14,24,0,,,,,,,,
22,14,25,1,1,0,0,0,1,0,,
0,14,25,0,,,,,,,,
0,14,25,0,,,,,,,,
0,14,26,0,,,,,,,,
47,14,26,2,1,0,0,0,0,0,,
0,14,26,0,,,,,,,,
56,14,27,1,0,0,0,0,1,0,,
0,14,27,0,,,,,,,,
0,14,27,0,,,,,,,,
0,14,28,0,,,,,,,,
5,14,28,2,0,0,1,1,0,0,,
0,14,28,0,,,,,,,,
26,14,29,1,1,1,0,0,0,0,,
0,14,29,0,,,,,,,,
0,14,29,0,,,,,,,,
0,14,30,0,,,,,,,,
54,14,30,2,0,1,0,1,0,0,,
0,14,30,0,,,,,,,,
27,14,31,1,1,1,0,0,0,0,,
0,14,31,0,,,,,,,,
0,14,31,0,,,,,,,,
0,14,32,0,,,,,,,,
28,14,32,2,0,0,0,0,0,0,,
0,14,32,0,,,,,,,,
63,15,1,1,1,1,0,1,0,0,,
0,15,1,0,,,,,,,,
0,15,1,0,,,,,,,,
0,15,2,0,,,,,,,,
0,15,2,0,,,,,,,,
23,15,2,2,1,0,1,0,0,0,,
41,15,3,1,0,1,0,0,1,0,,
0,15,3,0,,,,,,,,
0,15,3,0,,,,,,,,
0,15,4,0,,,,,,,,
0,15,4,0,,,,,,,,
45,15,4,2,1,0,0,0,1,0,,
39,15,5,1,1,1,0,1,0,0,,
0,15,5,0,,,,,,,,
0,15,5,0,,,,,,,,
0,15,6,0,,,,,,,,
0,15,6,0,,,,,,,,
10,15,6,2,1,0,0,0,0,0,,
5,15,7,1,0,0,0,1,0,0,,
0,15,7,0,,,,,,,,
0,15,7,0,,,,,,,,
0,15,8,0,,,,,,,,
0,15,8,0,,,,,,,,
55,15,8,2,0,0,0,0,0,0,,
59,15,9,1,0,0,0,0,1,1,0,
0,15,9,0,,,,,,,,
0,15,9,0,,,,,,,,
0,15,10,0,,,,,,,,
0,15,10,0,,,,,,,,
57,15,10,2,0,0,0,1,0,0,,
65,15,11,1,0,0,0,1,0,0,,
0,15,11,0,,,,,,,,
0,15,11,0,,,,,,,,
0,15,12,0,,,,,,,,
26,15,12,2,1,1,1,1,0,0,,
0,15,12,0,,,,,,,,
30,15,13,1,1,0,0,1,1,0,,
0,15,13,0,,,,,,,,
0,15,13,0,,,,,,,,
0,15,14,0,,,,,,,,
53,15,14,2,0,1,0,0,0,0,,
0,15,14,0,,,,,,,,
43,15,15,1,0,0,1,0,0,0,,
0,15,15,0,,,,,,,,
0,15,15,0,,,,,,,,
0,15,16,0,,,,,,,,
18,15,16,2,0,1,1,0,0,0,,
0,15,16,0,,,,,,,,
8,15,17,1,1,0,1,0,0,0,,
0,15,17,0,,,,,,,,
0,15,17,0,,,,,,,,
0,15,18,0,,,,,,,,
37,15,18,2,0,0,1,1,0,0,,
0,15,18,0,,,,,,,,
27,15,19,1,0,1,1,1,0,0,,
0,15,19,0,,,,,,,,
0,15,19,0,,,,,,,,
0,15,20,0,,,,,,,,
49,15,20,2,0,1,0,0,0,0,,
0,15,20,0,,,,,,,,
17,15,21,1,0,0,1,0,0,0,,
0,15,21,0,,,,,,,,
0,15,21,0,,,,,,,,
0,15,22,0,,,,,,,,
54,15,22,2,0,0,0,1,0,1,,
0,15,22,0,,,,,,,,
22,15,23,1,0,1,1,0,0,0,,
0,15,23,0,,,,,,,,
0,15,23,0,,,,,,,,
0,15,24,0,,,,,,,,
7,15,24,2,1,1,0,0,1,0,,
0,15,24,0,,,,,,,,
12,15,25,1,0,0,0,0,0,0,,
0,15,25,0,,,,,,,,
0,15,25,0,,,,,,,,
0,15,26,0,,,,,,,,
36,15,26,2,0,0,1,1,0,0,,
0,15,26,0,,,,,,,,
9,15,27,1,0,1,0,0,1,0,,
0,15,27,0,,,,,,,,
0,15,27,0,,,,,,,,
0,15,28,0,,,,,,,,
20,15,28,2,1,1,0,1,0,0,,
0,15,28,0,,,,,,,,
19,15,29,1,1,1,0,1,0,0,0,
0,15,29,0,,,,,,,,
0,15,29,0,,,,,,,,
0,15,30,0,,,,,,,,
33,15,30,2,1,1,1,0,1,0,,
0,15,30,0,,,,,,,,
62,15,31,1,1,1,0,0,0,0,,
0,15,31,0,,,,,,,,
0,15,31,0,,,,,,,,
0,15,32,0,,,,,,,,
25,15,32,2,0,0,0,0,0,0,,
0,15,32,0,,,,,,,,
6,16,1,1,1,1,0,1,0,0,,
0,16,1,0,,,,,,,,
0,16,1,0,,,,,,,,
0,16,2,0,,,,,,,,
0,16,2,0,,,,,,,,
42,16,2,2,0,0,0,1,0,0,,
63,16,3,1,0,0,0,1,1,0,,
0,16,3,0,,,,,,,,
0,16,3,0,,,,,,,,
0,16,4,0,,,,,,,,
0,16,4,0,,,,,,,,
12,16,4,2,1,1,1,0,0,0,,
48,16,5,1,1,0,0,1,0,0,,
0,16,5,0,,,,,,,,
0,16,5,0,,,,,,,,
0,16,6,0,,,,,,,,
0,16,6,0,,,,,,,,
59,16,6,2,1,0,0,0,0,0,,
22,16,7,1,0,0,1,1,1,0,,
0,16,7,0,,,,,,,,
0,16,7,0,,,,,,,,
0,16,8,0,,,,,,,,
0,16,8,0,,,,,,,,
47,16,8,2,0,1,0,1,1,0,,
35,16,9,1,1,0,0,1,1,0,,
0,16,9,0,,,,,,,,
0,16,9,0,,,,,,,,
0,16,10,0,,,,,,,,
0,16,10,0,,,,,,,,
16,16,10,2,1,1,0,1,1,0,,
14,16,11,1,1,0,1,1,1,0,,
0,16,11,0,,,,,,,,
0,16,11,0,,,,,,,,
0,16,12,0,,,,,,,,
39,16,12,2,1,1,0,1,0,0,,
0,16,12,0,,,,,,,,
15,16,13,1,1,1,0,1,1,0,,
0,16,13,0,,,,,,,,
0,16,13,0,,,,,,,,
0,16,14,0,,,,,,,,
25,16,14,2,1,1,1,0,0,0,,
0,16,14,0,,,,,,,,
53,16,15,1,0,1,1,1,1,1,,
0,16,15,0,,,,,,,,
0,16,15,0,,,,,,,,
0,16,16,0,,,,,,,,
65,16,16,2,1,0,1,1,1,0,,
0,16,16,0,,,,,,,,
27,16,17,1,1,0,0,0,1,0,,
0,16,17,0,,,,,,,,
0,16,17,0,,,,,,,,
0,16,18,0,,,,,,,,
26,16,18,2,1,0,1,1,0,0,,
0,16,18,0,,,,,,,,
24,16,19,1,0,0,1,0,0,0,,
0,16,19,0,,,,,,,,
0,16,19,0,,,,,,,,
0,16,20,0,,,,,,,,
34,16,20,2,0,0,1,0,0,0,,
0,16,20,0,,,,,,,,
33,16,21,1,0,0,1,0,0,0,,
0,16,21,0,,,,,,,,
0,16,21,0,,,,,,,,
0,16,22,0,,,,,,,,
37,16,22,2,0,1,0,1,0,0,,
0,16,22,0,,,,,,,,
31,16,23,1,1,1,1,0,0,0,,
0,16,23,0,,,,,,,,
0,16,23,0,,,,,,,,
0,16,24,0,,,,,,,,
55,16,24,2,1,1,1,1,1,0,,
0,16,24,0,,,,,,,,
20,16,25,1,0,0,1,0,0,0,,
0,16,25,0,,,,,,,,
0,16,25,0,,,,,,,,
0,16,26,0,,,,,,,,
58,16,26,2,1,1,1,1,0,0,,
0,16,26,0,,,,,,,,
32,16,27,1,1,0,1,0,0,0,,
0,16,27,0,,,,,,,,
0,16,27,0,,,,,,,,
0,16,28,0,,,,,,,,
51,16,28,2,0,1,0,1,1,0,,
0,16,28,0,,,,,,,,
21,16,29,1,0,0,0,1,0,0,,
0,16,29,0,,,,,,,,
0,16,29,0,,,,,,,,
0,16,30,0,,,,,,,,
62,16,30,2,1,1,1,1,0,0,,
0,16,30,0,,,,,,,,
66,16,31,1,0,1,1,0,0,0,,
0,16,31,0,,,,,,,,
0,16,31,0,,,,,,,,
0,16,32,0,,,,,,,,
18,16,32,2,1,1,1,0,1,0,,
0,16,32,0,,,,,,,,
