seq,subj,item,cond,R1,R2,R3,R4,R5,R6,R7,R8
0,1,1,0,,,,,,,,
0,1,1,0,,,,,,,,
50,1,1,2,586,3496,4570,1827,,7022,,
16,1,2,1,922,6801,622,2352,3434,2652,,
0,1,2,0,,,,,,,,
0,1,2,0,,,,,,,,
0,1,3,0,,,,,,,,
0,1,3,0,,,,,,,,
12,1,3,2,816,1474,1936,3006,,7848,,
59,1,4,1,867,2025,9826,1645,,3841,,
0,1,4,0,,,,,,,,
0,1,4,0,,,,,,,,
0,1,5,0,,,,,,,,
0,1,5,0,,,,,,,,
5,1,5,2,,4533,3794,2706,1210,2435,,
22,1,6,1,528,1455,3284,9954,1462,1085,,
0,1,6,0,,,,,,,,
0,1,6,0,,,,,,,,
0,1,7,0,,,,,,,,
0,1,7,0,,,,,,,,
14,1,7,2,481,960,3588,2368,2207,3601,,
36,1,8,1,1085,1345,1744,1295,1309,1248,,
0,1,8,0,,,,,,,,
0,1,8,0,,,,,,,,
0,1,9,0,,,,,,,,
0,1,9,0,,,,,,,,
27,1,9,2,994,4872,1476,1568,936,11459,,
53,1,10,1,1662,,3711,1266,1565,1980,,
0,1,10,0,,,,,,,,
0,1,10,0,,,,,,,,
0,1,11,0,,,,,,,,
55,1,11,2,707,942,2418,2411,1749,2862,,
0,1,11,0,,,,,,,,
65,1,12,1,1411,4161,5080,3524,2947,1871,,
0,1,12,0,,,,,,,,
0,1,12,0,,,,,,,,
0,1,13,0,,,,,,,,
33,1,13,2,2460,2512,2236,6735,,2834,,
0,1,13,0,,,,,,,,
68,1,14,1,1822,1276,321,1381,1094,,3121,
0,1,14,0,,,,,,,,
0,1,14,0,,,,,,,,
0,1,15,0,,,,,,,,
45,1,15,2,522,2352,224,4063,1467,2567,,
0,1,15,0,,,,,,,,
52,1,16,1,569,3646,2113,960,1397,4050,,
0,1,16,0,,,,,,,,
0,1,16,0,,,,,,,,
0,1,17,0,,,,,,,,
57,1,17,2,1608,81,2643,2985,2020,2131,,
0,1,17,0,,,,,,,,
8,1,18,1,892,1429,5449,504,2624,1903,,
0,1,18,0,,,,,,,,
0,1,18,0,,,,,,,,
0,1,19,0,,,,,,,,
9,1,19,2,424,2435,2724,2476,437,4819,,
0,1,19,0,,,,,,,,
67,1,20,1,1072,4861,9496,1754,,,4663,
0,1,20,0,,,,,,,,
0,1,20,0,,,,,,,,
0,1,21,0,,,,,,,,
46,1,21,2,3106,1582,1772,2580,1258,2441,,
0,1,21,0,,,,,,,,
64,1,22,1,1123,292,1679,304,4127,1234,,
0,1,22,0,,,,,,,,
0,1,22,0,,,,,,,,
0,1,23,0,,,,,,,,
63,1,23,2,2175,468,2843,1605,1834,2345,,
0,1,23,0,,,,,,,,
18,1,24,1,483,2148,1917,3963,,3627,,
0,1,24,0,,,,,,,,
0,1,24,0,,,,,,,,
0,1,25,0,,,,,,,,
35,1,25,2,1800,1256,1430,1526,2177,1225,,
0,1,25,0,,,,,,,,
10,1,26,1,423,2713,8963,1023,3685,4198,,
0,1,26,0,,,,,,,,
0,1,26,0,,,,,,,,
0,1,27,0,,,,,,,,
7,1,27,2,692,3593,281,1936,3130,8210,,
0,1,27,0,,,,,,,,
34,1,28,1,3199,1829,1492,4712,2541,3937,,
0,1,28,0,,,,,,,,
0,1,28,0,,,,,,,,
0,1,29,0,,,,,,,,
56,1,29,2,390,2174,5031,3482,2723,2042,,
0,1,29,0,,,,,,,,
20,1,30,1,301,2680,4606,6250,1777,4851,,
0,1,30,0,,,,,,,,
0,1,30,0,,,,,,,,
0,1,31,0,,,,,,,,
24,1,31,2,382,1332,2136,6724,1468,4206,,
0,1,31,0,,,,,,,,
58,1,32,1,1437,116,4081,1717,1449,6001,,
0,1,32,0,,,,,,,,
0,1,32,0,,,,,,,,
0,2,1,0,,,,,,,,
0,2,1,0,,,,,,,,
13,2,1,2,1863,1656,976,976,,2563,,
8,2,2,1,3308,2528,3045,1245,2472,1467,,
0,2,2,0,,,,,,,,
0,2,2,0,,,,,,,,
0,2,3,0,,,,,,,,
0,2,3,0,,,,,,,,
61,2,3,2,1428,858,1192,974,1058,1024,,
11,2,4,1,2795,2171,2513,1571,,2796,,
0,2,4,0,,,,,,,,
0,2,4,0,,,,,,,,
0,2,5,0,,,,,,,,
0,2,5,0,,,,,,,,
57,2,5,2,2531,3120,1604,873,1103,926,,
63,2,6,1,1241,2838,1569,1896,947,1482,,
0,2,6,0,,,,,,,,
0,2,6,0,,,,,,,,
0,2,7,0,,,,,,,,
0,2,7,0,,,,,,,,
35,2,7,2,1853,1719,1833,2082,1264,985,,
54,2,8,1,1041,1352,1191,799,1473,2542,,
0,2,8,0,,,,,,,,
0,2,8,0,,,,,,,,
0,2,9,0,,,,,,,,
0,2,9,0,,,,,,,,
49,2,9,2,1222,1238,1165,854,3763,4599,,
17,2,10,1,1637,1907,1399,1317,1253,846,,
0,2,10,0,,,,,,,,
0,2,10,0,,,,,,,,
0,2,11,0,,,,,,,,
45,2,11,2,1776,4555,1747,545,174,2811,,
0,2,11,0,,,,,,,,
39,2,12,1,1034,265,3598,1559,1729,599,,
0,2,12,0,,,,,,,,
0,2,12,0,,,,,,,,
0,2,13,0,,,,,,,,
26,2,13,2,2533,1889,1287,1728,1630,1705,,
0,2,13,0,,,,,,,,
32,2,14,1,2420,3361,2090,1521,1678,1749,,
0,2,14,0,,,,,,,,
0,2,14,0,,,,,,,,
0,2,15,0,,,,,,,,
22,2,15,2,1175,1379,994,590,1262,1002,,
0,2,15,0,,,,,,,,
23,2,16,1,1611,3458,2591,1442,762,1078,,
0,2,16,0,,,,,,,,
0,2,16,0,,,,,,,,
0,2,17,0,,,,,,,,
28,2,17,2,1592,2635,1357,2205,1258,1632,,
0,2,17,0,,,,,,,,
48,2,18,1,1433,1683,2028,1237,981,823,,
0,2,18,0,,,,,,,,
0,2,18,0,,,,,,,,
0,2,19,0,,,,,,,,
30,2,19,2,2726,4006,1488,1491,1200,3033,,
0,2,19,0,,,,,,,,
44,2,20,1,1505,2032,1500,1010,1593,1746,,
0,2,20,0,,,,,,,,
0,2,20,0,,,,,,,,
0,2,21,0,,,,,,,,
31,2,21,2,1667,1926,912,1499,1361,1291,,
0,2,21,0,,,,,,,,
16,2,22,1,,,,,,9697,,
0,2,22,0,,,,,,,,
0,2,22,0,,,,,,,,
0,2,23,0,,,,,,,,
60,2,23,2,1359,969,812,957,756,1505,,
0,2,23,0,,,,,,,,
37,2,24,1,1422,1526,1258,1721,,3136,,
0,2,24,0,,,,,,,,
0,2,24,0,,,,,,,,
0,2,25,0,,,,,,,,
38,2,25,2,1452,1436,1429,1943,778,1316,,
0,2,25,0,,,,,,,,
40,2,26,1,,3827,1749,1250,1348,1125,,
0,2,26,0,,,,,,,,
0,2,26,0,,,,,,,,
0,2,27,0,,,,,,,,
27,2,27,2,2399,1965,2563,1229,1513,1487,,
0,2,27,0,,,,,,,,
65,2,28,1,840,1821,3868,1206,284,3362,,
0,2,28,0,,,,,,,,
0,2,28,0,,,,,,,,
0,2,29,0,,,,,,,,
5,2,29,2,2251,2300,2336,2719,1414,1483,,
0,2,29,0,,,,,,,,
10,2,30,1,1983,2232,2272,1952,2349,1566,,
0,2,30,0,,,,,,,,
0,2,30,0,,,,,,,,
0,2,31,0,,,,,,,,
52,2,31,2,1129,2260,3093,3218,886,970,,
0,2,31,0,,,,,,,,
53,2,32,1,1218,2451,1943,766,613,614,,
0,2,32,0,,,,,,,,
0,2,32,0,,,,,,,,
0,3,1,0,,,,,,,,
0,3,1,0,,,,,,,,
17,3,1,2,1347,1603,1174,882,731,613,,
37,3,2,1,1504,1704,876,1819,756,724,,
0,3,2,0,,,,,,,,
0,3,2,0,,,,,,,,
0,3,3,0,,,,,,,,
0,3,3,0,,,,,,,,
42,3,3,2,1835,929,1354,530,1212,1653,,
60,3,4,1,1485,1707,1724,820,1229,415,,
0,3,4,0,,,,,,,,
0,3,4,0,,,,,,,,
0,3,5,0,,,,,,,,
0,3,5,0,,,,,,,,
66,3,5,2,1479,1176,757,885,534,440,,
48,3,6,1,1951,1094,1528,1125,642,602,,
0,3,6,0,,,,,,,,
0,3,6,0,,,,,,,,
0,3,7,0,,,,,,,,
0,3,7,0,,,,,,,,
29,3,7,2,1938,1124,1035,400,822,1033,,
51,3,8,1,1378,1147,1352,1267,796,1345,,
0,3,8,0,,,,,,,,
0,3,8,0,,,,,,,,
0,3,9,0,,,,,,,,
0,3,9,0,,,,,,,,
13,3,9,2,1338,1144,1090,486,1257,1833,,
54,3,10,1,,2385,631,699,895,581,,
0,3,10,0,,,,,,,,
0,3,10,0,,,,,,,,
0,3,11,0,,,,,,,,
6,3,11,2,2124,1746,966,1100,808,1476,,
0,3,11,0,,,,,,,,
20,3,12,1,931,1609,1211,943,853,,,
0,3,12,0,,,,,,,,
0,3,12,0,,,,,,,,
0,3,13,0,,,,,,,,
44,3,13,2,2557,1674,1084,1453,681,1225,,
0,3,13,0,,,,,,,,
23,3,14,1,857,1080,840,247,1188,758,,
0,3,14,0,,,,,,,,
0,3,14,0,,,,,,,,
0,3,15,0,,,,,,,,
27,3,15,2,847,317,1011,,1244,493,,
0,3,15,0,,,,,,,,
41,3,16,1,1668,1232,1912,962,338,460,,
0,3,16,0,,,,,,,,
0,3,16,0,,,,,,,,
0,3,17,0,,,,,,,,
56,3,17,2,1849,1949,821,2177,1075,1624,,
0,3,17,0,,,,,,,,
65,3,18,1,2365,1921,1174,877,458,314,,
0,3,18,0,,,,,,,,
0,3,18,0,,,,,,,,
0,3,19,0,,,,,,,,
47,3,19,2,1628,1828,1380,2184,679,3428,,
0,3,19,0,,,,,,,,
63,3,20,1,2173,1415,1513,1717,685,1738,,
0,3,20,0,,,,,,,,
0,3,20,0,,,,,,,,
0,3,21,0,,,,,,,,
10,3,21,2,2515,1038,641,968,879,751,,
0,3,21,0,,,,,,,,
19,3,22,1,1280,419,1046,802,1629,744,,
0,3,22,0,,,,,,,,
0,3,22,0,,,,,,,,
0,3,23,0,,,,,,,,
33,3,23,2,1793,1006,1114,537,488,1225,,
0,3,23,0,,,,,,,,
68,3,24,1,1490,1003,892,254,,1862,,
0,3,24,0,,,,,,,,
0,3,24,0,,,,,,,,
0,3,25,0,,,,,,,,
59,3,25,2,3853,1027,1453,966,565,1525,,
0,3,25,0,,,,,,,,
28,3,26,1,3412,3297,1167,833,565,443,,
0,3,26,0,,,,,,,,
0,3,26,0,,,,,,,,
0,3,27,0,,,,,,,,
50,3,27,2,2574,1393,3245,498,150,1419,,
0,3,27,0,,,,,,,,
39,3,28,1,2087,1208,1332,789,1525,943,,
0,3,28,0,,,,,,,,
0,3,28,0,,,,,,,,
0,3,29,0,,,,,,,,
21,3,29,2,1657,1246,983,712,1283,2410,,
0,3,29,0,,,,,,,,
35,3,30,1,1853,1681,1198,897,1332,718,,
0,3,30,0,,,,,,,,
0,3,30,0,,,,,,,,
0,3,31,0,,,,,,,,
53,3,31,2,1700,1385,1055,695,705,1849,,
0,3,31,0,,,,,,,,
36,3,32,1,1227,1259,1669,1171,828,574,,
0,3,32,0,,,,,,,,
0,3,32,0,,,,,,,,
0,4,1,0,,,,,,,,
0,4,1,0,,,,,,,,
49,4,1,2,3330,3129,1384,2192,1868,2003,,
43,4,2,1,3828,3413,1972,1988,1680,1065,,
0,4,2,0,,,,,,,,
0,4,2,0,,,,,,,,
0,4,3,0,,,,,,,,
0,4,3,0,,,,,,,,
35,4,3,2,2539,3513,2076,3395,,4593,,
55,4,4,1,2533,3262,3646,3789,,4565,,
0,4,4,0,,,,,,,,
0,4,4,0,,,,,,,,
0,4,5,0,,,,,,,,
0,4,5,0,,,,,,,,
6,4,5,2,3328,2038,3587,1971,1225,1785,,
18,4,6,1,3592,3065,1930,2570,3062,3688,,
0,4,6,0,,,,,,,,
0,4,6,0,,,,,,,,
0,4,7,0,,,,,,,,
0,4,7,0,,,,,,,,
24,4,7,2,5789,2301,3004,4102,1063,1558,,
32,4,8,1,1836,3063,1971,1073,1805,3374,,
0,4,8,0,,,,,,,,
0,4,8,0,,,,,,,,
0,4,9,0,,,,,,,,
0,4,9,0,,,,,,,,
30,4,9,2,2367,2615,1836,1412,,4548,,
13,4,10,1,2866,2188,,4018,1886,3105,,
0,4,10,0,,,,,,,,
0,4,10,0,,,,,,,,
0,4,11,0,,,,,,,,
40,4,11,2,1740,2402,2000,2924,372,2490,,
0,4,11,0,,,,,,,,
11,4,12,1,2665,4304,2183,3971,,3102,,
0,4,12,0,,,,,,,,
0,4,12,0,,,,,,,,
0,4,13,0,,,,,,,,
64,4,13,2,2807,3022,3181,3386,,3842,,
0,4,13,0,,,,,,,,
46,4,14,1,981,2858,2168,1957,1471,1174,,
0,4,14,0,,,,,,,,
0,4,14,0,,,,,,,,
0,4,15,0,,,,,,,,
34,4,15,2,2436,1641,3274,3228,1761,2898,,
0,4,15,0,,,,,,,,
26,4,16,1,3020,4165,3849,2118,2886,158,1586,
0,4,16,0,,,,,,,,
0,4,16,0,,,,,,,,
0,4,17,0,,,,,,,,
47,4,17,2,3527,4655,2101,2146,3663,2446,,
0,4,17,0,,,,,,,,
57,4,18,1,2841,3205,2832,2734,1868,1720,,
0,4,18,0,,,,,,,,
0,4,18,0,,,,,,,,
0,4,19,0,,,,,,,,
29,4,19,2,1106,6684,2649,1950,1678,2010,,
0,4,19,0,,,,,,,,
65,4,20,1,3208,3173,3080,4456,2902,1806,,
0,4,20,0,,,,,,,,
0,4,20,0,,,,,,,,
0,4,21,0,,,,,,,,
8,4,21,2,4520,2218,2499,1771,1272,1879,,
0,4,21,0,,,,,,,,
39,4,22,1,3102,1937,2004,1884,1003,3378,,
0,4,22,0,,,,,,,,
0,4,22,0,,,,,,,,
0,4,23,0,,,,,,,,
52,4,23,2,2417,3103,1890,3513,2089,2806,,
0,4,23,0,,,,,,,,
63,4,24,1,1887,2557,1984,2318,,2954,,
0,4,24,0,,,,,,,,
0,4,24,0,,,,,,,,
0,4,25,0,,,,,,,,
15,4,25,2,807,3012,4952,3265,,,,
0,4,25,0,,,,,,,,
12,4,26,1,3742,1527,2002,2073,1594,1344,,
0,4,26,0,,,,,,,,
0,4,26,0,,,,,,,,
0,4,27,0,,,,,,,,
67,4,27,2,2737,2302,2701,1670,1079,5520,,
0,4,27,0,,,,,,,,
22,4,28,1,923,6640,3162,2585,177,5910,,
0,4,28,0,,,,,,,,
0,4,28,0,,,,,,,,
0,4,29,0,,,,,,,,
41,4,29,2,3405,2785,141,5430,765,5014,,
0,4,29,0,,,,,,,,
5,4,30,1,4183,3516,3588,3313,2065,2529,,
0,4,30,0,,,,,,,,
0,4,30,0,,,,,,,,
0,4,31,0,,,,,,,,
48,4,31,2,4267,2624,2002,2410,1459,1657,,
0,4,31,0,,,,,,,,
45,4,32,1,1935,2250,2204,1919,2183,1229,,
0,4,32,0,,,,,,,,
0,4,32,0,,,,,,,,
0,5,1,0,,,,,,,,
0,5,1,0,,,,,,,,
54,5,1,2,1915,2973,1173,1803,93,4850,,
38,5,2,1,2238,1994,2551,1701,,2839,,
0,5,2,0,,,,,,,,
0,5,2,0,,,,,,,,
0,5,3,0,,,,,,,,
0,5,3,0,,,,,,,,
11,5,3,2,3020,1240,1510,1260,1444,3087,,
43,5,4,1,1883,2449,2584,1561,1428,934,,
0,5,4,0,,,,,,,,
0,5,4,0,,,,,,,,
0,5,5,0,,,,,,,,
0,5,5,0,,,,,,,,
56,5,5,2,4231,3385,1582,1292,322,1866,,
40,5,6,1,2202,2674,1953,1934,289,2247,,
0,5,6,0,,,,,,,,
0,5,6,0,,,,,,,,
0,5,7,0,,,,,,,,
0,5,7,0,,,,,,,,
36,5,7,2,3514,1263,2183,1318,755,761,,
31,5,8,1,1655,2275,1491,900,2002,1596,,
0,5,8,0,,,,,,,,
0,5,8,0,,,,,,,,
0,5,9,0,,,,,,,,
0,5,9,0,,,,,,,,
60,5,9,2,2684,1765,1497,728,153,2602,,
22,5,10,1,1838,1648,2492,1442,177,2726,,
0,5,10,0,,,,,,,,
0,5,10,0,,,,,,,,
0,5,11,0,,,,,,,,
46,5,11,2,2499,3186,2100,343,1296,2435,,
0,5,11,0,,,,,,,,
18,5,12,1,1419,3495,2632,1688,,975,1156,
0,5,12,0,,,,,,,,
0,5,12,0,,,,,,,,
0,5,13,0,,,,,,,,
29,5,13,2,2820,1405,2120,1940,388,2820,,
0,5,13,0,,,,,,,,
35,5,14,1,1730,1248,1634,1462,1118,667,,
0,5,14,0,,,,,,,,
0,5,14,0,,,,,,,,
0,5,15,0,,,,,,,,
68,5,15,2,1614,3064,2364,1274,1535,2282,,
0,5,15,0,,,,,,,,
15,5,16,1,3591,2228,2192,699,1501,2684,,
0,5,16,0,,,,,,,,
0,5,16,0,,,,,,,,
0,5,17,0,,,,,,,,
28,5,17,2,1901,1490,2132,1585,278,3462,,
0,5,17,0,,,,,,,,
47,5,18,1,2202,2552,1924,1324,1394,731,,
0,5,18,0,,,,,,,,
0,5,18,0,,,,,,,,
0,5,19,0,,,,,,,,
34,5,19,2,2297,1937,1790,1603,1160,2060,,
0,5,19,0,,,,,,,,
16,5,20,1,4223,2595,2056,1556,150,2037,,
0,5,20,0,,,,,,,,
0,5,20,0,,,,,,,,
0,5,21,0,,,,,,,,
7,5,21,2,2111,2093,1211,1638,169,2967,,
0,5,21,0,,,,,,,,
21,5,22,1,,,,,7799,2719,,
0,5,22,0,,,,,,,,
0,5,22,0,,,,,,,,
0,5,23,0,,,,,,,,
25,5,23,2,2024,1340,2206,1725,706,2698,,
0,5,23,0,,,,,,,,
45,5,24,1,3271,1341,1141,164,1104,3400,,
0,5,24,0,,,,,,,,
0,5,24,0,,,,,,,,
0,5,25,0,,,,,,,,
30,5,25,2,2208,1947,1450,1813,1062,2470,,
0,5,25,0,,,,,,,,
53,5,26,1,3124,2800,2243,481,1594,1801,,
0,5,26,0,,,,,,,,
0,5,26,0,,,,,,,,
0,5,27,0,,,,,,,,
8,5,27,2,2802,1890,1622,1058,744,3057,,
0,5,27,0,,,,,,,,
51,5,28,1,3166,1741,2412,1358,,4823,,
0,5,28,0,,,,,,,,
0,5,28,0,,,,,,,,
0,5,29,0,,,,,,,,
63,5,29,2,3885,2574,3155,1553,1737,966,,
0,5,29,0,,,,,,,,
24,5,30,1,2654,2670,2351,2260,,3979,,
0,5,30,0,,,,,,,,
0,5,30,0,,,,,,,,
0,5,31,0,,,,,,,,
6,5,31,2,2346,2173,301,2347,1005,3603,,
0,5,31,0,,,,,,,,
14,5,32,1,2017,1917,1984,1534,273,2072,,
0,5,32,0,,,,,,,,
0,5,32,0,,,,,,,,
0,6,1,0,,,,,,,,
0,6,1,0,,,,,,,,
57,6,1,2,2026,611,1048,2645,1237,293,,
43,6,2,1,942,4167,1964,467,1743,1494,3564,
0,6,2,0,,,,,,,,
0,6,2,0,,,,,,,,
0,6,3,0,,,,,,,,
0,6,3,0,,,,,,,,
36,6,3,2,2369,1765,667,4571,,4024,,
66,6,4,1,1713,329,2543,1838,3044,4249,,
0,6,4,0,,,,,,,,
0,6,4,0,,,,,,,,
0,6,5,0,,,,,,,,
0,6,5,0,,,,,,,,
51,6,5,2,1156,1693,1701,1725,1102,2452,,
64,6,6,1,2291,1057,2256,6671,698,1349,,
0,6,6,0,,,,,,,,
0,6,6,0,,,,,,,,
0,6,7,0,,,,,,,,
0,6,7,0,,,,,,,,
68,6,7,2,1838,2786,868,1269,1940,2405,,
17,6,8,1,712,3458,1593,1192,371,5348,,
0,6,8,0,,,,,,,,
0,6,8,0,,,,,,,,
0,6,9,0,,,,,,,,
0,6,9,0,,,,,,,,
15,6,9,2,2476,4313,1570,1086,2416,5107,,
22,6,10,1,1066,426,2552,1409,2056,1413,,
0,6,10,0,,,,,,,,
0,6,10,0,,,,,,,,
0,6,11,0,,,,,,,,
40,6,11,2,,3271,1963,1924,4087,189,,
0,6,11,0,,,,,,,,
21,6,12,1,581,7653,2162,4081,,4778,,
0,6,12,0,,,,,,,,
0,6,12,0,,,,,,,,
0,6,13,0,,,,,,,,
46,6,13,2,577,,4810,637,1058,240,,
0,6,13,0,,,,,,,,
38,6,14,1,1731,1080,1668,1273,1960,846,1913,
0,6,14,0,,,,,,,,
0,6,14,0,,,,,,,,
0,6,15,0,,,,,,,,
8,6,15,2,2034,218,4887,1074,5000,2994,,
0,6,15,0,,,,,,,,
19,6,16,1,3651,1712,1948,4306,1313,1956,,
0,6,16,0,,,,,,,,
0,6,16,0,,,,,,,,
0,6,17,0,,,,,,,,
27,6,17,2,916,892,2081,1818,1938,5284,,
0,6,17,0,,,,,,,,
28,6,18,1,5416,965,2048,2996,,2485,,
0,6,18,0,,,,,,,,
0,6,18,0,,,,,,,,
0,6,19,0,,,,,,,,
62,6,19,2,1470,959,5187,,2631,4001,,
0,6,19,0,,,,,,,,
42,6,20,1,1224,777,2042,2554,948,4364,,
0,6,20,0,,,,,,,,
0,6,20,0,,,,,,,,
0,6,21,0,,,,,,,,
33,6,21,2,1303,1328,2072,1388,2423,2796,,
0,6,21,0,,,,,,,,
53,6,22,1,1984,2849,1145,916,338,2681,,
0,6,22,0,,,,,,,,
0,6,22,0,,,,,,,,
0,6,23,0,,,,,,,,
54,6,23,2,2120,439,2413,603,1993,4001,,
0,6,23,0,,,,,,,,
13,6,24,1,2650,3689,3313,1441,,3307,,
0,6,24,0,,,,,,,,
0,6,24,0,,,,,,,,
0,6,25,0,,,,,,,,
12,6,25,2,1815,1694,,2237,1388,167,,
0,6,25,0,,,,,,,,
45,6,26,1,1916,120,1941,1534,1846,7565,,
0,6,26,0,,,,,,,,
0,6,26,0,,,,,,,,
0,6,27,0,,,,,,,,
61,6,27,2,1582,1217,1119,1708,1081,591,,
0,6,27,0,,,,,,,,
14,6,28,1,1186,5209,1303,1442,181,4212,,
0,6,28,0,,,,,,,,
0,6,28,0,,,,,,,,
0,6,29,0,,,,,,,,
7,6,29,2,4459,2542,,6531,,5932,,
0,6,29,0,,,,,,,,
63,6,30,1,1004,2664,1085,1903,2020,4742,,
0,6,30,0,,,,,,,,
0,6,30,0,,,,,,,,
0,6,31,0,,,,,,,,
6,6,31,2,3531,4055,1898,1921,3668,3574,,
0,6,31,0,,,,,,,,
56,6,32,1,1258,875,2380,865,1118,784,1715,
0,6,32,0,,,,,,,,
0,6,32,0,,,,,,,,
0,7,1,0,,,,,,,,
0,7,1,0,,,,,,,,
43,7,1,2,1624,2725,1795,1342,,2628,,
12,7,2,1,2221,3257,1959,1155,1504,1253,,
0,7,2,0,,,,,,,,
0,7,2,0,,,,,,,,
0,7,3,0,,,,,,,,
0,7,3,0,,,,,,,,
35,7,3,2,2042,1606,1583,1844,,3152,,
21,7,4,1,1775,3093,1657,,4430,1211,,
0,7,4,0,,,,,,,,
0,7,4,0,,,,,,,,
0,7,5,0,,,,,,,,
0,7,5,0,,,,,,,,
46,7,5,2,1971,1238,2167,1507,947,1128,,
6,7,6,1,2308,2914,298,2243,3072,1946,,
0,7,6,0,,,,,,,,
0,7,6,0,,,,,,,,
0,7,7,0,,,,,,,,
0,7,7,0,,,,,,,,
29,7,7,2,2228,1336,,3110,1186,1268,,
17,7,8,1,1333,1388,146,2264,1252,1606,,
0,7,8,0,,,,,,,,
0,7,8,0,,,,,,,,
0,7,9,0,,,,,,,,
0,7,9,0,,,,,,,,
23,7,9,2,2004,218,3719,992,528,3647,,
49,7,10,1,1943,729,2280,1299,1005,650,,
0,7,10,0,,,,,,,,
0,7,10,0,,,,,,,,
0,7,11,0,,,,,,,,
45,7,11,2,1630,1066,943,2045,231,1574,,
0,7,11,0,,,,,,,,
10,7,12,1,1883,2236,,1704,1785,2448,,
0,7,12,0,,,,,,,,
0,7,12,0,,,,,,,,
0,7,13,0,,,,,,,,
37,7,13,2,809,3489,2085,2426,145,1558,,
0,7,13,0,,,,,,,,
19,7,14,1,2231,1266,1744,822,1596,1434,,
0,7,14,0,,,,,,,,
0,7,14,0,,,,,,,,
0,7,15,0,,,,,,,,
26,7,15,2,1659,978,2087,787,894,3962,,
0,7,15,0,,,,,,,,
31,7,16,1,2387,2661,3013,2114,914,1417,,
0,7,16,0,,,,,,,,
0,7,16,0,,,,,,,,
0,7,17,0,,,,,,,,
58,7,17,2,3358,3935,1531,1654,1872,1491,,
0,7,17,0,,,,,,,,
28,7,18,1,2324,,2063,2466,2828,1861,,
0,7,18,0,,,,,,,,
0,7,18,0,,,,,,,,
0,7,19,0,,,,,,,,
56,7,19,2,2115,,3832,1125,1296,1459,,
0,7,19,0,,,,,,,,
16,7,20,1,2907,1819,3620,2841,970,1114,,
0,7,20,0,,,,,,,,
0,7,20,0,,,,,,,,
0,7,21,0,,,,,,,,
42,7,21,2,2895,1408,1174,1492,,2288,,
0,7,21,0,,,,,,,,
27,7,22,1,1599,1861,428,2501,1589,2143,,
0,7,22,0,,,,,,,,
0,7,22,0,,,,,,,,
0,7,23,0,,,,,,,,
59,7,23,2,2209,1705,1556,1216,1230,598,,
0,7,23,0,,,,,,,,
20,7,24,1,2151,1589,1267,1004,,2445,,
0,7,24,0,,,,,,,,
0,7,24,0,,,,,,,,
0,7,25,0,,,,,,,,
40,7,25,2,1630,1494,1256,1956,953,898,,
0,7,25,0,,,,,,,,
60,7,26,1,2285,1905,1406,963,876,1042,,
0,7,26,0,,,,,,,,
0,7,26,0,,,,,,,,
0,7,27,0,,,,,,,,
11,7,27,2,3104,1968,1921,1253,442,3390,,
0,7,27,0,,,,,,,,
48,7,28,1,2323,2186,4312,1484,1344,941,,
0,7,28,0,,,,,,,,
0,7,28,0,,,,,,,,
0,7,29,0,,,,,,,,
65,7,29,2,2201,,3851,1200,1369,2470,,
0,7,29,0,,,,,,,,
52,7,30,1,4541,2747,1455,2244,1140,724,,
0,7,30,0,,,,,,,,
0,7,30,0,,,,,,,,
0,7,31,0,,,,,,,,
57,7,31,2,2343,1839,1718,2444,224,2417,,
0,7,31,0,,,,,,,,
32,7,32,1,1549,1757,1434,1370,820,590,,
0,7,32,0,,,,,,,,
0,7,32,0,,,,,,,,
0,8,1,0,,,,,,,,
0,8,1,0,,,,,,,,
26,8,1,2,3166,240,1646,2860,1288,,,
63,8,2,1,2277,2382,2110,1887,1162,1771,,
0,8,2,0,,,,,,,,
0,8,2,0,,,,,,,,
0,8,3,0,,,,,,,,
0,8,3,0,,,,,,,,
42,8,3,2,529,1084,2612,2281,631,,,
48,8,4,1,2256,2624,2506,1473,248,4388,,
0,8,4,0,,,,,,,,
0,8,4,0,,,,,,,,
0,8,5,0,,,,,,,,
0,8,5,0,,,,,,,,
38,8,5,2,438,1987,816,2518,1158,3941,,
52,8,6,1,1720,2207,1407,2362,1786,1756,,
0,8,6,0,,,,,,,,
0,8,6,0,,,,,,,,
0,8,7,0,,,,,,,,
0,8,7,0,,,,,,,,
32,8,7,2,672,1070,3426,1386,1831,2772,,
35,8,8,1,590,1335,1617,1791,1301,1522,,
0,8,8,0,,,,,,,,
0,8,8,0,,,,,,,,
0,8,9,0,,,,,,,,
0,8,9,0,,,,,,,,
28,8,9,2,1754,358,1736,1659,933,3756,,
15,8,10,1,2022,1839,1272,1147,275,2692,,
0,8,10,0,,,,,,,,
0,8,10,0,,,,,,,,
0,8,11,0,,,,,,,,
30,8,11,2,585,1649,964,2757,1274,188,,
0,8,11,0,,,,,,,,
41,8,12,1,656,1469,2078,2600,911,993,1894,
0,8,12,0,,,,,,,,
0,8,12,0,,,,,,,,
0,8,13,0,,,,,,,,
57,8,13,2,2640,2027,1551,1541,,3960,,
0,8,13,0,,,,,,,,
8,8,14,1,2256,1215,584,2380,1564,1371,,
0,8,14,0,,,,,,,,
0,8,14,0,,,,,,,,
0,8,15,0,,,,,,,,
34,8,15,2,506,1158,975,2805,1884,1080,,
0,8,15,0,,,,,,,,
9,8,16,1,3184,628,1486,3355,1655,1411,,
0,8,16,0,,,,,,,,
0,8,16,0,,,,,,,,
0,8,17,0,,,,,,,,
40,8,17,2,499,1783,2860,1505,2751,3217,,
0,8,17,0,,,,,,,,
7,8,18,1,2401,5124,1917,636,2516,2993,,
0,8,18,0,,,,,,,,
0,8,18,0,,,,,,,,
0,8,19,0,,,,,,,,
60,8,19,2,1938,1951,1682,1438,1776,2571,,
0,8,19,0,,,,,,,,
54,8,20,1,2081,1951,1666,1690,1285,2280,,
0,8,20,0,,,,,,,,
0,8,20,0,,,,,,,,
0,8,21,0,,,,,,,,
64,8,21,2,2376,1691,1486,2246,1364,1752,,
0,8,21,0,,,,,,,,
66,8,22,1,1481,1288,1733,1716,1985,1976,,
0,8,22,0,,,,,,,,
0,8,22,0,,,,,,,,
0,8,23,0,,,,,,,,
11,8,23,2,1924,,3965,1338,1324,1741,,
0,8,23,0,,,,,,,,
31,8,24,1,425,1270,1533,1485,1041,3537,,
0,8,24,0,,,,,,,,
0,8,24,0,,,,,,,,
0,8,25,0,,,,,,,,
10,8,25,2,3439,1079,1323,3351,700,2445,,
0,8,25,0,,,,,,,,
6,8,26,1,3242,1887,1805,1621,1377,2382,,
0,8,26,0,,,,,,,,
0,8,26,0,,,,,,,,
0,8,27,0,,,,,,,,
23,8,27,2,1573,723,1362,2616,1339,3900,,
0,8,27,0,,,,,,,,
51,8,28,1,2970,1914,1394,2067,,4559,,
0,8,28,0,,,,,,,,
0,8,28,0,,,,,,,,
0,8,29,0,,,,,,,,
49,8,29,2,2843,2176,1997,1657,327,4215,,
0,8,29,0,,,,,,,,
44,8,30,1,234,2477,1271,2157,1540,4441,,
0,8,30,0,,,,,,,,
0,8,30,0,,,,,,,,
0,8,31,0,,,,,,,,
62,8,31,2,2040,1726,1459,1717,1331,2229,,
0,8,31,0,,,,,,,,
19,8,32,1,2615,371,2097,1062,1541,2690,,
0,8,32,0,,,,,,,,
0,8,32,0,,,,,,,,
0,9,1,0,,,,,,,,
0,9,1,0,,,,,,,,
57,9,1,2,988,2928,6513,1548,,270,,
20,9,2,1,966,4801,3217,1499,2000,6315,,
0,9,2,0,,,,,,,,
0,9,2,0,,,,,,,,
0,9,3,0,,,,,,,,
0,9,3,0,,,,,,,,
28,9,3,2,953,2556,6744,2005,692,,,
6,9,4,1,2752,1537,7807,1451,4898,1583,,
0,9,4,0,,,,,,,,
0,9,4,0,,,,,,,,
0,9,5,0,,,,,,,,
0,9,5,0,,,,,,,,
64,9,5,2,794,2705,1865,1854,2617,3392,,
14,9,6,1,3829,1099,1685,3726,411,1341,,
0,9,6,0,,,,,,,,
0,9,6,0,,,,,,,,
0,9,7,0,,,,,,,,
0,9,7,0,,,,,,,,
18,9,7,2,1575,3085,1560,1258,1678,2535,,
50,9,8,1,1331,1426,4985,138,2191,2492,,
0,9,8,0,,,,,,,,
0,9,8,0,,,,,,,,
0,9,9,0,,,,,,,,
0,9,9,0,,,,,,,,
48,9,9,2,1986,3522,3029,3595,168,3035,,
9,9,10,1,713,1497,2578,2153,1257,4448,,
0,9,10,0,,,,,,,,
0,9,10,0,,,,,,,,
0,9,11,0,,,,,,,,
44,9,11,2,,3124,743,2470,336,2853,,
0,9,11,0,,,,,,,,
39,9,12,1,1265,836,1917,8985,1238,2874,,
0,9,12,0,,,,,,,,
0,9,12,0,,,,,,,,
0,9,13,0,,,,,,,,
12,9,13,2,404,6033,1022,3664,1023,,,
0,9,13,0,,,,,,,,
56,9,14,1,1937,2183,1478,1429,1198,,3574,
0,9,14,0,,,,,,,,
0,9,14,0,,,,,,,,
0,9,15,0,,,,,,,,
47,9,15,2,502,917,6210,1417,1504,2003,,
0,9,15,0,,,,,,,,
45,9,16,1,1922,1324,982,2799,1163,2327,,
0,9,16,0,,,,,,,,
0,9,16,0,,,,,,,,
0,9,17,0,,,,,,,,
59,9,17,2,2628,4065,,2274,333,3234,,
0,9,17,0,,,,,,,,
11,9,18,1,2676,395,7518,2059,5249,2196,,
0,9,18,0,,,,,,,,
0,9,18,0,,,,,,,,
0,9,19,0,,,,,,,,
34,9,19,2,2170,3501,2798,1122,1900,1272,,
0,9,19,0,,,,,,,,
42,9,20,1,1592,2612,5009,4523,1582,3813,,
0,9,20,0,,,,,,,,
0,9,20,0,,,,,,,,
0,9,21,0,,,,,,,,
17,9,21,2,3007,,2255,2852,2586,,,
0,9,21,0,,,,,,,,
27,9,22,1,1911,138,2562,1891,2708,2261,,
0,9,22,0,,,,,,,,
0,9,22,0,,,,,,,,
0,9,23,0,,,,,,,,
46,9,23,2,3176,1319,945,2547,1578,,4457,
0,9,23,0,,,,,,,,
36,9,24,1,2069,3383,2139,935,897,5721,,
0,9,24,0,,,,,,,,
0,9,24,0,,,,,,,,
0,9,25,0,,,,,,,,
43,9,25,2,845,5700,6858,827,595,3453,,
0,9,25,0,,,,,,,,
32,9,26,1,1711,161,1278,2122,1894,5024,,
0,9,26,0,,,,,,,,
0,9,26,0,,,,,,,,
0,9,27,0,,,,,,,,
62,9,27,2,482,1311,1715,4789,1491,437,,
0,9,27,0,,,,,,,,
33,9,28,1,3042,2377,3394,1343,3329,3289,,
0,9,28,0,,,,,,,,
0,9,28,0,,,,,,,,
0,9,29,0,,,,,,,,
52,9,29,2,5337,2852,1531,2631,1850,1614,,
0,9,29,0,,,,,,,,
30,9,30,1,3478,,4898,2130,4901,1576,,
0,9,30,0,,,,,,,,
0,9,30,0,,,,,,,,
0,9,31,0,,,,,,,,
16,9,31,2,2368,142,4865,6025,1439,1751,,
0,9,31,0,,,,,,,,
35,9,32,1,1534,2745,1625,308,2924,1062,,
0,9,32,0,,,,,,,,
0,9,32,0,,,,,,,,
0,10,1,0,,,,,,,,
0,10,1,0,,,,,,,,
5,10,1,2,2614,2731,,3643,,2934,,
62,10,2,1,2452,2535,2440,2298,,7413,,
0,10,2,0,,,,,,,,
0,10,2,0,,,,,,,,
0,10,3,0,,,,,,,,
0,10,3,0,,,,,,,,
36,10,3,2,1542,2893,1835,2075,,3057,,
53,10,4,1,1992,3259,2737,1410,342,3247,,
0,10,4,0,,,,,,,,
0,10,4,0,,,,,,,,
0,10,5,0,,,,,,,,
0,10,5,0,,,,,,,,
44,10,5,2,2049,2032,2861,2644,2905,3942,,
20,10,6,1,1527,1849,817,3552,1963,3034,,
0,10,6,0,,,,,,,,
0,10,6,0,,,,,,,,
0,10,7,0,,,,,,,,
0,10,7,0,,,,,,,,
47,10,7,2,2538,1403,2877,2251,1874,2854,,
24,10,8,1,1337,3062,2159,2321,1968,,,
0,10,8,0,,,,,,,,
0,10,8,0,,,,,,,,
0,10,9,0,,,,,,,,
0,10,9,0,,,,,,,,
11,10,9,2,1924,2127,1747,2444,,3714,,
56,10,10,1,1543,2081,3096,1639,2106,1478,,
0,10,10,0,,,,,,,,
0,10,10,0,,,,,,,,
0,10,11,0,,,,,,,,
8,10,11,2,1743,824,2995,1581,193,2680,,
0,10,11,0,,,,,,,,
17,10,12,1,1651,3538,6646,1947,,2343,,
0,10,12,0,,,,,,,,
0,10,12,0,,,,,,,,
0,10,13,0,,,,,,,,
34,10,13,2,2895,3448,2082,4195,,5742,,
0,10,13,0,,,,,,,,
15,10,14,1,,3355,2003,2049,2559,910,,
0,10,14,0,,,,,,,,
0,10,14,0,,,,,,,,
0,10,15,0,,,,,,,,
66,10,15,2,1716,1746,2170,1396,2181,1387,,
0,10,15,0,,,,,,,,
18,10,16,1,2435,1844,3818,1058,1624,911,,
0,10,16,0,,,,,,,,
0,10,16,0,,,,,,,,
0,10,17,0,,,,,,,,
29,10,17,2,1752,1785,995,1864,3843,2255,,
0,10,17,0,,,,,,,,
10,10,18,1,2584,1830,1631,2545,1107,1718,,
0,10,18,0,,,,,,,,
0,10,18,0,,,,,,,,
0,10,19,0,,,,,,,,
39,10,19,2,1718,2450,2741,1437,1706,2389,,
0,10,19,0,,,,,,,,
40,10,20,1,2594,2493,2854,2310,1057,1580,,
0,10,20,0,,,,,,,,
0,10,20,0,,,,,,,,
0,10,21,0,,,,,,,,
16,10,21,2,98,2194,3185,2627,3137,1971,,
0,10,21,0,,,,,,,,
33,10,22,1,2033,1710,449,2834,1691,1719,,
0,10,22,0,,,,,,,,
0,10,22,0,,,,,,,,
0,10,23,0,,,,,,,,
27,10,23,2,1678,1871,,3025,1146,3980,,
0,10,23,0,,,,,,,,
9,10,24,1,2279,2422,1234,1323,,2850,,
0,10,24,0,,,,,,,,
0,10,24,0,,,,,,,,
0,10,25,0,,,,,,,,
58,10,25,2,2620,2739,2288,1725,,3055,,
0,10,25,0,,,,,,,,
31,10,26,1,2759,1752,1565,,3378,2300,,
0,10,26,0,,,,,,,,
0,10,26,0,,,,,,,,
0,10,27,0,,,,,,,,
65,10,27,2,1585,322,5716,1768,465,3122,,
0,10,27,0,,,,,,,,
38,10,28,1,5664,2509,2704,2060,134,7707,,
0,10,28,0,,,,,,,,
0,10,28,0,,,,,,,,
0,10,29,0,,,,,,,,
7,10,29,2,3260,2598,3021,2155,3560,1685,,
0,10,29,0,,,,,,,,
32,10,30,1,2677,2342,2177,2872,1450,2301,,
0,10,30,0,,,,,,,,
0,10,30,0,,,,,,,,
0,10,31,0,,,,,,,,
23,10,31,2,1725,1716,1885,1913,1103,2251,,
0,10,31,0,,,,,,,,
64,10,32,1,2246,3219,1289,1947,1422,1566,,
0,10,32,0,,,,,,,,
0,10,32,0,,,,,,,,
0,11,1,0,,,,,,,,
0,11,1,0,,,,,,,,
13,11,1,2,3335,3387,2634,1584,1114,1208,,
34,11,2,1,3053,2392,2005,2856,2256,2508,,
0,11,2,0,,,,,,,,
0,11,2,0,,,,,,,,
0,11,3,0,,,,,,,,
0,11,3,0,,,,,,,,
11,11,3,2,5483,1354,1134,3025,,4386,,
26,11,4,1,3534,3145,3551,2714,4193,1567,,
0,11,4,0,,,,,,,,
0,11,4,0,,,,,,,,
0,11,5,0,,,,,,,,
0,11,5,0,,,,,,,,
19,11,5,2,2621,2664,2430,1277,1388,1281,,
54,11,6,1,1598,2224,2797,1956,821,1447,,
0,11,6,0,,,,,,,,
0,11,6,0,,,,,,,,
0,11,7,0,,,,,,,,
0,11,7,0,,,,,,,,
36,11,7,2,2347,1810,4464,1799,1568,2510,,
31,11,8,1,2769,2101,2750,1827,2585,2012,,
0,11,8,0,,,,,,,,
0,11,8,0,,,,,,,,
0,11,9,0,,,,,,,,
0,11,9,0,,,,,,,,
43,11,9,2,2128,3485,2003,531,1526,3020,,
38,11,10,1,177,2637,1283,1032,893,2299,,
0,11,10,0,,,,,,,,
0,11,10,0,,,,,,,,
0,11,11,0,,,,,,,,
52,11,11,2,1965,804,1642,359,328,2461,,
0,11,11,0,,,,,,,,
25,11,12,1,1225,3556,1653,1215,,2658,,
0,11,12,0,,,,,,,,
0,11,12,0,,,,,,,,
0,11,13,0,,,,,,,,
68,11,13,2,1905,2356,1524,914,2933,966,,
0,11,13,0,,,,,,,,
50,11,14,1,245,5372,1345,2022,2721,2552,,
0,11,14,0,,,,,,,,
0,11,14,0,,,,,,,,
0,11,15,0,,,,,,,,
53,11,15,2,1618,1640,1167,368,1177,1525,,
0,11,15,0,,,,,,,,
63,11,16,1,2293,2141,1878,1778,1108,891,,
0,11,16,0,,,,,,,,
0,11,16,0,,,,,,,,
0,11,17,0,,,,,,,,
22,11,17,2,1975,3936,2305,1658,871,1899,,
0,11,17,0,,,,,,,,
21,11,18,1,1795,3490,1288,2146,1418,1878,,
0,11,18,0,,,,,,,,
0,11,18,0,,,,,,,,
0,11,19,0,,,,,,,,
59,11,19,2,3233,2062,3758,1995,2873,3248,,
0,11,19,0,,,,,,,,
10,11,20,1,,6405,1293,1851,1340,2094,,
0,11,20,0,,,,,,,,
0,11,20,0,,,,,,,,
0,11,21,0,,,,,,,,
23,11,21,2,2713,2105,1085,1553,552,3283,,
0,11,21,0,,,,,,,,
57,11,22,1,1245,984,954,1514,1318,1496,,
0,11,22,0,,,,,,,,
0,11,22,0,,,,,,,,
0,11,23,0,,,,,,,,
18,11,23,2,2200,3140,3494,3529,1442,1866,,
0,11,23,0,,,,,,,,
65,11,24,1,2224,2416,797,830,,2410,,
0,11,24,0,,,,,,,,
0,11,24,0,,,,,,,,
0,11,25,0,,,,,,,,
49,11,25,2,2688,2206,6103,1529,769,1585,,
0,11,25,0,,,,,,,,
56,11,26,1,2681,1910,910,2193,913,1748,,
0,11,26,0,,,,,,,,
0,11,26,0,,,,,,,,
0,11,27,0,,,,,,,,
33,11,27,2,3170,1446,2612,520,260,4482,,
0,11,27,0,,,,,,,,
47,11,28,1,3166,1815,2482,2403,1685,1797,,
0,11,28,0,,,,,,,,
0,11,28,0,,,,,,,,
0,11,29,0,,,,,,,,
24,11,29,2,,5390,2548,2409,2014,1659,,
0,11,29,0,,,,,,,,
60,11,30,1,3110,3140,4949,2871,2180,1036,,
0,11,30,0,,,,,,,,
0,11,30,0,,,,,,,,
0,11,31,0,,,,,,,,
30,11,31,2,,9735,1723,7594,866,1918,,
0,11,31,0,,,,,,,,
17,11,32,1,2121,1769,1647,2895,1348,1907,,
0,11,32,0,,,,,,,,
0,11,32,0,,,,,,,,
0,12,1,0,,,,,,,,
0,12,1,0,,,,,,,,
24,12,1,2,2604,1774,1061,1987,,1410,1903,
62,12,2,1,2235,1927,1832,1385,1078,1818,,
0,12,2,0,,,,,,,,
0,12,2,0,,,,,,,,
0,12,3,0,,,,,,,,
0,12,3,0,,,,,,,,
28,12,3,2,3560,1696,1228,1351,,3181,,
9,12,4,1,2843,2320,1842,1405,1336,2936,,
0,12,4,0,,,,,,,,
0,12,4,0,,,,,,,,
0,12,5,0,,,,,,,,
0,12,5,0,,,,,,,,
30,12,5,2,4647,3084,,1779,1750,2189,,
18,12,6,1,2532,1730,1066,1073,1263,2458,,
0,12,6,0,,,,,,,,
0,12,6,0,,,,,,,,
0,12,7,0,,,,,,,,
0,12,7,0,,,,,,,,
36,12,7,2,1458,549,1299,2506,304,2766,,
53,12,8,1,1623,2464,1514,810,1739,3453,,
0,12,8,0,,,,,,,,
0,12,8,0,,,,,,,,
0,12,9,0,,,,,,,,
0,12,9,0,,,,,,,,
60,12,9,2,1180,1856,1107,1079,1096,856,,
32,12,10,1,1142,1196,702,1352,1214,983,,
0,12,10,0,,,,,,,,
0,12,10,0,,,,,,,,
0,12,11,0,,,,,,,,
7,12,11,2,2563,2097,2896,,824,3498,,
0,12,11,0,,,,,,,,
69,12,12,1,2338,3132,1840,3026,1130,842,,
0,12,12,0,,,,,,,,
0,12,12,0,,,,,,,,
0,12,13,0,,,,,,,,
38,12,13,2,1943,,2354,2300,1243,1170,,
0,12,13,0,,,,,,,,
11,12,14,1,1747,2149,1117,848,922,2433,,
0,12,14,0,,,,,,,,
0,12,14,0,,,,,,,,
0,12,15,0,,,,,,,,
64,12,15,2,3564,1121,928,631,1312,1283,,
0,12,15,0,,,,,,,,
14,12,16,1,,3623,3997,1769,837,2479,,
0,12,16,0,,,,,,,,
0,12,16,0,,,,,,,,
0,12,17,0,,,,,,,,
20,12,17,2,1199,4495,2148,1462,1495,1863,,
0,12,17,0,,,,,,,,
68,12,18,1,1400,1829,2164,1028,950,1639,,
0,12,18,0,,,,,,,,
0,12,18,0,,,,,,,,
0,12,19,0,,,,,,,,
49,12,19,2,3067,2404,3901,683,1221,1992,,
0,12,19,0,,,,,,,,
70,12,20,1,2487,2136,,2753,1163,2158,,
0,12,20,0,,,,,,,,
0,12,20,0,,,,,,,,
0,12,21,0,,,,,,,,
6,12,21,2,2204,3960,1204,1265,1182,2221,,
0,12,21,0,,,,,,,,
51,12,22,1,1355,1391,2363,1590,2320,1402,,
0,12,22,0,,,,,,,,
0,12,22,0,,,,,,,,
0,12,23,0,,,,,,,,
48,12,23,2,1729,2414,1527,834,917,1831,,
0,12,23,0,,,,,,,,
26,12,24,1,1590,1625,960,1112,,2666,,
0,12,24,0,,,,,,,,
0,12,24,0,,,,,,,,
0,12,25,0,,,,,,,,
8,12,25,2,1857,1933,1382,1973,,3482,,
0,12,25,0,,,,,,,,
42,12,26,1,3383,2313,,2816,605,1227,,
0,12,26,0,,,,,,,,
0,12,26,0,,,,,,,,
0,12,27,0,,,,,,,,
67,12,27,2,1501,1713,2674,473,404,2005,,
0,12,27,0,,,,,,,,
39,12,28,1,1643,1080,1245,921,,2870,,
0,12,28,0,,,,,,,,
0,12,28,0,,,,,,,,
0,12,29,0,,,,,,,,
23,12,29,2,3531,2052,2187,,2484,1313,2998,
0,12,29,0,,,,,,,,
40,12,30,1,2139,3128,2270,982,895,1773,,
0,12,30,0,,,,,,,,
0,12,30,0,,,,,,,,
0,12,31,0,,,,,,,,
55,12,31,2,1406,2245,1756,959,2725,,,
0,12,31,0,,,,,,,,
41,12,32,1,1816,2110,1178,1100,491,,1605,
0,12,32,0,,,,,,,,
0,12,32,0,,,,,,,,
0,13,1,0,,,,,,,,
0,13,1,0,,,,,,,,
64,13,1,2,2487,1831,1102,2064,,8464,,
56,13,2,1,1751,2012,1775,1666,1648,5360,,
0,13,2,0,,,,,,,,
0,13,2,0,,,,,,,,
0,13,3,0,,,,,,,,
0,13,3,0,,,,,,,,
22,13,3,2,2223,1655,1706,1555,,6652,,
53,13,4,1,2045,2029,2395,1531,1689,3753,,
0,13,4,0,,,,,,,,
0,13,4,0,,,,,,,,
0,13,5,0,,,,,,,,
0,13,5,0,,,,,,,,
60,13,5,2,2364,1519,1131,1219,776,3158,,
43,13,6,1,2004,1475,1544,2243,1692,1950,,
0,13,6,0,,,,,,,,
0,13,6,0,,,,,,,,
0,13,7,0,,,,,,,,
0,13,7,0,,,,,,,,
30,13,7,2,1946,1156,1973,1635,1595,5767,,
48,13,8,1,1516,1479,1292,1060,1467,2368,,
0,13,8,0,,,,,,,,
0,13,8,0,,,,,,,,
0,13,9,0,,,,,,,,
0,13,9,0,,,,,,,,
18,13,9,2,1718,1919,1542,1653,136,6544,,
45,13,10,1,2092,1172,1391,1468,1313,3180,,
0,13,10,0,,,,,,,,
0,13,10,0,,,,,,,,
0,13,11,0,,,,,,,,
58,13,11,2,1378,2117,1854,1561,170,2661,,
0,13,11,0,,,,,,,,
29,13,12,1,1846,2571,1927,1425,518,3767,,
0,13,12,0,,,,,,,,
0,13,12,0,,,,,,,,
0,13,13,0,,,,,,,,
50,13,13,2,3609,1629,2618,2447,1940,4615,,
0,13,13,0,,,,,,,,
35,13,14,1,1589,1021,2826,503,1901,5746,,
0,13,14,0,,,,,,,,
0,13,14,0,,,,,,,,
0,13,15,0,,,,,,,,
47,13,15,2,3703,1291,2592,964,1387,2367,,
0,13,15,0,,,,,,,,
17,13,16,1,1712,2438,2474,1609,937,3083,,
0,13,16,0,,,,,,,,
0,13,16,0,,,,,,,,
0,13,17,0,,,,,,,,
38,13,17,2,2997,1510,1930,1422,1216,2711,,
0,13,17,0,,,,,,,,
51,13,18,1,1477,2074,1940,2106,1064,2542,,
0,13,18,0,,,,,,,,
0,13,18,0,,,,,,,,
0,13,19,0,,,,,,,,
9,13,19,2,1753,2086,2119,1203,1227,1629,,
0,13,19,0,,,,,,,,
55,13,20,1,2462,2210,2036,1723,778,3394,,
0,13,20,0,,,,,,,,
0,13,20,0,,,,,,,,
0,13,21,0,,,,,,,,
14,13,21,2,3023,1190,1605,1789,1373,1726,,
0,13,21,0,,,,,,,,
37,13,22,1,2388,1752,2008,1788,2230,5673,,
0,13,22,0,,,,,,,,
0,13,22,0,,,,,,,,
0,13,23,0,,,,,,,,
5,13,23,2,,3614,1274,1174,1331,1511,,
0,13,23,0,,,,,,,,
7,13,24,1,1852,1220,1111,1385,,3281,,
0,13,24,0,,,,,,,,
0,13,24,0,,,,,,,,
0,13,25,0,,,,,,,,
59,13,25,2,1576,1635,1107,2189,864,5224,,
0,13,25,0,,,,,,,,
8,13,26,1,2988,1693,3096,1218,1309,1232,,
0,13,26,0,,,,,,,,
0,13,26,0,,,,,,,,
0,13,27,0,,,,,,,,
6,13,27,2,2282,1465,1862,1499,140,4405,,
0,13,27,0,,,,,,,,
15,13,28,1,2411,1160,1715,1758,197,4547,,
0,13,28,0,,,,,,,,
0,13,28,0,,,,,,,,
0,13,29,0,,,,,,,,
12,13,29,2,2049,4286,3367,1281,1766,1943,,
0,13,29,0,,,,,,,,
26,13,30,1,2523,3261,1471,1583,1213,1730,,
0,13,30,0,,,,,,,,
0,13,30,0,,,,,,,,
0,13,31,0,,,,,,,,
36,13,31,2,2719,1512,3208,2332,995,3366,,
0,13,31,0,,,,,,,,
28,13,32,1,1347,1230,1706,1424,905,2969,,
0,13,32,0,,,,,,,,
0,13,32,0,,,,,,,,
0,14,1,0,,,,,,,,
0,14,1,0,,,,,,,,
26,14,1,2,4658,2863,4655,4258,,4647,,
39,14,2,1,881,9745,8525,5293,2760,4116,,
0,14,2,0,,,,,,,,
0,14,2,0,,,,,,,,
0,14,3,0,,,,,,,,
0,14,3,0,,,,,,,,
16,14,3,2,5358,5161,11500,3794,,18087,,
66,14,4,1,1334,7630,1668,6045,893,4483,,
0,14,4,0,,,,,,,,
0,14,4,0,,,,,,,,
0,14,5,0,,,,,,,,
0,14,5,0,,,,,,,,
54,14,5,2,730,10047,4437,4246,2168,2583,,
37,14,6,1,2136,2885,2703,1781,2021,1827,,
0,14,6,0,,,,,,,,
0,14,6,0,,,,,,,,
0,14,7,0,,,,,,,,
0,14,7,0,,,,,,,,
11,14,7,2,4907,2333,11292,9253,4290,3000,,
50,14,8,1,5314,6129,2163,3569,3049,1058,,
0,14,8,0,,,,,,,,
0,14,8,0,,,,,,,,
0,14,9,0,,,,,,,,
0,14,9,0,,,,,,,,
5,14,9,2,3588,3578,4331,5326,848,10278,,
60,14,10,1,1871,6267,4373,3544,614,1467,2170,
0,14,10,0,,,,,,,,
0,14,10,0,,,,,,,,
0,14,11,0,,,,,,,,
44,14,11,2,1301,6484,718,14577,581,151,,
0,14,11,0,,,,,,,,
7,14,12,1,3004,7427,6010,3492,2215,4996,,
0,14,12,0,,,,,,,,
0,14,12,0,,,,,,,,
0,14,13,0,,,,,,,,
33,14,13,2,2117,6555,9171,3058,1451,1809,2107,
0,14,13,0,,,,,,,,
63,14,14,1,6975,2321,1770,5064,1440,,4999,
0,14,14,0,,,,,,,,
0,14,14,0,,,,,,,,
0,14,15,0,,,,,,,,
48,14,15,2,588,7180,3094,3484,1770,269,,
0,14,15,0,,,,,,,,
35,14,16,1,3367,2807,7787,8022,1052,4791,,
0,14,16,0,,,,,,,,
0,14,16,0,,,,,,,,
0,14,17,0,,,,,,,,
59,14,17,2,3881,9147,5206,2638,740,5298,,
0,14,17,0,,,,,,,,
53,14,18,1,1179,8283,8309,,7296,1464,,
0,14,18,0,,,,,,,,
0,14,18,0,,,,,,,,
0,14,19,0,,,,,,,,
51,14,19,2,620,10035,3559,1546,1416,3767,,
0,14,19,0,,,,,,,,
23,14,20,1,7188,6123,6390,1394,,3675,,
0,14,20,0,,,,,,,,
0,14,20,0,,,,,,,,
0,14,21,0,,,,,,,,
15,14,21,2,3972,,11989,3644,1766,1555,,
0,14,21,0,,,,,,,,
29,14,22,1,2123,2679,5152,4573,2369,,,
0,14,22,0,,,,,,,,
0,14,22,0,,,,,,,,
0,14,23,0,,,,,,,,
55,14,23,2,6597,2510,,8856,2037,207,5037,
0,14,23,0,,,,,,,,
36,14,24,1,514,2399,15317,1633,832,5166,,
0,14,24,0,,,,,,,,
0,14,24,0,,,,,,,,
0,14,25,0,,,,,,,,
14,14,25,2,3094,6307,1898,2035,1174,1754,,
0,14,25,0,,,,,,,,
30,14,26,1,3134,3961,3950,3334,770,2396,,
0,14,26,0,,,,,,,,
0,14,26,0,,,,,,,,
0,14,27,0,,,,,,,,
18,14,27,2,2203,3414,4633,1550,1704,9883,,
0,14,27,0,,,,,,,,
34,14,28,1,5457,8134,3166,6644,186,11364,,
0,14,28,0,,,,,,,,
0,14,28,0,,,,,,,,
0,14,29,0,,,,,,,,
13,14,29,2,5425,5681,4966,2496,2855,5486,,
0,14,29,0,,,,,,,,
46,14,30,1,5044,3020,8171,5319,2384,7253,,
0,14,30,0,,,,,,,,
0,14,30,0,,,,,,,,
0,14,31,0,,,,,,,,
49,14,31,2,,4826,4014,3777,2797,,2834,
0,14,31,0,,,,,,,,
45,14,32,1,1115,1453,14554,11405,1297,1002,,
0,14,32,0,,,,,,,,
0,14,32,0,,,,,,,,
0,15,1,0,,,,,,,,
0,15,1,0,,,,,,,,
63,15,1,2,2304,2383,1109,1272,1255,2375,,
22,15,2,1,2299,2861,1850,1434,,3996,,
0,15,2,0,,,,,,,,
0,15,2,0,,,,,,,,
0,15,3,0,,,,,,,,
0,15,3,0,,,,,,,,
56,15,3,2,1852,1340,2542,1815,,6072,,
59,15,4,1,2438,2724,2142,1305,1197,1334,,
0,15,4,0,,,,,,,,
0,15,4,0,,,,,,,,
0,15,5,0,,,,,,,,
0,15,5,0,,,,,,,,
25,15,5,2,4957,2265,4278,950,1618,2905,,
52,15,6,1,1738,1812,2351,2311,1349,1852,,
0,15,6,0,,,,,,,,
0,15,6,0,,,,,,,,
0,15,7,0,,,,,,,,
0,15,7,0,,,,,,,,
47,15,7,2,2438,1043,1617,1192,1000,2022,,
13,15,8,1,1447,2195,2204,1020,1546,2286,,
0,15,8,0,,,,,,,,
0,15,8,0,,,,,,,,
0,15,9,0,,,,,,,,
0,15,9,0,,,,,,,,
50,15,9,2,1281,1837,1006,1144,233,2445,,
54,15,10,1,1420,1255,1267,1426,1258,1363,,
0,15,10,0,,,,,,,,
0,15,10,0,,,,,,,,
0,15,11,0,,,,,,,,
66,15,11,2,1568,,2560,1102,191,3973,,
0,15,11,0,,,,,,,,
21,15,12,1,1180,2117,4693,1535,,3101,,
0,15,12,0,,,,,,,,
0,15,12,0,,,,,,,,
0,15,13,0,,,,,,,,
67,15,13,2,3207,,5432,2499,,5663,,
0,15,13,0,,,,,,,,
20,15,14,1,1333,1089,1349,1174,1035,984,,
0,15,14,0,,,,,,,,
0,15,14,0,,,,,,,,
0,15,15,0,,,,,,,,
36,15,15,2,1088,1155,2533,831,1340,2174,,
0,15,15,0,,,,,,,,
62,15,16,1,1172,3039,2118,1209,883,1569,,
0,15,16,0,,,,,,,,
0,15,16,0,,,,,,,,
0,15,17,0,,,,,,,,
24,15,17,2,,2569,9203,2947,1309,1367,,
0,15,17,0,,,,,,,,
8,15,18,1,2060,2133,2160,4858,1220,2425,,
0,15,18,0,,,,,,,,
0,15,18,0,,,,,,,,
0,15,19,0,,,,,,,,
15,15,19,2,1814,3563,2410,1012,1202,2767,,
0,15,19,0,,,,,,,,
11,15,20,1,2171,1643,1532,1272,1635,3393,,
0,15,20,0,,,,,,,,
0,15,20,0,,,,,,,,
0,15,21,0,,,,,,,,
17,15,21,2,1859,901,1392,1217,,2443,,
0,15,21,0,,,,,,,,
19,15,22,1,1418,1735,1624,1582,1251,1828,,
0,15,22,0,,,,,,,,
0,15,22,0,,,,,,,,
0,15,23,0,,,,,,,,
33,15,23,2,1927,1926,1152,3732,1368,2041,,
0,15,23,0,,,,,,,,
58,15,24,1,1121,806,2314,1369,,3746,,
0,15,24,0,,,,,,,,
0,15,24,0,,,,,,,,
0,15,25,0,,,,,,,,
10,15,25,2,1782,2281,1613,2620,994,3338,,
0,15,25,0,,,,,,,,
65,15,26,1,2269,1508,2483,1097,1135,1099,,
0,15,26,0,,,,,,,,
0,15,26,0,,,,,,,,
0,15,27,0,,,,,,,,
45,15,27,2,2758,1535,1531,2028,440,3306,,
0,15,27,0,,,,,,,,
39,15,28,1,3006,2629,473,9187,,4106,,
0,15,28,0,,,,,,,,
0,15,28,0,,,,,,,,
0,15,29,0,,,,,,,,
40,15,29,2,3358,,4606,2091,1786,1898,,
0,15,29,0,,,,,,,,
5,15,30,1,3281,3416,2295,2170,1419,3411,,
0,15,30,0,,,,,,,,
0,15,30,0,,,,,,,,
0,15,31,0,,,,,,,,
34,15,31,2,1284,1920,2151,1281,1262,6071,,
0,15,31,0,,,,,,,,
49,15,32,1,1491,2091,2974,2856,1017,947,,
0,15,32,0,,,,,,,,
0,15,32,0,,,,,,,,
0,16,1,0,,,,,,,,
0,16,1,0,,,,,,,,
35,16,1,2,465,3643,1288,2332,1305,,,
21,16,2,1,491,2485,6188,2668,1137,,,
0,16,2,0,,,,,,,,
0,16,2,0,,,,,,,,
0,16,3,0,,,,,,,,
0,16,3,0,,,,,,,,
14,16,3,2,2638,1756,835,684,1239,265,,
55,16,4,1,2287,1209,4417,2117,252,2980,,
0,16,4,0,,,,,,,,
0,16,4,0,,,,,,,,
0,16,5,0,,,,,,,,
0,16,5,0,,,,,,,,
10,16,5,2,2931,1860,1662,1374,1852,1961,,
46,16,6,1,2456,1351,746,2262,2247,1309,,
0,16,6,0,,,,,,,,
0,16,6,0,,,,,,,,
0,16,7,0,,,,,,,,
0,16,7,0,,,,,,,,
29,16,7,2,1277,2787,785,1423,1461,3558,,
20,16,8,1,592,2658,522,823,1083,510,,
0,16,8,0,,,,,,,,
0,16,8,0,,,,,,,,
0,16,9,0,,,,,,,,
0,16,9,0,,,,,,,,
50,16,9,2,431,2375,1812,778,1654,3193,,
54,16,10,1,479,3760,286,4505,667,5214,,
0,16,10,0,,,,,,,,
0,16,10,0,,,,,,,,
0,16,11,0,,,,,,,,
57,16,11,2,871,3756,2254,2664,222,663,,
0,16,11,0,,,,,,,,
45,16,12,1,1375,1347,3700,3036,,,,
0,16,12,0,,,,,,,,
0,16,12,0,,,,,,,,
0,16,13,0,,,,,,,,
66,16,13,2,778,629,552,4533,,313,,
0,16,13,0,,,,,,,,
15,16,14,1,777,213,932,2330,1868,1046,301,
0,16,14,0,,,,,,,,
0,16,14,0,,,,,,,,
0,16,15,0,,,,,,,,
25,16,15,2,239,1963,358,3049,862,,1499,
0,16,15,0,,,,,,,,
12,16,16,1,2029,3180,1992,,3024,,2505,
0,16,16,0,,,,,,,,
0,16,16,0,,,,,,,,
0,16,17,0,,,,,,,,
41,16,17,2,592,1002,3256,869,1818,3826,,
0,16,17,0,,,,,,,,
40,16,18,1,1751,539,3663,3045,1310,2839,,
0,16,18,0,,,,,,,,
0,16,18,0,,,,,,,,
0,16,19,0,,,,,,,,
7,16,19,2,2262,1790,1541,1127,1234,4168,,
0,16,19,0,,,,,,,,
63,16,20,1,403,1191,10117,1651,,2801,,
0,16,20,0,,,,,,,,
0,16,20,0,,,,,,,,
0,16,21,0,,,,,,,,
51,16,21,2,1939,190,3825,1013,2692,2503,,
0,16,21,0,,,,,,,,
37,16,22,1,862,778,2058,208,3864,1724,,
0,16,22,0,,,,,,,,
0,16,22,0,,,,,,,,
0,16,23,0,,,,,,,,
13,16,23,2,1987,1644,1752,1184,855,1731,2323,
0,16,23,0,,,,,,,,
59,16,24,1,565,1614,2861,3621,,3111,,
0,16,24,0,,,,,,,,
0,16,24,0,,,,,,,,
0,16,25,0,,,,,,,,
61,16,25,2,1773,915,2367,1805,,3697,,
0,16,25,0,,,,,,,,
47,16,26,1,1502,2037,1199,1334,2024,1618,,
0,16,26,0,,,,,,,,
0,16,26,0,,,,,,,,
0,16,27,0,,,,,,,,
9,16,27,2,2396,1504,2285,2115,202,3276,,
0,16,27,0,,,,,,,,
43,16,28,1,583,2436,2399,317,2520,345,,
0,16,28,0,,,,,,,,
0,16,28,0,,,,,,,,
0,16,29,0,,,,,,,,
17,16,29,2,2987,1287,678,1733,2020,617,1753,
0,16,29,0,,,,,,,,
18,16,30,1,2268,498,1993,1980,1122,2724,,
0,16,30,0,,,,,,,,
0,16,30,0,,,,,,,,
0,16,31,0,,,,,,,,
60,16,31,2,2049,1448,2074,2272,1561,1650,,
0,16,31,0,,,,,,,,
39,16,32,1,486,2601,533,1560,1166,1174,2201,
0,16,32,0,,,,,,,,
0,16,32,0,,,,,,,,
0,17,1,0,,,,,,,,
0,17,1,0,,,,,,,,
22,17,1,2,2082,2860,1679,1401,,2343,,
36,17,2,1,2013,2842,2207,1202,,6386,,
0,17,2,0,,,,,,,,
0,17,2,0,,,,,,,,
0,17,3,0,,,,,,,,
0,17,3,0,,,,,,,,
23,17,3,2,3138,2287,1194,1324,,4593,,
63,17,4,1,1974,3262,5033,1547,179,2018,,
0,17,4,0,,,,,,,,
0,17,4,0,,,,,,,,
0,17,5,0,,,,,,,,
0,17,5,0,,,,,,,,
37,17,5,2,3960,3336,1940,1710,1082,4464,,
62,17,6,1,1689,2587,5089,1551,1273,2086,,
0,17,6,0,,,,,,,,
0,17,6,0,,,,,,,,
0,17,7,0,,,,,,,,
0,17,7,0,,,,,,,,
55,17,7,2,2617,819,2148,2212,1045,1152,,
25,17,8,1,2810,1864,1318,1586,296,4841,,
0,17,8,0,,,,,,,,
0,17,8,0,,,,,,,,
0,17,9,0,,,,,,,,
0,17,9,0,,,,,,,,
43,17,9,2,1720,2273,1672,2123,179,4943,,
56,17,10,1,1600,1179,784,916,1294,1607,,
0,17,10,0,,,,,,,,
0,17,10,0,,,,,,,,
0,17,11,0,,,,,,,,
5,17,11,2,3001,1911,3162,1776,189,,,
0,17,11,0,,,,,,,,
18,17,12,1,953,3426,2621,860,294,2851,,
0,17,12,0,,,,,,,,
0,17,12,0,,,,,,,,
0,17,13,0,,,,,,,,
50,17,13,2,1825,,5108,1665,,8956,,
0,17,13,0,,,,,,,,
13,17,14,1,1666,1429,1205,874,1876,2016,,
0,17,14,0,,,,,,,,
0,17,14,0,,,,,,,,
0,17,15,0,,,,,,,,
39,17,15,2,1715,1174,217,1391,1835,3151,,
0,17,15,0,,,,,,,,
11,17,16,1,1768,1946,2141,1432,886,2476,,
0,17,16,0,,,,,,,,
0,17,16,0,,,,,,,,
0,17,17,0,,,,,,,,
41,17,17,2,1989,2761,1944,3249,1701,1685,,
0,17,17,0,,,,,,,,
53,17,18,1,3664,2883,2117,608,667,1143,,
0,17,18,0,,,,,,,,
0,17,18,0,,,,,,,,
0,17,19,0,,,,,,,,
54,17,19,2,2732,2379,2297,1530,2481,7412,,
0,17,19,0,,,,,,,,
45,17,20,1,3180,1288,2161,891,,2448,,
0,17,20,0,,,,,,,,
0,17,20,0,,,,,,,,
0,17,21,0,,,,,,,,
34,17,21,2,1945,750,950,612,522,1366,,
0,17,21,0,,,,,,,,
14,17,22,1,1445,1601,1898,2726,1979,1860,,
0,17,22,0,,,,,,,,
0,17,22,0,,,,,,,,
0,17,23,0,,,,,,,,
60,17,23,2,1512,808,1838,1062,324,2556,,
0,17,23,0,,,,,,,,
7,17,24,1,2244,,3856,1410,,2071,,
0,17,24,0,,,,,,,,
0,17,24,0,,,,,,,,
0,17,25,0,,,,,,,,
12,17,25,2,2076,2142,1544,1939,,3976,,
0,17,25,0,,,,,,,,
35,17,26,1,1538,1717,1993,3086,731,951,,
0,17,26,0,,,,,,,,
0,17,26,0,,,,,,,,
0,17,27,0,,,,,,,,
32,17,27,2,2266,1330,2560,3048,178,2661,,
0,17,27,0,,,,,,,,
8,17,28,1,2313,1922,2045,223,,5077,,
0,17,28,0,,,,,,,,
0,17,28,0,,,,,,,,
0,17,29,0,,,,,,,,
6,17,29,2,3208,1828,1812,1230,3305,1266,,
0,17,29,0,,,,,,,,
19,17,30,1,2503,1767,1801,1537,1158,1343,,
0,17,30,0,,,,,,,,
0,17,30,0,,,,,,,,
0,17,31,0,,,,,,,,
15,17,31,2,1899,1534,2238,2209,1599,1475,,
0,17,31,0,,,,,,,,
16,17,32,1,1552,1566,1960,1127,866,2102,,
0,17,32,0,,,,,,,,
0,17,32,0,,,,,,,,
0,18,1,0,,,,,,,,
0,18,1,0,,,,,,,,
13,18,1,2,4554,1214,1550,1140,1074,6190,,
48,18,2,1,1814,2309,6004,882,623,916,,
0,18,2,0,,,,,,,,
0,18,2,0,,,,,,,,
0,18,3,0,,,,,,,,
0,18,3,0,,,,,,,,
33,18,3,2,1773,766,876,2047,753,1197,,
66,18,4,1,1457,1609,5551,716,880,1444,,
0,18,4,0,,,,,,,,
0,18,4,0,,,,,,,,
0,18,5,0,,,,,,,,
0,18,5,0,,,,,,,,
60,18,5,2,953,1039,861,637,426,3274,,
22,18,6,1,1229,647,4623,1714,906,1112,,
0,18,6,0,,,,,,,,
0,18,6,0,,,,,,,,
0,18,7,0,,,,,,,,
0,18,7,0,,,,,,,,
55,18,7,2,1738,2061,1165,720,2066,706,,
15,18,8,1,1768,1842,1018,532,1129,1785,,
0,18,8,0,,,,,,,,
0,18,8,0,,,,,,,,
0,18,9,0,,,,,,,,
0,18,9,0,,,,,,,,
30,18,9,2,998,1906,925,804,,3436,,
26,18,10,1,1122,2355,1820,936,629,1542,,
0,18,10,0,,,,,,,,
0,18,10,0,,,,,,,,
0,18,11,0,,,,,,,,
63,18,11,2,2037,1051,1296,531,173,2153,,
0,18,11,0,,,,,,,,
41,18,12,1,2928,1141,1107,673,810,2298,,
0,18,12,0,,,,,,,,
0,18,12,0,,,,,,,,
0,18,13,0,,,,,,,,
24,18,13,2,1077,3102,1407,891,2329,3653,,
0,18,13,0,,,,,,,,
5,18,14,1,1276,1166,817,889,926,2734,,
0,18,14,0,,,,,,,,
0,18,14,0,,,,,,,,
0,18,15,0,,,,,,,,
50,18,15,2,1277,2946,835,1087,896,615,,
0,18,15,0,,,,,,,,
59,18,16,1,1304,1247,1504,516,272,734,,
0,18,16,0,,,,,,,,
0,18,16,0,,,,,,,,
0,18,17,0,,,,,,,,
21,18,17,2,1406,1898,775,991,1183,5093,,
0,18,17,0,,,,,,,,
25,18,18,1,1296,2426,2704,1028,602,1060,,
0,18,18,0,,,,,,,,
0,18,18,0,,,,,,,,
0,18,19,0,,,,,,,,
10,18,19,2,1727,1902,1854,477,1316,4190,,
0,18,19,0,,,,,,,,
52,18,20,1,1573,1138,2543,701,666,974,,
0,18,20,0,,,,,,,,
0,18,20,0,,,,,,,,
0,18,21,0,,,,,,,,
45,18,21,2,1333,583,470,766,1275,722,,
0,18,21,0,,,,,,,,
36,18,22,1,1206,1415,897,1028,821,998,,
0,18,22,0,,,,,,,,
0,18,22,0,,,,,,,,
0,18,23,0,,,,,,,,
32,18,23,2,1369,1375,2510,1695,710,4252,,
0,18,23,0,,,,,,,,
37,18,24,1,1438,998,629,692,,1884,,
0,18,24,0,,,,,,,,
0,18,24,0,,,,,,,,
0,18,25,0,,,,,,,,
54,18,25,2,1948,1166,2013,3239,637,2851,,
0,18,25,0,,,,,,,,
12,18,26,1,1883,2061,2226,2400,709,1360,,
0,18,26,0,,,,,,,,
0,18,26,0,,,,,,,,
0,18,27,0,,,,,,,,
18,18,27,2,2073,1242,1529,1566,369,4919,,
0,18,27,0,,,,,,,,
57,18,28,1,1939,748,2542,2431,1491,10110,,
0,18,28,0,,,,,,,,
0,18,28,0,,,,,,,,
0,18,29,0,,,,,,,,
42,18,29,2,1674,1088,1251,751,573,1961,,
0,18,29,0,,,,,,,,
17,18,30,1,3083,1035,1352,670,898,2351,,
0,18,30,0,,,,,,,,
0,18,30,0,,,,,,,,
0,18,31,0,,,,,,,,
35,18,31,2,1920,2004,1260,933,715,6500,,
0,18,31,0,,,,,,,,
51,18,32,1,1468,1031,788,804,291,589,,
0,18,32,0,,,,,,,,
0,18,32,0,,,,,,,,
23,19,1,1,2362,3182,1630,1388,,3343,,
0,19,1,0,,,,,,,,
13,19,1,0,,,,,,,,
48,19,2,0,,,,,,,,
0,19,2,0,,,,,,,,
25,19,2,2,1036,2483,3870,3961,,14046,,
36,19,3,1,1583,1436,1479,1157,,3100,,
0,19,3,0,,,,,,,,
33,19,3,0,,,,,,,,
66,19,4,0,,,,,,,,
0,19,4,0,,,,,,,,
27,19,4,2,1677,1958,1644,1058,530,5514,,
6,19,5,1,3327,1698,1581,1066,775,1109,,
0,19,5,0,,,,,,,,
60,19,5,0,,,,,,,,
22,19,6,0,,,,,,,,
0,19,6,0,,,,,,,,
61,19,6,2,1308,1568,2459,1828,679,169,,
32,19,7,1,1171,2332,747,2178,982,7329,,
0,19,7,0,,,,,,,,
55,19,7,0,,,,,,,,
15,19,8,0,,,,,,,,
0,19,8,0,,,,,,,,
50,19,8,2,1148,3082,2068,850,1280,1164,,
53,19,9,1,1316,1699,1177,1475,205,4525,,
0,19,9,0,,,,,,,,
30,19,9,0,,,,,,,,
26,19,10,0,,,,,,,,
0,19,10,0,,,,,,,,
58,19,10,2,1758,1301,313,2650,744,5130,,
5,19,11,1,2026,2629,3588,2551,140,3231,,
63,19,11,0,,,,,,,,
0,19,11,0,,,,,,,,
41,19,12,0,,,,,,,,
38,19,12,2,5632,2328,1837,1052,,10775,,
0,19,12,0,,,,,,,,
20,19,13,1,1993,4644,3456,763,962,5286,,
24,19,13,0,,,,,,,,
0,19,13,0,,,,,,,,
5,19,14,0,,,,,,,,
47,19,14,2,1361,1058,2198,1888,1783,1421,,
0,19,14,0,,,,,,,,
57,19,15,1,2017,933,891,1207,818,1166,,
50,19,15,0,,,,,,,,
0,19,15,0,,,,,,,,
59,19,16,0,,,,,,,,
13,19,16,2,2475,1509,2107,3558,2125,1389,,
0,19,16,0,,,,,,,,
43,19,17,1,2274,2774,3465,1006,793,5824,,
21,19,17,0,,,,,,,,
0,19,17,0,,,,,,,,
25,19,18,0,,,,,,,,
19,19,18,2,2708,828,4714,2352,1136,4300,,
0,19,18,0,,,,,,,,
60,19,19,1,1690,2998,3875,1170,1300,4499,,
10,19,19,0,,,,,,,,
0,19,19,0,,,,,,,,
52,19,20,0,,,,,,,,
52,19,20,2,2200,1231,2309,1484,904,2221,,
0,19,20,0,,,,,,,,
44,19,21,1,1057,178,3426,1248,6517,1854,,
45,19,21,0,,,,,,,,
0,19,21,0,,,,,,,,
36,19,22,0,,,,,,,,
31,19,22,2,1854,1614,1778,984,914,5029,,
0,19,22,0,,,,,,,,
22,19,23,1,1278,1211,2860,1092,1190,1635,,
32,19,23,0,,,,,,,,
0,19,23,0,,,,,,,,
37,19,24,0,,,,,,,,
49,19,24,2,1445,1617,1309,1154,,2814,,
0,19,24,0,,,,,,,,
64,19,25,1,2080,1869,1193,847,,2833,,
54,19,25,0,,,,,,,,
0,19,25,0,,,,,,,,
12,19,26,0,,,,,,,,
8,19,26,2,7535,2034,1475,1646,1168,6328,,
0,19,26,0,,,,,,,,
18,19,27,1,1567,1800,4791,3064,420,4618,,
18,19,27,0,,,,,,,,
0,19,27,0,,,,,,,,
57,19,28,0,,,,,,,,
30,19,28,2,3480,1598,1190,2451,169,7068,,
0,19,28,0,,,,,,,,
17,19,29,1,2354,3129,2738,2839,2575,,6523,
42,19,29,0,,,,,,,,
0,19,29,0,,,,,,,,
17,19,30,0,,,,,,,,
45,19,30,2,2598,3235,1920,1457,1725,6059,,
0,19,30,0,,,,,,,,
46,19,31,1,1172,1395,2705,972,1133,1820,,
35,19,31,0,,,,,,,,
0,19,31,0,,,,,,,,
51,19,32,0,,,,,,,,
56,19,32,2,986,3095,1631,944,1292,1914,,
0,19,32,0,,,,,,,,
23,20,1,0,,,,,,,,
0,20,1,0,,,,,,,,
32,20,1,2,2133,2112,1776,1281,1198,1368,,
61,20,2,1,2819,2415,2153,1886,1363,2290,,
0,20,2,0,,,,,,,,
25,20,2,0,,,,,,,,
36,20,3,0,,,,,,,,
0,20,3,0,,,,,,,,
17,20,3,2,2701,1655,1273,1817,,4304,,
14,20,4,1,2363,2228,3814,1933,1223,2073,,
0,20,4,0,,,,,,,,
27,20,4,0,,,,,,,,
6,20,5,0,,,,,,,,
0,20,5,0,,,,,,,,
66,20,5,2,2454,1286,1214,792,918,894,,
41,20,6,1,1861,1779,1620,1589,1040,931,,
0,20,6,0,,,,,,,,
61,20,6,0,,,,,,,,
32,20,7,0,,,,,,,,
0,20,7,0,,,,,,,,
39,20,7,2,2303,1058,2474,1361,1224,1255,,
7,20,8,1,2065,2126,1474,1375,1912,3957,,
0,20,8,0,,,,,,,,
50,20,8,0,,,,,,,,
53,20,9,0,,,,,,,,
0,20,9,0,,,,,,,,
9,20,9,2,2082,2286,1388,1375,132,6003,,
22,20,10,1,1637,1557,1607,987,1174,1890,,
0,20,10,0,,,,,,,,
58,20,10,0,,,,,,,,
5,20,11,0,,,,,,,,
53,20,11,2,2514,1419,2247,1070,136,2128,,
0,20,11,0,,,,,,,,
65,20,12,1,,3157,2009,1205,1347,846,,
38,20,12,0,,,,,,,,
0,20,12,0,,,,,,,,
20,20,13,0,,,,,,,,
50,20,13,2,2503,,4161,1158,903,2408,,
0,20,13,0,,,,,,,,
38,20,14,1,1561,1524,1352,1794,1489,1133,,
47,20,14,0,,,,,,,,
0,20,14,0,,,,,,,,
57,20,15,0,,,,,,,,
59,20,15,2,1468,1472,1686,1423,1490,3377,,
0,20,15,0,,,,,,,,
48,20,16,1,2229,1464,2021,1000,1080,890,,
13,20,16,0,,,,,,,,
0,20,16,0,,,,,,,,
43,20,17,0,,,,,,,,
12,20,17,2,2136,2095,2764,1382,1198,2050,,
0,20,17,0,,,,,,,,
29,20,18,1,1683,372,3689,1228,1315,1281,,
19,20,18,0,,,,,,,,
0,20,18,0,,,,,,,,
60,20,19,0,,,,,,,,
64,20,19,2,1933,2494,2632,1171,1739,1400,,
0,20,19,0,,,,,,,,
45,20,20,1,2112,2281,1407,1016,1178,2560,,
52,20,20,0,,,,,,,,
0,20,20,0,,,,,,,,
44,20,21,0,,,,,,,,
63,20,21,2,2181,1475,1303,3996,1346,1830,,
0,20,21,0,,,,,,,,
35,20,22,1,1301,1610,,2659,1053,1399,,
31,20,22,0,,,,,,,,
0,20,22,0,,,,,,,,
22,20,23,0,,,,,,,,
31,20,23,2,1950,1464,1504,1166,973,2280,,
0,20,23,0,,,,,,,,
47,20,24,1,2117,1182,1264,1150,,2588,,
49,20,24,0,,,,,,,,
0,20,24,0,,,,,,,,
64,20,25,0,,,,,,,,
26,20,25,2,1446,1394,2058,1261,1544,1747,,
0,20,25,0,,,,,,,,
24,20,26,1,2059,1741,1491,1320,1472,1439,,
8,20,26,0,,,,,,,,
0,20,26,0,,,,,,,,
18,20,27,0,,,,,,,,
37,20,27,2,1636,2470,633,3882,1390,1054,,
0,20,27,0,,,,,,,,
57,20,28,1,1819,1256,1891,2137,,4004,,
30,20,28,0,,,,,,,,
0,20,28,0,,,,,,,,
17,20,29,0,,,,,,,,
56,20,29,2,,4506,1812,1007,1366,1864,,
0,20,29,0,,,,,,,,
30,20,30,1,2205,2164,2121,1786,1276,3451,,
45,20,30,0,,,,,,,,
0,20,30,0,,,,,,,,
46,20,31,0,,,,,,,,
60,20,31,2,2167,1555,2430,1406,973,2076,,
0,20,31,0,,,,,,,,
46,20,32,1,1347,1442,2320,1288,951,752,,
56,20,32,0,,,,,,,,
0,20,32,0,,,,,,,,
