seq,subj,item,cond,R1,R2,R3,R4,R5,R6,R7,R8
25,1,1,1,887,7107,1362,1591,,6479,,
0,1,1,0,,,,,,,,
0,1,1,0,,,,,,,,
0,1,2,0,,,,,,,,
0,1,2,0,,,,,,,,
28,1,2,2,1516,2563,2300,1796,1469,978,,
47,1,3,1,2418,,4893,3040,,4807,,
0,1,3,0,,,,,,,,
0,1,3,0,,,,,,,,
0,1,4,0,,,,,,,,
0,1,4,0,,,,,,,,
30,1,4,2,1597,2629,454,2958,2372,5290,,
19,1,5,1,1467,645,2625,3492,,5155,,
0,1,5,0,,,,,,,,
0,1,5,0,,,,,,,,
0,1,6,0,,,,,,,,
0,1,6,0,,,,,,,,
9,1,6,2,1948,3182,8959,1339,876,1265,,
40,1,7,1,2618,152,2347,2102,3046,6013,,
0,1,7,0,,,,,,,,
0,1,7,0,,,,,,,,
0,1,8,0,,,,,,,,
0,1,8,0,,,,,,,,
64,1,8,2,1278,1614,1328,1255,1333,2608,,
51,1,9,1,428,2482,1353,583,,3311,,
0,1,9,0,,,,,,,,
0,1,9,0,,,,,,,,
0,1,10,0,,,,,,,,
0,1,10,0,,,,,,,,
12,1,10,2,1462,1507,1848,1087,811,820,,
66,1,11,1,302,,4910,3824,286,4343,,
0,1,11,0,,,,,,,,
0,1,11,0,,,,,,,,
0,1,12,0,,,,,,,,
45,1,12,2,1251,4509,2390,2565,,4249,,
0,1,12,0,,,,,,,,
44,1,13,1,2475,2431,2690,1870,,5602,,
0,1,13,0,,,,,,,,
0,1,13,0,,,,,,,,
0,1,14,0,,,,,,,,
57,1,14,2,884,3813,1810,2066,2570,4789,,
0,1,14,0,,,,,,,,
35,1,15,1,1127,2569,165,4425,510,3099,,
0,1,15,0,,,,,,,,
0,1,15,0,,,,,,,,
0,1,16,0,,,,,,,,
50,1,16,2,1145,980,5876,1886,1303,2423,,
0,1,16,0,,,,,,,,
14,1,17,1,2971,2707,4329,5493,923,3351,,
0,1,17,0,,,,,,,,
0,1,17,0,,,,,,,,
0,1,18,0,,,,,,,,
58,1,18,2,1087,3838,3248,,4239,1901,,
0,1,18,0,,,,,,,,
67,1,19,1,1148,2820,7494,1112,2729,1985,,
0,1,19,0,,,,,,,,
0,1,19,0,,,,,,,,
0,1,20,0,,,,,,,,
21,1,20,2,1684,904,8148,,6148,1643,,
0,1,20,0,,,,,,,,
8,1,21,1,5866,2960,2968,1646,1348,3452,,
0,1,21,0,,,,,,,,
0,1,21,0,,,,,,,,
0,1,22,0,,,,,,,,
7,1,22,2,2545,2239,85,3123,1063,2925,,
0,1,22,0,,,,,,,,
33,1,23,1,1629,3748,2394,1124,1370,2950,,
0,1,23,0,,,,,,,,
0,1,23,0,,,,,,,,
0,1,24,0,,,,,,,,
5,1,24,2,3465,2995,2437,1739,,13115,,
0,1,24,0,,,,,,,,
32,1,25,1,1711,183,4466,1906,788,2388,,
0,1,25,0,,,,,,,,
0,1,25,0,,,,,,,,
0,1,26,0,,,,,,,,
59,1,26,2,2097,529,4074,1592,1409,1667,,
0,1,26,0,,,,,,,,
60,1,27,1,2700,1312,1830,934,453,5912,,
0,1,27,0,,,,,,,,
0,1,27,0,,,,,,,,
0,1,28,0,,,,,,,,
68,1,28,2,611,2266,8521,2020,148,6813,,
0,1,28,0,,,,,,,,
15,1,29,1,2475,1274,3796,1635,1876,1500,,
0,1,29,0,,,,,,,,
0,1,29,0,,,,,,,,
0,1,30,0,,,,,,,,
49,1,30,2,1980,2925,3182,1673,1324,1817,,
0,1,30,0,,,,,,,,
18,1,31,1,1346,2607,1145,3346,803,2113,,
0,1,31,0,,,,,,,,
0,1,31,0,,,,,,,,
0,1,32,0,,,,,,,,
63,1,32,2,830,2260,636,2791,1145,1998,,
0,1,32,0,,,,,,,,
33,2,1,1,969,921,751,886,801,941,,
0,2,1,0,,,,,,,,
0,2,1,0,,,,,,,,
0,2,2,0,,,,,,,,
0,2,2,0,,,,,,,,
39,2,2,2,1722,1037,1645,1716,1004,551,,
19,2,3,1,944,855,777,899,2912,964,,
0,2,3,0,,,,,,,,
0,2,3,0,,,,,,,,
0,2,4,0,,,,,,,,
0,2,4,0,,,,,,,,
25,2,4,2,1003,1163,797,989,714,434,,
12,2,5,1,191,982,1066,965,343,1926,,
0,2,5,0,,,,,,,,
0,2,5,0,,,,,,,,
0,2,6,0,,,,,,,,
0,2,6,0,,,,,,,,
54,2,6,2,782,898,2012,734,805,680,,
18,2,7,1,918,941,972,,,,,
0,2,7,0,,,,,,,,
0,2,7,0,,,,,,,,
0,2,8,0,,,,,,,,
0,2,8,0,,,,,,,,
34,2,8,2,897,874,662,569,1077,1701,,
57,2,9,1,877,1368,625,818,454,934,,
0,2,9,0,,,,,,,,
0,2,9,0,,,,,,,,
0,2,10,0,,,,,,,,
0,2,10,0,,,,,,,,
5,2,10,2,245,2007,766,1139,877,,834,
14,2,11,1,,943,442,1543,529,1667,,
0,2,11,0,,,,,,,,
0,2,11,0,,,,,,,,
0,2,12,0,,,,,,,,
65,2,12,2,745,1331,825,351,1126,240,,
0,2,12,0,,,,,,,,
29,2,13,1,1254,989,1009,538,1287,405,,
0,2,13,0,,,,,,,,
0,2,13,0,,,,,,,,
0,2,14,0,,,,,,,,
44,2,14,2,1062,761,1368,444,2433,920,,
0,2,14,0,,,,,,,,
21,2,15,1,714,745,608,1004,583,941,,
0,2,15,0,,,,,,,,
0,2,15,0,,,,,,,,
0,2,16,0,,,,,,,,
15,2,16,2,306,1538,1629,2103,595,892,,
0,2,16,0,,,,,,,,
46,2,17,1,1047,1153,1193,775,503,620,,
0,2,17,0,,,,,,,,
0,2,17,0,,,,,,,,
0,2,18,0,,,,,,,,
27,2,18,2,911,1099,889,652,680,772,,
0,2,18,0,,,,,,,,
53,2,19,1,796,1633,768,750,682,609,,
0,2,19,0,,,,,,,,
0,2,19,0,,,,,,,,
0,2,20,0,,,,,,,,
22,2,20,2,1173,1034,1503,1286,634,653,,
0,2,20,0,,,,,,,,
37,2,21,1,1299,412,880,892,1090,713,,
0,2,21,0,,,,,,,,
0,2,21,0,,,,,,,,
0,2,22,0,,,,,,,,
49,2,22,2,585,1336,1287,732,705,479,,
0,2,22,0,,,,,,,,
24,2,23,1,728,835,709,790,552,470,,
0,2,23,0,,,,,,,,
0,2,23,0,,,,,,,,
0,2,24,0,,,,,,,,
52,2,24,2,944,1365,995,410,,1504,,
0,2,24,0,,,,,,,,
62,2,25,1,762,931,1010,1076,775,693,,
0,2,25,0,,,,,,,,
0,2,25,0,,,,,,,,
0,2,26,0,,,,,,,,
16,2,26,2,528,851,1272,971,699,983,,
0,2,26,0,,,,,,,,
31,2,27,1,1229,1009,804,958,595,1619,,
0,2,27,0,,,,,,,,
0,2,27,0,,,,,,,,
0,2,28,0,,,,,,,,
50,2,28,2,866,691,1069,932,977,1132,,
0,2,28,0,,,,,,,,
17,2,29,1,250,1592,466,1303,1332,808,,
0,2,29,0,,,,,,,,
0,2,29,0,,,,,,,,
0,2,30,0,,,,,,,,
11,2,30,2,174,2189,432,2740,1002,2129,,
0,2,30,0,,,,,,,,
9,2,31,1,693,651,2142,1012,512,1075,,
0,2,31,0,,,,,,,,
0,2,31,0,,,,,,,,
0,2,32,0,,,,,,,,
41,2,32,2,805,1782,981,893,524,820,,
0,2,32,0,,,,,,,,
50,3,1,1,466,6252,1694,2095,,5307,,
0,3,1,0,,,,,,,,
0,3,1,0,,,,,,,,
0,3,2,0,,,,,,,,
0,3,2,0,,,,,,,,
12,3,2,2,4438,3254,2349,2706,,8150,,
58,3,3,1,3738,4344,2565,260,,6869,,
0,3,3,0,,,,,,,,
0,3,3,0,,,,,,,,
0,3,4,0,,,,,,,,
0,3,4,0,,,,,,,,
6,3,4,2,4922,3902,5167,1649,211,4539,,
19,3,5,1,2427,2080,2119,3365,1350,4875,,
0,3,5,0,,,,,,,,
0,3,5,0,,,,,,,,
0,3,6,0,,,,,,,,
0,3,6,0,,,,,,,,
62,3,6,2,3895,2133,3721,3797,1494,1128,,
53,3,7,1,3172,4367,2873,2294,1873,1521,,
0,3,7,0,,,,,,,,
0,3,7,0,,,,,,,,
0,3,8,0,,,,,,,,
0,3,8,0,,,,,,,,
38,3,8,2,1943,2631,1357,1096,1837,4050,,
43,3,9,1,2132,2438,369,3679,,5141,,
0,3,9,0,,,,,,,,
0,3,9,0,,,,,,,,
0,3,10,0,,,,,,,,
0,3,10,0,,,,,,,,
44,3,10,2,2049,3023,1481,,5055,2547,,
11,3,11,1,6201,2187,3661,7926,,4176,,
0,3,11,0,,,,,,,,
0,3,11,0,,,,,,,,
0,3,12,0,,,,,,,,
49,3,12,2,3070,5927,,4130,1396,1740,1305,
0,3,12,0,,,,,,,,
24,3,13,1,3645,2500,3859,6605,,4747,,
0,3,13,0,,,,,,,,
0,3,13,0,,,,,,,,
0,3,14,0,,,,,,,,
39,3,14,2,2043,2505,3019,,6164,4639,,
0,3,14,0,,,,,,,,
30,3,15,1,4914,1591,2273,1777,1723,1365,,
0,3,15,0,,,,,,,,
0,3,15,0,,,,,,,,
0,3,16,0,,,,,,,,
21,3,16,2,249,6552,2972,6702,1186,1024,,
0,3,16,0,,,,,,,,
68,3,17,1,4678,377,4191,267,1662,1165,,
0,3,17,0,,,,,,,,
0,3,17,0,,,,,,,,
0,3,18,0,,,,,,,,
35,3,18,2,2225,4829,1770,2063,1587,1769,,
0,3,18,0,,,,,,,,
9,3,19,1,6276,5001,3348,2809,2257,2222,,
0,3,19,0,,,,,,,,
0,3,19,0,,,,,,,,
0,3,20,0,,,,,,,,
47,3,20,2,5764,352,3619,3727,3229,2941,,
0,3,20,0,,,,,,,,
33,3,21,1,3950,2009,2385,1971,2041,1127,,
0,3,21,0,,,,,,,,
0,3,21,0,,,,,,,,
0,3,22,0,,,,,,,,
37,3,22,2,3640,2605,2230,1939,2330,1838,,
0,3,22,0,,,,,,,,
25,3,23,1,1219,5003,2794,2894,1195,2258,,
0,3,23,0,,,,,,,,
0,3,23,0,,,,,,,,
0,3,24,0,,,,,,,,
36,3,24,2,2693,2372,1765,1933,,2526,,
0,3,24,0,,,,,,,,
5,3,25,1,5139,4016,4848,1665,,5324,,
0,3,25,0,,,,,,,,
0,3,25,0,,,,,,,,
0,3,26,0,,,,,,,,
56,3,26,2,4784,3030,4029,2697,1946,1802,,
0,3,26,0,,,,,,,,
17,3,27,1,3669,1768,1085,3663,710,4008,,
0,3,27,0,,,,,,,,
0,3,27,0,,,,,,,,
0,3,28,0,,,,,,,,
8,3,28,2,,9526,5260,2798,1436,8822,,
0,3,28,0,,,,,,,,
10,3,29,1,1941,4148,776,4821,2951,5126,,
0,3,29,0,,,,,,,,
0,3,29,0,,,,,,,,
0,3,30,0,,,,,,,,
23,3,30,2,4287,2874,1815,2219,1575,2336,,
0,3,30,0,,,,,,,,
51,3,31,1,2604,229,1583,4816,1376,2486,,
0,3,31,0,,,,,,,,
0,3,31,0,,,,,,,,
0,3,32,0,,,,,,,,
34,3,32,2,469,4739,2813,2924,90,2510,,
0,3,32,0,,,,,,,,
61,4,1,1,1736,2256,2210,1342,,2741,,
0,4,1,0,,,,,,,,
0,4,1,0,,,,,,,,
0,4,2,0,,,,,,,,
0,4,2,0,,,,,,,,
31,4,2,2,2087,1009,2522,3018,1345,830,,
55,4,3,1,2529,973,3653,1717,,3402,,
0,4,3,0,,,,,,,,
0,4,3,0,,,,,,,,
0,4,4,0,,,,,,,,
0,4,4,0,,,,,,,,
16,4,4,2,1978,169,3550,1688,1550,2567,,
12,4,5,1,2148,1707,1316,1539,1460,1371,,
0,4,5,0,,,,,,,,
0,4,5,0,,,,,,,,
0,4,6,0,,,,,,,,
0,4,6,0,,,,,,,,
52,4,6,2,1412,492,1719,1557,1157,2540,,
45,4,7,1,1347,915,1765,1723,1734,2735,,
0,4,7,0,,,,,,,,
0,4,7,0,,,,,,,,
0,4,8,0,,,,,,,,
0,4,8,0,,,,,,,,
28,4,8,2,1205,1389,512,2315,1307,1756,,
67,4,9,1,1383,1423,1988,1311,240,2527,,
0,4,9,0,,,,,,,,
0,4,9,0,,,,,,,,
0,4,10,0,,,,,,,,
0,4,10,0,,,,,,,,
18,4,10,2,1967,,2337,1755,2859,1774,,
10,4,11,1,1447,2060,2699,1786,,3338,,
0,4,11,0,,,,,,,,
0,4,11,0,,,,,,,,
0,4,12,0,,,,,,,,
51,4,12,2,447,2371,1931,1423,1259,,,
0,4,12,0,,,,,,,,
57,4,13,1,691,1624,2030,7034,,3555,,
0,4,13,0,,,,,,,,
0,4,13,0,,,,,,,,
0,4,14,0,,,,,,,,
15,4,14,2,1660,1279,1975,1180,1521,957,,
0,4,14,0,,,,,,,,
40,4,15,1,562,1731,1466,1485,1849,1079,,
0,4,15,0,,,,,,,,
0,4,15,0,,,,,,,,
0,4,16,0,,,,,,,,
43,4,16,2,897,3890,3047,1709,1318,995,,
0,4,16,0,,,,,,,,
24,4,17,1,1428,1222,1427,1222,1105,1849,,
0,4,17,0,,,,,,,,
0,4,17,0,,,,,,,,
0,4,18,0,,,,,,,,
63,4,18,2,992,3159,416,3611,1082,1416,,
0,4,18,0,,,,,,,,
42,4,19,1,1688,3749,1701,1033,1208,1300,,
0,4,19,0,,,,,,,,
0,4,19,0,,,,,,,,
0,4,20,0,,,,,,,,
23,4,20,2,2054,,2225,3895,973,1140,,
0,4,20,0,,,,,,,,
66,4,21,1,1518,,2113,976,2623,1225,,
0,4,21,0,,,,,,,,
0,4,21,0,,,,,,,,
0,4,22,0,,,,,,,,
8,4,22,2,2849,2523,,4019,1440,2608,,
0,4,22,0,,,,,,,,
11,4,23,1,1782,2484,1502,1912,1301,1875,,
0,4,23,0,,,,,,,,
0,4,23,0,,,,,,,,
0,4,24,0,,,,,,,,
65,4,24,2,1972,1243,445,1180,715,2679,,
0,4,24,0,,,,,,,,
38,4,25,1,1555,1577,1984,2057,,3014,,
0,4,25,0,,,,,,,,
0,4,25,0,,,,,,,,
0,4,26,0,,,,,,,,
25,4,26,2,1315,636,2974,444,1655,1858,,
0,4,26,0,,,,,,,,
6,4,27,1,2367,2228,2123,2135,196,5675,,
0,4,27,0,,,,,,,,
0,4,27,0,,,,,,,,
0,4,28,0,,,,,,,,
49,4,28,2,2215,767,2827,1618,1489,4052,,
0,4,28,0,,,,,,,,
30,4,29,1,714,2546,4399,501,3391,1332,,
0,4,29,0,,,,,,,,
0,4,29,0,,,,,,,,
0,4,30,0,,,,,,,,
39,4,30,2,538,3178,1644,1831,,3882,,
0,4,30,0,,,,,,,,
60,4,31,1,581,1316,3667,2173,1391,1094,,
0,4,31,0,,,,,,,,
0,4,31,0,,,,,,,,
0,4,32,0,,,,,,,,
50,4,32,2,625,1285,2280,2581,1467,842,,
0,4,32,0,,,,,,,,
18,5,1,1,3062,5534,3212,881,800,1408,1819,
0,5,1,0,,,,,,,,
0,5,1,0,,,,,,,,
0,5,2,0,,,,,,,,
0,5,2,0,,,,,,,,
46,5,2,2,,4592,3793,2415,612,487,,
53,5,3,1,466,2112,3211,763,,3887,,
0,5,3,0,,,,,,,,
0,5,3,0,,,,,,,,
0,5,4,0,,,,,,,,
0,5,4,0,,,,,,,,
35,5,4,2,548,1475,2167,1659,496,2566,1579,
55,5,5,1,1968,2503,2120,2756,1828,1039,,
0,5,5,0,,,,,,,,
0,5,5,0,,,,,,,,
0,5,6,0,,,,,,,,
0,5,6,0,,,,,,,,
36,5,6,2,450,1252,2477,610,5175,626,,
59,5,7,1,1072,2092,412,2348,776,1072,,
0,5,7,0,,,,,,,,
0,5,7,0,,,,,,,,
0,5,8,0,,,,,,,,
0,5,8,0,,,,,,,,
33,5,8,2,,2062,2823,1454,2206,,,
24,5,9,1,2630,2017,1335,1380,494,,5333,
0,5,9,0,,,,,,,,
0,5,9,0,,,,,,,,
0,5,10,0,,,,,,,,
0,5,10,0,,,,,,,,
25,5,10,2,2078,3534,2926,2596,322,2578,,
41,5,11,1,1288,2406,599,4090,,1776,,
0,5,11,0,,,,,,,,
0,5,11,0,,,,,,,,
0,5,12,0,,,,,,,,
9,5,12,2,1394,4531,2413,2271,,6961,,
0,5,12,0,,,,,,,,
60,5,13,1,1905,,4784,927,,2515,,
0,5,13,0,,,,,,,,
0,5,13,0,,,,,,,,
0,5,14,0,,,,,,,,
8,5,14,2,4524,2129,2458,760,7796,3333,,
0,5,14,0,,,,,,,,
16,5,15,1,2348,853,1867,1404,711,1906,,
0,5,15,0,,,,,,,,
0,5,15,0,,,,,,,,
0,5,16,0,,,,,,,,
34,5,16,2,277,4871,2006,1472,2853,1392,,
0,5,16,0,,,,,,,,
30,5,17,1,535,2828,5940,8241,1283,1974,,
0,5,17,0,,,,,,,,
0,5,17,0,,,,,,,,
0,5,18,0,,,,,,,,
62,5,18,2,449,1877,3741,,2245,818,,
0,5,18,0,,,,,,,,
49,5,19,1,667,2624,2093,,5331,3710,,
0,5,19,0,,,,,,,,
0,5,19,0,,,,,,,,
0,5,20,0,,,,,,,,
38,5,20,2,318,1597,2261,2692,1146,1933,13356,
0,5,20,0,,,,,,,,
54,5,21,1,1885,581,4877,1047,1103,4748,,
0,5,21,0,,,,,,,,
0,5,21,0,,,,,,,,
0,5,22,0,,,,,,,,
51,5,22,2,3033,903,1660,1671,1772,2372,,
0,5,22,0,,,,,,,,
39,5,23,1,236,636,724,4325,6388,2233,,
0,5,23,0,,,,,,,,
0,5,23,0,,,,,,,,
0,5,24,0,,,,,,,,
23,5,24,2,2407,396,2092,337,,2330,,
0,5,24,0,,,,,,,,
56,5,25,1,1114,552,5894,2418,690,1018,,
0,5,25,0,,,,,,,,
0,5,25,0,,,,,,,,
0,5,26,0,,,,,,,,
47,5,26,2,1349,2322,1496,1310,980,753,,
0,5,26,0,,,,,,,,
48,5,27,1,470,3235,317,2802,137,,,
0,5,27,0,,,,,,,,
0,5,27,0,,,,,,,,
0,5,28,0,,,,,,,,
19,5,28,2,4432,1569,2037,3505,2230,801,,
0,5,28,0,,,,,,,,
15,5,29,1,4321,2035,1334,739,3134,1622,,
0,5,29,0,,,,,,,,
0,5,29,0,,,,,,,,
0,5,30,0,,,,,,,,
17,5,30,2,3790,2807,1611,430,,8945,,
0,5,30,0,,,,,,,,
45,5,31,1,1113,7575,2411,738,880,1340,,
0,5,31,0,,,,,,,,
0,5,31,0,,,,,,,,
0,5,32,0,,,,,,,,
57,5,32,2,1144,2733,,4240,485,,6623,
0,5,32,0,,,,,,,,
11,6,1,1,2249,3067,2585,1882,,4548,,
0,6,1,0,,,,,,,,
0,6,1,0,,,,,,,,
0,6,2,0,,,,,,,,
0,6,2,0,,,,,,,,
32,6,2,2,2645,3885,2479,1866,2525,1624,,
55,6,3,1,2013,1155,1998,1530,,4897,,
0,6,3,0,,,,,,,,
0,6,3,0,,,,,,,,
0,6,4,0,,,,,,,,
0,6,4,0,,,,,,,,
16,6,4,2,2568,2691,2990,1500,261,4319,,
41,6,5,1,2161,2276,,4241,1225,1765,,
0,6,5,0,,,,,,,,
0,6,5,0,,,,,,,,
0,6,6,0,,,,,,,,
0,6,6,0,,,,,,,,
45,6,6,2,1793,1992,2469,1398,1126,,2407,
34,6,7,1,2201,2469,620,4047,1348,3102,,
0,6,7,0,,,,,,,,
0,6,7,0,,,,,,,,
0,6,8,0,,,,,,,,
0,6,8,0,,,,,,,,
60,6,8,2,1398,2066,1773,1756,1014,5171,,
19,6,9,1,2153,4027,1397,788,226,3982,,
0,6,9,0,,,,,,,,
0,6,9,0,,,,,,,,
0,6,10,0,,,,,,,,
0,6,10,0,,,,,,,,
8,6,10,2,2340,3260,2017,1854,2890,2226,,
18,6,11,1,3240,2642,2256,1718,1252,4387,,
0,6,11,0,,,,,,,,
0,6,11,0,,,,,,,,
0,6,12,0,,,,,,,,
53,6,12,2,1449,2100,2213,1459,,209,,
0,6,12,0,,,,,,,,
29,6,13,1,3288,1619,3480,2593,1409,7263,,
0,6,13,0,,,,,,,,
0,6,13,0,,,,,,,,
0,6,14,0,,,,,,,,
22,6,14,2,1865,1495,2399,865,2084,2503,,
0,6,14,0,,,,,,,,
66,6,15,1,1587,2480,1913,2212,1912,1159,,
0,6,15,0,,,,,,,,
0,6,15,0,,,,,,,,
0,6,16,0,,,,,,,,
31,6,16,2,2957,2911,2189,1281,1240,1397,,
0,6,16,0,,,,,,,,
59,6,17,1,1174,871,6750,2191,762,3017,,
0,6,17,0,,,,,,,,
0,6,17,0,,,,,,,,
0,6,18,0,,,,,,,,
48,6,18,2,3685,3377,1733,1454,834,3272,,
0,6,18,0,,,,,,,,
26,6,19,1,2106,3292,2398,1396,2341,2562,,
0,6,19,0,,,,,,,,
0,6,19,0,,,,,,,,
0,6,20,0,,,,,,,,
38,6,20,2,3539,1705,2025,2255,984,3240,,
0,6,20,0,,,,,,,,
52,6,21,1,2493,,3116,1515,,5140,,
0,6,21,0,,,,,,,,
0,6,21,0,,,,,,,,
0,6,22,0,,,,,,,,
67,6,22,2,2165,1278,1619,1396,1865,2234,,
0,6,22,0,,,,,,,,
64,6,23,1,2071,2089,2027,1713,,3322,,
0,6,23,0,,,,,,,,
0,6,23,0,,,,,,,,
0,6,24,0,,,,,,,,
25,6,24,2,2584,2205,1935,1866,,11662,,
0,6,24,0,,,,,,,,
27,6,25,1,3039,2395,2096,2635,1208,9533,,
0,6,25,0,,,,,,,,
0,6,25,0,,,,,,,,
0,6,26,0,,,,,,,,
47,6,26,2,2961,2807,1543,1594,1250,5526,,
0,6,26,0,,,,,,,,
54,6,27,1,2211,3950,2256,1481,182,3254,,
0,6,27,0,,,,,,,,
0,6,27,0,,,,,,,,
0,6,28,0,,,,,,,,
30,6,28,2,3904,2601,2833,1662,1942,7101,,
0,6,28,0,,,,,,,,
13,6,29,1,4648,2108,3564,1331,2544,3107,,
0,6,29,0,,,,,,,,
0,6,29,0,,,,,,,,
0,6,30,0,,,,,,,,
61,6,30,2,3977,2302,2095,1693,1641,1595,,
0,6,30,0,,,,,,,,
6,6,31,1,3052,1962,2454,,4609,2368,,
0,6,31,0,,,,,,,,
0,6,31,0,,,,,,,,
0,6,32,0,,,,,,,,
28,6,32,2,2143,2746,3289,2640,1960,3060,,
0,6,32,0,,,,,,,,
43,7,1,1,462,2558,2405,1557,1465,,,
0,7,1,0,,,,,,,,
0,7,1,0,,,,,,,,
0,7,2,0,,,,,,,,
0,7,2,0,,,,,,,,
12,7,2,2,1622,6871,3598,1535,2203,,,
65,7,3,1,2956,2638,1708,2339,,2963,,
0,7,3,0,,,,,,,,
0,7,3,0,,,,,,,,
0,7,4,0,,,,,,,,
0,7,4,0,,,,,,,,
21,7,4,2,3035,3870,2036,4220,1193,1526,2849,
51,7,5,1,257,2416,3440,1369,1981,4843,,
0,7,5,0,,,,,,,,
0,7,5,0,,,,,,,,
0,7,6,0,,,,,,,,
0,7,6,0,,,,,,,,
46,7,6,2,950,2054,2025,2788,2231,1097,224,
35,7,7,1,1192,2097,2661,2714,1955,6096,,
0,7,7,0,,,,,,,,
0,7,7,0,,,,,,,,
0,7,8,0,,,,,,,,
0,7,8,0,,,,,,,,
32,7,8,2,1312,711,1526,2308,1609,1808,,
5,7,9,1,1701,1719,5314,,2685,3944,,
0,7,9,0,,,,,,,,
0,7,9,0,,,,,,,,
0,7,10,0,,,,,,,,
0,7,10,0,,,,,,,,
38,7,10,2,1795,118,1488,2539,1781,3022,,
11,7,11,1,2157,4681,837,,2305,3450,,
0,7,11,0,,,,,,,,
0,7,11,0,,,,,,,,
0,7,12,0,,,,,,,,
19,7,12,2,483,2746,1403,3904,1244,445,,
0,7,12,0,,,,,,,,
24,7,13,1,357,3433,4803,2164,1514,211,,
0,7,13,0,,,,,,,,
0,7,13,0,,,,,,,,
0,7,14,0,,,,,,,,
42,7,14,2,416,2525,2204,2630,2618,2822,1753,
0,7,14,0,,,,,,,,
68,7,15,1,1695,1661,2053,1873,953,1606,,
0,7,15,0,,,,,,,,
0,7,15,0,,,,,,,,
0,7,16,0,,,,,,,,
67,7,16,2,2568,2223,2551,3639,595,4745,,
0,7,16,0,,,,,,,,
23,7,17,1,1635,943,7212,976,1906,3354,,
0,7,17,0,,,,,,,,
0,7,17,0,,,,,,,,
0,7,18,0,,,,,,,,
63,7,18,2,2615,2674,1980,1582,1244,1597,,
0,7,18,0,,,,,,,,
10,7,19,1,420,4979,6035,3006,2448,4073,,
0,7,19,0,,,,,,,,
0,7,19,0,,,,,,,,
0,7,20,0,,,,,,,,
64,7,20,2,5720,2054,2004,1406,917,1306,,
0,7,20,0,,,,,,,,
9,7,21,1,2797,3398,5958,1915,277,3686,,
0,7,21,0,,,,,,,,
0,7,21,0,,,,,,,,
0,7,22,0,,,,,,,,
17,7,22,2,2744,1134,1721,3393,4506,1474,,
0,7,22,0,,,,,,,,
49,7,23,1,412,2614,2996,5332,2908,4370,,
0,7,23,0,,,,,,,,
0,7,23,0,,,,,,,,
0,7,24,0,,,,,,,,
62,7,24,2,2828,2197,1792,1274,,2919,,
0,7,24,0,,,,,,,,
16,7,25,1,2439,4658,2789,738,1823,3357,,
0,7,25,0,,,,,,,,
0,7,25,0,,,,,,,,
0,7,26,0,,,,,,,,
27,7,26,2,2744,367,1699,1625,3261,5287,,
0,7,26,0,,,,,,,,
37,7,27,1,1093,2157,2220,5805,990,750,,
0,7,27,0,,,,,,,,
0,7,27,0,,,,,,,,
0,7,28,0,,,,,,,,
20,7,28,2,442,4244,3595,1724,1382,448,,
0,7,28,0,,,,,,,,
45,7,29,1,1236,3099,1650,2372,1615,2630,2300,
0,7,29,0,,,,,,,,
0,7,29,0,,,,,,,,
0,7,30,0,,,,,,,,
26,7,30,2,3142,6915,1898,8383,,5200,,
0,7,30,0,,,,,,,,
28,7,31,1,2458,2228,846,3648,14859,1489,,
0,7,31,0,,,,,,,,
0,7,31,0,,,,,,,,
0,7,32,0,,,,,,,,
53,7,32,2,1362,1142,2896,5143,1962,2388,6808,
0,7,32,0,,,,,,,,
13,8,1,1,1382,344,2146,1214,661,4772,,
0,8,1,0,,,,,,,,
0,8,1,0,,,,,,,,
0,8,2,0,,,,,,,,
0,8,2,0,,,,,,,,
19,8,2,2,1111,1594,2276,1874,1021,2371,,
42,8,3,1,1197,799,379,979,,276,,
0,8,3,0,,,,,,,,
0,8,3,0,,,,,,,,
0,8,4,0,,,,,,,,
0,8,4,0,,,,,,,,
48,8,4,2,906,643,713,1814,734,1812,,
57,8,5,1,360,1799,429,1168,229,1121,,
0,8,5,0,,,,,,,,
0,8,5,0,,,,,,,,
0,8,6,0,,,,,,,,
0,8,6,0,,,,,,,,
32,8,6,2,1380,743,413,957,1402,1198,,
49,8,7,1,490,542,1402,844,528,2377,,
0,8,7,0,,,,,,,,
0,8,7,0,,,,,,,,
0,8,8,0,,,,,,,,
0,8,8,0,,,,,,,,
22,8,8,2,496,1384,821,814,774,,,
44,8,9,1,686,966,285,935,266,1444,,
0,8,9,0,,,,,,,,
0,8,9,0,,,,,,,,
0,8,10,0,,,,,,,,
0,8,10,0,,,,,,,,
10,8,10,2,869,897,1185,1545,1250,1878,,
62,8,11,1,911,2003,593,808,139,159,,
0,8,11,0,,,,,,,,
0,8,11,0,,,,,,,,
0,8,12,0,,,,,,,,
53,8,12,2,860,580,1677,1598,473,475,5267,
0,8,12,0,,,,,,,,
33,8,13,1,1482,861,543,1342,354,1167,1497,
0,8,13,0,,,,,,,,
0,8,13,0,,,,,,,,
0,8,14,0,,,,,,,,
55,8,14,2,1079,332,800,762,557,,1757,
0,8,14,0,,,,,,,,
51,8,15,1,697,725,1005,707,755,1292,,
0,8,15,0,,,,,,,,
0,8,15,0,,,,,,,,
0,8,16,0,,,,,,,,
24,8,16,2,319,1282,1900,1387,506,940,,
0,8,16,0,,,,,,,,
28,8,17,1,1197,486,969,1659,716,2235,,
0,8,17,0,,,,,,,,
0,8,17,0,,,,,,,,
0,8,18,0,,,,,,,,
12,8,18,2,445,1193,2691,679,1542,1297,,
0,8,18,0,,,,,,,,
18,8,19,1,1347,591,2513,480,864,2879,,
0,8,19,0,,,,,,,,
0,8,19,0,,,,,,,,
0,8,20,0,,,,,,,,
26,8,20,2,1179,2335,,1120,523,1692,,
0,8,20,0,,,,,,,,
5,8,21,1,2221,1123,1433,292,955,2472,,
0,8,21,0,,,,,,,,
0,8,21,0,,,,,,,,
0,8,22,0,,,,,,,,
15,8,22,2,761,856,864,1224,725,2010,,
0,8,22,0,,,,,,,,
21,8,23,1,986,1176,1015,701,877,1950,,
0,8,23,0,,,,,,,,
0,8,23,0,,,,,,,,
0,8,24,0,,,,,,,,
25,8,24,2,1147,763,384,847,,1286,,
0,8,24,0,,,,,,,,
58,8,25,1,1117,130,902,1082,402,3493,,
0,8,25,0,,,,,,,,
0,8,25,0,,,,,,,,
0,8,26,0,,,,,,,,
61,8,26,2,1085,191,1090,2386,270,2640,,
0,8,26,0,,,,,,,,
46,8,27,1,1477,691,313,1442,168,337,,
0,8,27,0,,,,,,,,
0,8,27,0,,,,,,,,
0,8,28,0,,,,,,,,
8,8,28,2,1681,1020,692,1499,1156,3920,,
0,8,28,0,,,,,,,,
56,8,29,1,1188,2775,1247,1616,1018,2440,,
0,8,29,0,,,,,,,,
0,8,29,0,,,,,,,,
0,8,30,0,,,,,,,,
31,8,30,2,1490,1356,1369,1225,902,1361,,
0,8,30,0,,,,,,,,
9,8,31,1,2103,1358,1117,721,637,1946,,
0,8,31,0,,,,,,,,
0,8,31,0,,,,,,,,
0,8,32,0,,,,,,,,
63,8,32,2,826,246,1794,664,578,2839,,
0,8,32,0,,,,,,,,
13,9,1,1,3131,2415,1542,1910,,3779,,
0,9,1,0,,,,,,,,
0,9,1,0,,,,,,,,
0,9,2,0,,,,,,,,
0,9,2,0,,,,,,,,
61,9,2,2,1828,1833,2907,3227,2059,1404,,
49,9,3,1,3043,1761,2861,1924,,4023,,
0,9,3,0,,,,,,,,
0,9,3,0,,,,,,,,
0,9,4,0,,,,,,,,
0,9,4,0,,,,,,,,
48,9,4,2,1410,2177,2442,1228,1907,1417,,
23,9,5,1,2324,,3547,1662,1897,3019,,
0,9,5,0,,,,,,,,
0,9,5,0,,,,,,,,
0,9,6,0,,,,,,,,
0,9,6,0,,,,,,,,
25,9,6,2,1589,260,3330,1445,1364,1979,,
42,9,7,1,1696,1473,2119,2384,1586,1529,,
0,9,7,0,,,,,,,,
0,9,7,0,,,,,,,,
0,9,8,0,,,,,,,,
0,9,8,0,,,,,,,,
31,9,8,2,2198,767,3593,5031,1646,2631,,
9,9,9,1,1315,1561,,2843,,3241,,
0,9,9,0,,,,,,,,
0,9,9,0,,,,,,,,
0,9,10,0,,,,,,,,
0,9,10,0,,,,,,,,
45,9,10,2,1232,1912,2081,1368,1621,1694,,
35,9,11,1,1746,2259,2873,1582,,2365,,
0,9,11,0,,,,,,,,
0,9,11,0,,,,,,,,
0,9,12,0,,,,,,,,
56,9,12,2,1627,2918,2298,1689,,2995,,
0,9,12,0,,,,,,,,
5,9,13,1,3318,2344,2346,1807,,5732,,
0,9,13,0,,,,,,,,
0,9,13,0,,,,,,,,
0,9,14,0,,,,,,,,
6,9,14,2,2781,1452,2053,1855,2797,1533,,
0,9,14,0,,,,,,,,
62,9,15,1,1225,1443,1260,1241,1094,952,,
0,9,15,0,,,,,,,,
0,9,15,0,,,,,,,,
0,9,16,0,,,,,,,,
47,9,16,2,1693,2359,2373,1722,1076,913,,
0,9,16,0,,,,,,,,
27,9,17,1,2277,208,3220,3837,1325,3727,,
0,9,17,0,,,,,,,,
0,9,17,0,,,,,,,,
0,9,18,0,,,,,,,,
36,9,18,2,2159,2212,981,5205,1409,2179,,
0,9,18,0,,,,,,,,
53,9,19,1,2993,2678,2625,1664,3043,2870,,
0,9,19,0,,,,,,,,
0,9,19,0,,,,,,,,
0,9,20,0,,,,,,,,
55,9,20,2,1964,2445,1994,2170,1033,1634,,
0,9,20,0,,,,,,,,
57,9,21,1,1966,4922,1611,1050,883,2884,,
0,9,21,0,,,,,,,,
0,9,21,0,,,,,,,,
0,9,22,0,,,,,,,,
54,9,22,2,1604,1699,3756,3084,1693,2524,,
0,9,22,0,,,,,,,,
22,9,23,1,1622,1531,1734,2051,1110,1592,,
0,9,23,0,,,,,,,,
0,9,23,0,,,,,,,,
0,9,24,0,,,,,,,,
51,9,24,2,4070,1674,1957,1538,,3991,,
0,9,24,0,,,,,,,,
19,9,25,1,2163,1702,1352,2113,,3228,,
0,9,25,0,,,,,,,,
0,9,25,0,,,,,,,,
0,9,26,0,,,,,,,,
58,9,26,2,1490,1410,1857,1923,1251,1337,,
0,9,26,0,,,,,,,,
40,9,27,1,1873,1793,1972,1171,470,3712,,
0,9,27,0,,,,,,,,
0,9,27,0,,,,,,,,
0,9,28,0,,,,,,,,
7,9,28,2,2066,1685,2235,1781,,4273,,
0,9,28,0,,,,,,,,
34,9,29,1,3130,105,3806,1653,1647,1598,,
0,9,29,0,,,,,,,,
0,9,29,0,,,,,,,,
0,9,30,0,,,,,,,,
17,9,30,2,2485,1463,,4408,1604,2122,,
0,9,30,0,,,,,,,,
33,9,31,1,1621,752,1087,3056,957,2137,,
0,9,31,0,,,,,,,,
0,9,31,0,,,,,,,,
0,9,32,0,,,,,,,,
8,9,32,2,1910,1760,1656,1509,1550,878,,
0,9,32,0,,,,,,,,
26,10,1,1,2483,2187,4103,1431,,3864,,
0,10,1,0,,,,,,,,
0,10,1,0,,,,,,,,
0,10,2,0,,,,,,,,
0,10,2,0,,,,,,,,
49,10,2,2,2105,1912,2708,1993,3276,948,,
23,10,3,1,2567,2047,2357,1228,,3202,,
0,10,3,0,,,,,,,,
0,10,3,0,,,,,,,,
0,10,4,0,,,,,,,,
0,10,4,0,,,,,,,,
13,10,4,2,1899,3444,1673,1871,153,3143,,
21,10,5,1,1710,1265,1379,1270,936,1139,,
0,10,5,0,,,,,,,,
0,10,5,0,,,,,,,,
0,10,6,0,,,,,,,,
0,10,6,0,,,,,,,,
11,10,6,2,1678,2513,1327,1765,1013,1558,,
66,10,7,1,1972,1389,1714,1485,836,1341,,
0,10,7,0,,,,,,,,
0,10,7,0,,,,,,,,
0,10,8,0,,,,,,,,
0,10,8,0,,,,,,,,
36,10,8,2,1353,3006,1223,945,1079,,,
17,10,9,1,1953,1477,1192,906,220,2615,,
0,10,9,0,,,,,,,,
0,10,9,0,,,,,,,,
0,10,10,0,,,,,,,,
0,10,10,0,,,,,,,,
5,10,10,2,2428,2402,2113,1458,1644,2384,,
16,10,11,1,1738,4921,2935,2355,528,2952,,
0,10,11,0,,,,,,,,
0,10,11,0,,,,,,,,
0,10,12,0,,,,,,,,
29,10,12,2,2414,3708,1514,1447,,2560,,
0,10,12,0,,,,,,,,
30,10,13,1,2284,1538,1906,1302,1196,2332,,
0,10,13,0,,,,,,,,
0,10,13,0,,,,,,,,
0,10,14,0,,,,,,,,
15,10,14,2,1283,1662,1541,1391,1810,902,,
0,10,14,0,,,,,,,,
19,10,15,1,,2630,3924,1630,1401,1833,,
0,10,15,0,,,,,,,,
0,10,15,0,,,,,,,,
0,10,16,0,,,,,,,,
38,10,16,2,1498,1873,2602,3517,954,1166,,
0,10,16,0,,,,,,,,
32,10,17,1,1500,2553,1974,1363,2206,2170,,
0,10,17,0,,,,,,,,
0,10,17,0,,,,,,,,
0,10,18,0,,,,,,,,
28,10,18,2,1568,2181,1963,1538,1457,9032,,
0,10,18,0,,,,,,,,
53,10,19,1,1303,1844,2792,1026,1347,1477,,
0,10,19,0,,,,,,,,
0,10,19,0,,,,,,,,
0,10,20,0,,,,,,,,
8,10,20,2,2811,1721,2055,1348,,2786,,
0,10,20,0,,,,,,,,
39,10,21,1,3344,1701,2006,1300,,2791,,
0,10,21,0,,,,,,,,
0,10,21,0,,,,,,,,
0,10,22,0,,,,,,,,
44,10,22,2,2590,1613,1846,1506,1502,1922,,
0,10,22,0,,,,,,,,
51,10,23,1,1778,1853,3236,2486,1152,3774,,
0,10,23,0,,,,,,,,
0,10,23,0,,,,,,,,
0,10,24,0,,,,,,,,
31,10,24,2,2561,1485,1701,1156,,2292,,
0,10,24,0,,,,,,,,
62,10,25,1,1770,1488,1692,1322,,3051,,
0,10,25,0,,,,,,,,
0,10,25,0,,,,,,,,
0,10,26,0,,,,,,,,
40,10,26,2,1714,2494,1833,1610,1537,2380,,
0,10,26,0,,,,,,,,
61,10,27,1,2168,1875,1341,850,138,577,,
0,10,27,0,,,,,,,,
0,10,27,0,,,,,,,,
0,10,28,0,,,,,,,,
48,10,28,2,2505,1387,1841,2592,3035,4569,,
0,10,28,0,,,,,,,,
10,10,29,1,,2821,7947,1430,1535,1049,,
0,10,29,0,,,,,,,,
0,10,29,0,,,,,,,,
0,10,30,0,,,,,,,,
33,10,30,2,2745,2102,1361,1629,,4455,,
0,10,30,0,,,,,,,,
56,10,31,1,3150,1853,7730,1268,,5036,,
0,10,31,0,,,,,,,,
0,10,31,0,,,,,,,,
0,10,32,0,,,,,,,,
52,10,32,2,1611,1905,1737,1317,1198,670,,
0,10,32,0,,,,,,,,
22,11,1,1,1899,2775,5057,1335,,1924,,
0,11,1,0,,,,,,,,
0,11,1,0,,,,,,,,
0,11,2,0,,,,,,,,
0,11,2,0,,,,,,,,
43,11,2,2,2125,2639,2500,1724,1224,127,3298,
12,11,3,1,2143,1410,2855,1382,1130,2432,,
0,11,3,0,,,,,,,,
0,11,3,0,,,,,,,,
0,11,4,0,,,,,,,,
0,11,4,0,,,,,,,,
38,11,4,2,2351,3168,1424,1740,1594,1422,,
25,11,5,1,2099,1470,1199,941,1538,1000,,
0,11,5,0,,,,,,,,
0,11,5,0,,,,,,,,
0,11,6,0,,,,,,,,
0,11,6,0,,,,,,,,
59,11,6,2,1912,1591,1703,1196,1239,1139,,
51,11,7,1,2507,1286,1908,1306,1443,2038,,
0,11,7,0,,,,,,,,
0,11,7,0,,,,,,,,
0,11,8,0,,,,,,,,
0,11,8,0,,,,,,,,
66,11,8,2,1388,5058,1197,1012,1479,1308,,
18,11,9,1,2195,2290,1776,1148,196,,1932,
0,11,9,0,,,,,,,,
0,11,9,0,,,,,,,,
0,11,10,0,,,,,,,,
0,11,10,0,,,,,,,,
31,11,10,2,1565,1522,1171,1226,1665,1164,,
47,11,11,1,3647,5707,1554,875,96,2423,,
0,11,11,0,,,,,,,,
0,11,11,0,,,,,,,,
0,11,12,0,,,,,,,,
50,11,12,2,2704,3156,762,1344,1134,529,,
0,11,12,0,,,,,,,,
8,11,13,1,4666,5096,1742,1270,1254,2634,,
0,11,13,0,,,,,,,,
0,11,13,0,,,,,,,,
0,11,14,0,,,,,,,,
15,11,14,2,1958,1617,1857,1084,1223,983,,
0,11,14,0,,,,,,,,
54,11,15,1,4052,3533,1464,1924,918,1382,,
0,11,15,0,,,,,,,,
0,11,15,0,,,,,,,,
0,11,16,0,,,,,,,,
28,11,16,2,2300,1671,4190,1065,,2237,,
0,11,16,0,,,,,,,,
41,11,17,1,1672,1861,2067,1061,819,1711,,
0,11,17,0,,,,,,,,
0,11,17,0,,,,,,,,
0,11,18,0,,,,,,,,
65,11,18,2,1667,2636,1439,2301,2086,1825,,
0,11,18,0,,,,,,,,
5,11,19,1,3089,1582,2124,4821,1772,2679,,
0,11,19,0,,,,,,,,
0,11,19,0,,,,,,,,
0,11,20,0,,,,,,,,
48,11,20,2,2062,1353,1889,1199,833,480,,
0,11,20,0,,,,,,,,
9,11,21,1,4031,2137,1329,1619,633,2999,,
0,11,21,0,,,,,,,,
0,11,21,0,,,,,,,,
0,11,22,0,,,,,,,,
46,11,22,2,1704,3293,2519,1351,995,996,,
0,11,22,0,,,,,,,,
36,11,23,1,2015,5552,1679,1201,969,776,,
0,11,23,0,,,,,,,,
0,11,23,0,,,,,,,,
0,11,24,0,,,,,,,,
16,11,24,2,2753,1196,1173,1487,,2705,,
0,11,24,0,,,,,,,,
14,11,25,1,1992,1773,1742,2203,992,1077,,
0,11,25,0,,,,,,,,
0,11,25,0,,,,,,,,
0,11,26,0,,,,,,,,
10,11,26,2,3508,1565,2585,2959,891,2307,,
0,11,26,0,,,,,,,,
62,11,27,1,2552,1582,5441,1278,169,3380,,
0,11,27,0,,,,,,,,
0,11,27,0,,,,,,,,
0,11,28,0,,,,,,,,
20,11,28,2,2861,1849,5416,1698,1275,3470,,
0,11,28,0,,,,,,,,
53,11,29,1,2174,3074,1636,1184,1103,1402,,
0,11,29,0,,,,,,,,
0,11,29,0,,,,,,,,
0,11,30,0,,,,,,,,
42,11,30,2,546,3710,2306,1673,1717,1408,,
0,11,30,0,,,,,,,,
30,11,31,1,7513,5242,2595,1156,917,876,,
0,11,31,0,,,,,,,,
0,11,31,0,,,,,,,,
0,11,32,0,,,,,,,,
37,11,32,2,1579,6872,12323,1596,1184,1794,,
0,11,32,0,,,,,,,,
24,12,1,1,1207,1857,1041,531,577,687,,
0,12,1,0,,,,,,,,
0,12,1,0,,,,,,,,
0,12,2,0,,,,,,,,
0,12,2,0,,,,,,,,
25,12,2,2,1339,1135,1537,598,487,2658,,
34,12,3,1,,2943,1039,1124,,1849,,
0,12,3,0,,,,,,,,
0,12,3,0,,,,,,,,
0,12,4,0,,,,,,,,
0,12,4,0,,,,,,,,
27,12,4,2,173,3677,1099,1193,621,3211,,
7,12,5,1,,3251,575,707,,2048,,
0,12,5,0,,,,,,,,
0,12,5,0,,,,,,,,
0,12,6,0,,,,,,,,
0,12,6,0,,,,,,,,
61,12,6,2,1853,1665,1100,846,864,1389,,
33,12,7,1,848,2485,863,750,347,1296,,
0,12,7,0,,,,,,,,
0,12,7,0,,,,,,,,
0,12,8,0,,,,,,,,
0,12,8,0,,,,,,,,
51,12,8,2,841,988,337,516,786,530,,
53,12,9,1,1504,2458,706,367,,1527,,
0,12,9,0,,,,,,,,
0,12,9,0,,,,,,,,
0,12,10,0,,,,,,,,
0,12,10,0,,,,,,,,
59,12,10,2,951,937,1014,1339,401,1005,,
6,12,11,1,1644,1672,1623,600,,2798,,
0,12,11,0,,,,,,,,
0,12,11,0,,,,,,,,
0,12,12,0,,,,,,,,
38,12,12,2,1346,696,1388,1091,949,607,,
0,12,12,0,,,,,,,,
21,12,13,1,1696,1980,1232,658,,1803,,
0,12,13,0,,,,,,,,
0,12,13,0,,,,,,,,
0,12,14,0,,,,,,,,
48,12,14,2,172,1599,998,782,1064,377,,
0,12,14,0,,,,,,,,
56,12,15,1,796,937,687,421,2792,1818,,
0,12,15,0,,,,,,,,
0,12,15,0,,,,,,,,
0,12,16,0,,,,,,,,
14,12,16,2,1822,940,1195,1194,897,1826,,
0,12,16,0,,,,,,,,
40,12,17,1,1059,666,1323,410,824,1649,,
0,12,17,0,,,,,,,,
0,12,17,0,,,,,,,,
0,12,18,0,,,,,,,,
20,12,18,2,1500,1980,1018,874,894,1062,,
0,12,18,0,,,,,,,,
60,12,19,1,1782,557,2338,428,520,1780,,
0,12,19,0,,,,,,,,
0,12,19,0,,,,,,,,
0,12,20,0,,,,,,,,
52,12,20,2,1117,1938,1397,853,634,747,,
0,12,20,0,,,,,,,,
45,12,21,1,237,2975,1408,579,227,1847,,
0,12,21,0,,,,,,,,
0,12,21,0,,,,,,,,
0,12,22,0,,,,,,,,
32,12,22,2,1067,1135,1252,612,261,1076,,
0,12,22,0,,,,,,,,
22,12,23,1,1987,1001,641,596,286,893,,
0,12,23,0,,,,,,,,
0,12,23,0,,,,,,,,
0,12,24,0,,,,,,,,
49,12,24,2,201,1683,,1000,,571,,
0,12,24,0,,,,,,,,
63,12,25,1,967,677,1189,934,394,1331,,
0,12,25,0,,,,,,,,
0,12,25,0,,,,,,,,
0,12,26,0,,,,,,,,
9,12,26,2,2539,537,944,1081,915,3631,,
0,12,26,0,,,,,,,,
19,12,27,1,1348,893,761,576,1239,1044,,
0,12,27,0,,,,,,,,
0,12,27,0,,,,,,,,
0,12,28,0,,,,,,,,
29,12,28,2,1470,838,2281,607,2891,508,,
0,12,28,0,,,,,,,,
15,12,29,1,130,2798,1373,598,2246,1371,,
0,12,29,0,,,,,,,,
0,12,29,0,,,,,,,,
0,12,30,0,,,,,,,,
46,12,30,2,438,1835,2133,150,519,3032,,
0,12,30,0,,,,,,,,
47,12,31,1,234,2754,439,2859,141,1726,,
0,12,31,0,,,,,,,,
0,12,31,0,,,,,,,,
0,12,32,0,,,,,,,,
55,12,32,2,995,2444,601,613,461,474,,
0,12,32,0,,,,,,,,
66,13,1,1,2252,2490,1267,1194,1085,1162,,
0,13,1,0,,,,,,,,
0,13,1,0,,,,,,,,
0,13,2,0,,,,,,,,
0,13,2,0,,,,,,,,
34,13,2,2,1060,3419,2871,2664,1754,4227,,
59,13,3,1,3359,1892,757,4117,944,810,,
0,13,3,0,,,,,,,,
0,13,3,0,,,,,,,,
0,13,4,0,,,,,,,,
0,13,4,0,,,,,,,,
5,13,4,2,2383,3270,2606,1264,1846,1536,,
51,13,5,1,4667,2346,1905,1379,1049,2588,,
0,13,5,0,,,,,,,,
0,13,5,0,,,,,,,,
0,13,6,0,,,,,,,,
0,13,6,0,,,,,,,,
42,13,6,2,2095,1418,1813,2107,1861,1118,,
16,13,7,1,1045,3889,3506,2091,1822,4940,,
0,13,7,0,,,,,,,,
0,13,7,0,,,,,,,,
0,13,8,0,,,,,,,,
0,13,8,0,,,,,,,,
8,13,8,2,3590,2479,1909,1958,1294,4981,,
62,13,9,1,1674,2430,1765,990,1125,2950,,
0,13,9,0,,,,,,,,
0,13,9,0,,,,,,,,
0,13,10,0,,,,,,,,
0,13,10,0,,,,,,,,
25,13,10,2,1409,2680,1180,1315,1072,1666,,
13,13,11,1,2593,1460,1606,1107,,3209,,
0,13,11,0,,,,,,,,
0,13,11,0,,,,,,,,
0,13,12,0,,,,,,,,
41,13,12,2,2119,2512,1629,1096,1142,,,
0,13,12,0,,,,,,,,
56,13,13,1,2953,1857,2509,5575,,2520,,
0,13,13,0,,,,,,,,
0,13,13,0,,,,,,,,
0,13,14,0,,,,,,,,
64,13,14,2,1627,2809,2427,1143,1010,1093,,
0,13,14,0,,,,,,,,
18,13,15,1,1096,1336,1590,2329,2157,1539,,
0,13,15,0,,,,,,,,
0,13,15,0,,,,,,,,
0,13,16,0,,,,,,,,
38,13,16,2,2390,1986,3053,2515,1248,2494,,
0,13,16,0,,,,,,,,
43,13,17,1,2606,4487,1814,1529,1726,948,,
0,13,17,0,,,,,,,,
0,13,17,0,,,,,,,,
0,13,18,0,,,,,,,,
60,13,18,2,1992,3461,2654,1557,1088,2205,,
0,13,18,0,,,,,,,,
37,13,19,1,2825,2542,2542,5956,618,,,
0,13,19,0,,,,,,,,
0,13,19,0,,,,,,,,
0,13,20,0,,,,,,,,
32,13,20,2,4461,2737,3732,1663,845,3246,,
0,13,20,0,,,,,,,,
57,13,21,1,3086,2249,1502,1814,1077,729,,
0,13,21,0,,,,,,,,
0,13,21,0,,,,,,,,
0,13,22,0,,,,,,,,
24,13,22,2,,,6420,2487,1023,6115,,
0,13,22,0,,,,,,,,
49,13,23,1,2927,1527,3427,1971,1114,1015,,
0,13,23,0,,,,,,,,
0,13,23,0,,,,,,,,
0,13,24,0,,,,,,,,
10,13,24,2,2325,1487,2682,1212,,5736,,
0,13,24,0,,,,,,,,
50,13,25,1,5018,3704,4314,4355,967,1671,,
0,13,25,0,,,,,,,,
0,13,25,0,,,,,,,,
0,13,26,0,,,,,,,,
40,13,26,2,1391,3501,1451,1339,3755,,,
0,13,26,0,,,,,,,,
45,13,27,1,3793,1548,1829,1972,480,3000,,
0,13,27,0,,,,,,,,
0,13,27,0,,,,,,,,
0,13,28,0,,,,,,,,
33,13,28,2,4210,4965,2115,1521,1724,3158,,
0,13,28,0,,,,,,,,
52,13,29,1,3818,1537,2610,1259,1135,1070,,
0,13,29,0,,,,,,,,
0,13,29,0,,,,,,,,
0,13,30,0,,,,,,,,
48,13,30,2,4645,3628,1521,1723,1179,813,,
0,13,30,0,,,,,,,,
19,13,31,1,4954,3043,1849,955,879,2583,,
0,13,31,0,,,,,,,,
0,13,31,0,,,,,,,,
0,13,32,0,,,,,,,,
27,13,32,2,2990,2789,2158,2325,968,671,,
0,13,32,0,,,,,,,,
43,14,1,1,1262,1332,584,1522,975,815,,
0,14,1,0,,,,,,,,
0,14,1,0,,,,,,,,
0,14,2,0,,,,,,,,
0,14,2,0,,,,,,,,
62,14,2,2,1269,1552,1179,1308,1353,1958,,
51,14,3,1,1556,1376,1294,1064,,4026,,
0,14,3,0,,,,,,,,
0,14,3,0,,,,,,,,
0,14,4,0,,,,,,,,
0,14,4,0,,,,,,,,
17,14,4,2,1369,2091,2999,1694,2914,4353,,
15,14,5,1,1470,1079,1066,833,1710,4087,,
0,14,5,0,,,,,,,,
0,14,5,0,,,,,,,,
0,14,6,0,,,,,,,,
0,14,6,0,,,,,,,,
45,14,6,2,1022,951,1835,933,812,,962,
49,14,7,1,1200,634,1146,1006,1225,1308,,
0,14,7,0,,,,,,,,
0,14,7,0,,,,,,,,
0,14,8,0,,,,,,,,
0,14,8,0,,,,,,,,
24,14,8,2,1082,1496,521,854,890,1023,,
41,14,9,1,804,1460,912,575,172,1712,,
0,14,9,0,,,,,,,,
0,14,9,0,,,,,,,,
0,14,10,0,,,,,,,,
0,14,10,0,,,,,,,,
35,14,10,2,939,1231,699,739,809,975,,
61,14,11,1,933,,4632,542,,2955,,
0,14,11,0,,,,,,,,
0,14,11,0,,,,,,,,
0,14,12,0,,,,,,,,
64,14,12,2,1483,1839,1334,835,1075,1292,,
0,14,12,0,,,,,,,,
21,14,13,1,1506,948,1002,742,,3495,,
0,14,13,0,,,,,,,,
0,14,13,0,,,,,,,,
0,14,14,0,,,,,,,,
38,14,14,2,872,684,1127,1281,1613,1913,,
0,14,14,0,,,,,,,,
39,14,15,1,967,811,1125,1599,1640,1005,,
0,14,15,0,,,,,,,,
0,14,15,0,,,,,,,,
0,14,16,0,,,,,,,,
8,14,16,2,2744,1379,1819,1630,1656,1395,,
0,14,16,0,,,,,,,,
14,14,17,1,1341,1002,1255,1234,903,3127,,
0,14,17,0,,,,,,,,
0,14,17,0,,,,,,,,
0,14,18,0,,,,,,,,
40,14,18,2,974,1558,1222,1330,939,1346,,
0,14,18,0,,,,,,,,
31,14,19,1,1167,1041,1426,725,870,649,,
0,14,19,0,,,,,,,,
0,14,19,0,,,,,,,,
0,14,20,0,,,,,,,,
66,14,20,2,1178,2075,1452,1198,875,1900,,
0,14,20,0,,,,,,,,
12,14,21,1,2637,864,2652,940,,2086,,
0,14,21,0,,,,,,,,
0,14,21,0,,,,,,,,
0,14,22,0,,,,,,,,
30,14,22,2,1239,1140,971,1101,920,977,,
0,14,22,0,,,,,,,,
53,14,23,1,1290,1213,1212,904,745,2033,,
0,14,23,0,,,,,,,,
0,14,23,0,,,,,,,,
0,14,24,0,,,,,,,,
29,14,24,2,1604,872,1127,1213,,3713,,
0,14,24,0,,,,,,,,
22,14,25,1,1412,1287,1051,1570,,2910,,
0,14,25,0,,,,,,,,
0,14,25,0,,,,,,,,
0,14,26,0,,,,,,,,
47,14,26,2,1123,850,1458,1794,955,657,,
0,14,26,0,,,,,,,,
56,14,27,1,1084,834,1129,695,257,2597,,
0,14,27,0,,,,,,,,
0,14,27,0,,,,,,,,
0,14,28,0,,,,,,,,
5,14,28,2,4236,1102,2843,1116,2180,2800,,
0,14,28,0,,,,,,,,
26,14,29,1,1557,1307,3886,1340,1290,1271,,
0,14,29,0,,,,,,,,
0,14,29,0,,,,,,,,
0,14,30,0,,,,,,,,
54,14,30,2,1446,1079,2055,1224,1063,1017,,
0,14,30,0,,,,,,,,
27,14,31,1,1188,1829,1610,1259,1113,2903,,
0,14,31,0,,,,,,,,
0,14,31,0,,,,,,,,
0,14,32,0,,,,,,,,
28,14,32,2,1302,1011,930,975,853,1337,,
0,14,32,0,,,,,,,,
63,15,1,1,1794,4189,5542,2840,3304,1188,,
0,15,1,0,,,,,,,,
0,15,1,0,,,,,,,,
0,15,2,0,,,,,,,,
0,15,2,0,,,,,,,,
23,15,2,2,1299,5340,1937,2529,2089,2525,,
41,15,3,1,2676,1561,1905,1808,376,2141,,
0,15,3,0,,,,,,,,
0,15,3,0,,,,,,,,
0,15,4,0,,,,,,,,
0,15,4,0,,,,,,,,
45,15,4,2,454,4324,3027,1160,1057,3626,,
39,15,5,1,1586,2283,2052,557,2502,1431,,
0,15,5,0,,,,,,,,
0,15,5,0,,,,,,,,
0,15,6,0,,,,,,,,
0,15,6,0,,,,,,,,
10,15,6,2,1197,4393,2909,1837,1731,1246,,
5,15,7,1,2828,2826,2920,3463,1568,2220,,
0,15,7,0,,,,,,,,
0,15,7,0,,,,,,,,
0,15,8,0,,,,,,,,
0,15,8,0,,,,,,,,
55,15,8,2,1221,2166,1350,363,1247,2388,,
59,15,9,1,2334,1682,1530,1614,,,3472,
0,15,9,0,,,,,,,,
0,15,9,0,,,,,,,,
0,15,10,0,,,,,,,,
0,15,10,0,,,,,,,,
57,15,10,2,1732,2075,1620,571,2897,1378,,
65,15,11,1,2265,1656,2849,1374,,2373,,
0,15,11,0,,,,,,,,
0,15,11,0,,,,,,,,
0,15,12,0,,,,,,,,
26,15,12,2,868,8290,2838,2617,896,179,,
0,15,12,0,,,,,,,,
30,15,13,1,817,5148,1521,1863,1447,4439,,
0,15,13,0,,,,,,,,
0,15,13,0,,,,,,,,
0,15,14,0,,,,,,,,
53,15,14,2,2645,1646,2344,1715,1761,1035,,
0,15,14,0,,,,,,,,
43,15,15,1,890,1605,217,3211,2456,2174,,
0,15,15,0,,,,,,,,
0,15,15,0,,,,,,,,
0,15,16,0,,,,,,,,
18,15,16,2,2740,2657,3043,5421,1060,1286,,
0,15,16,0,,,,,,,,
8,15,17,1,2183,3272,2740,2279,1091,2258,,
0,15,17,0,,,,,,,,
0,15,17,0,,,,,,,,
0,15,18,0,,,,,,,,
37,15,18,2,808,2692,1975,3462,2900,1634,,
0,15,18,0,,,,,,,,
27,15,19,1,1023,1188,4025,1848,4310,1045,,
0,15,19,0,,,,,,,,
0,15,19,0,,,,,,,,
0,15,20,0,,,,,,,,
49,15,20,2,5437,1561,3720,1448,1068,1560,,
0,15,20,0,,,,,,,,
17,15,21,1,1331,3651,2093,2217,1174,1071,,
0,15,21,0,,,,,,,,
0,15,21,0,,,,,,,,
0,15,22,0,,,,,,,,
54,15,22,2,2832,1543,3184,1662,1220,572,,
0,15,22,0,,,,,,,,
22,15,23,1,2037,2407,1527,2338,1872,2400,,
0,15,23,0,,,,,,,,
0,15,23,0,,,,,,,,
0,15,24,0,,,,,,,,
7,15,24,2,2677,1944,2499,2341,188,4141,,
0,15,24,0,,,,,,,,
12,15,25,1,3437,3382,2974,2824,911,1459,,
0,15,25,0,,,,,,,,
0,15,25,0,,,,,,,,
0,15,26,0,,,,,,,,
36,15,26,2,3306,2142,1390,2321,1778,3005,,
0,15,26,0,,,,,,,,
9,15,27,1,3279,2993,2053,2614,238,2877,,
0,15,27,0,,,,,,,,
0,15,27,0,,,,,,,,
0,15,28,0,,,,,,,,
20,15,28,2,629,2187,5143,2290,1807,4202,,
0,15,28,0,,,,,,,,
19,15,29,1,212,6258,1731,701,3345,137,1676,
0,15,29,0,,,,,,,,
0,15,29,0,,,,,,,,
0,15,30,0,,,,,,,,
33,15,30,2,3953,1566,2409,4314,845,3931,,
0,15,30,0,,,,,,,,
62,15,31,1,1424,3118,2461,2608,1384,1156,,
0,15,31,0,,,,,,,,
0,15,31,0,,,,,,,,
0,15,32,0,,,,,,,,
25,15,32,2,2696,2433,1554,1201,486,1589,,
0,15,32,0,,,,,,,,
6,16,1,1,3532,7544,2515,2623,,4005,,
0,16,1,0,,,,,,,,
0,16,1,0,,,,,,,,
0,16,2,0,,,,,,,,
0,16,2,0,,,,,,,,
42,16,2,2,3453,2316,1617,1834,3984,1794,,
63,16,3,1,2069,1748,1191,2713,,7567,,
0,16,3,0,,,,,,,,
0,16,3,0,,,,,,,,
0,16,4,0,,,,,,,,
0,16,4,0,,,,,,,,
12,16,4,2,1826,3417,6123,1465,2243,2533,,
48,16,5,1,2582,2302,1375,3911,1173,1901,,
0,16,5,0,,,,,,,,
0,16,5,0,,,,,,,,
0,16,6,0,,,,,,,,
0,16,6,0,,,,,,,,
59,16,6,2,1955,4055,2713,1358,1685,1425,,
22,16,7,1,1989,2188,1353,2728,1434,2940,,
0,16,7,0,,,,,,,,
0,16,7,0,,,,,,,,
0,16,8,0,,,,,,,,
0,16,8,0,,,,,,,,
47,16,8,2,1039,2418,856,748,986,5471,,
35,16,9,1,1591,2304,1941,1859,179,7174,,
0,16,9,0,,,,,,,,
0,16,9,0,,,,,,,,
0,16,10,0,,,,,,,,
0,16,10,0,,,,,,,,
16,16,10,2,1952,1321,3588,1052,2189,4757,,
14,16,11,1,1277,3312,1428,635,1788,3255,,
0,16,11,0,,,,,,,,
0,16,11,0,,,,,,,,
0,16,12,0,,,,,,,,
39,16,12,2,1511,2068,2690,3060,,7473,,
0,16,12,0,,,,,,,,
15,16,13,1,2200,1749,1887,2154,2074,4071,,
0,16,13,0,,,,,,,,
0,16,13,0,,,,,,,,
0,16,14,0,,,,,,,,
25,16,14,2,1271,1063,2368,2331,2890,5050,,
0,16,14,0,,,,,,,,
53,16,15,1,1219,917,1689,,638,8190,,
0,16,15,0,,,,,,,,
0,16,15,0,,,,,,,,
0,16,16,0,,,,,,,,
65,16,16,2,2703,2395,2395,889,4217,,,
0,16,16,0,,,,,,,,
27,16,17,1,1536,3191,2137,997,1207,5824,,
0,16,17,0,,,,,,,,
0,16,17,0,,,,,,,,
0,16,18,0,,,,,,,,
26,16,18,2,1009,2769,5225,1957,5010,2935,,
0,16,18,0,,,,,,,,
24,16,19,1,2076,2487,1986,2574,2721,2321,,
0,16,19,0,,,,,,,,
0,16,19,0,,,,,,,,
0,16,20,0,,,,,,,,
34,16,20,2,2232,2625,2260,1844,1073,2514,,
0,16,20,0,,,,,,,,
33,16,21,1,2644,2801,1828,1815,3191,2746,,
0,16,21,0,,,,,,,,
0,16,21,0,,,,,,,,
0,16,22,0,,,,,,,,
37,16,22,2,1655,2371,3171,1508,1637,1509,,
0,16,22,0,,,,,,,,
31,16,23,1,2024,1515,1326,1821,1245,8205,,
0,16,23,0,,,,,,,,
0,16,23,0,,,,,,,,
0,16,24,0,,,,,,,,
55,16,24,2,,3133,1218,936,,,,
0,16,24,0,,,,,,,,
20,16,25,1,1954,2314,1862,2180,1536,2342,,
0,16,25,0,,,,,,,,
0,16,25,0,,,,,,,,
0,16,26,0,,,,,,,,
58,16,26,2,2646,1036,2396,2380,1560,3337,,
0,16,26,0,,,,,,,,
32,16,27,1,2786,1711,1297,1276,2056,3496,,
0,16,27,0,,,,,,,,
0,16,27,0,,,,,,,,
0,16,28,0,,,,,,,,
51,16,28,2,2444,1270,3181,1321,1815,5175,,
0,16,28,0,,,,,,,,
21,16,29,1,4226,2167,2193,2257,2284,2329,,
0,16,29,0,,,,,,,,
0,16,29,0,,,,,,,,
0,16,30,0,,,,,,,,
62,16,30,2,2757,2334,2386,5788,5730,3152,,
0,16,30,0,,,,,,,,
66,16,31,1,1610,2135,2637,1321,1158,4403,,
0,16,31,0,,,,,,,,
0,16,31,0,,,,,,,,
0,16,32,0,,,,,,,,
18,16,32,2,1921,5176,1204,2272,1550,1665,,
0,16,32,0,,,,,,,,
