seq,subj,item,cond,R1,R2,R3,R4,R5,R6,R7,R8
26,1,1,1,761,,,,1003,,,
0,1,1,0,,,,,,,,
0,1,1,0,,,,,,,,
0,1,2,0,,,,,,,,
0,1,2,0,,,,,,,,
49,1,2,2,868,,,202,149,,,
23,1,3,1,371,,422,,1280,,,
0,1,3,0,,,,,,,,
0,1,3,0,,,,,,,,
0,1,4,0,,,,,,,,
0,1,4,0,,,,,,,,
13,1,4,2,538,103,,,1471,,,
21,1,5,1,,,,,,,,
0,1,5,0,,,,,,,,
0,1,5,0,,,,,,,,
0,1,6,0,,,,,,,,
0,1,6,0,,,,,,,,
11,1,6,2,,,128,,1108,2380,,
66,1,7,1,432,,1042,,,,,
0,1,7,0,,,,,,,,
0,1,7,0,,,,,,,,
0,1,8,0,,,,,,,,
0,1,8,0,,,,,,,,
36,1,8,2,635,1638,145,1114,1440,1203,,
17,1,9,1,,,160,584,835,,,
0,1,9,0,,,,,,,,
0,1,9,0,,,,,,,,
0,1,10,0,,,,,,,,
0,1,10,0,,,,,,,,
5,1,10,2,,,318,676,2237,,,
16,1,11,1,,,,1020,889,,,
0,1,11,0,,,,,,,,
0,1,11,0,,,,,,,,
0,1,12,0,,,,,,,,
29,1,12,2,248,339,,570,1494,,,
0,1,12,0,,,,,,,,
30,1,13,1,1297,1004,362,371,1624,,,
0,1,13,0,,,,,,,,
0,1,13,0,,,,,,,,
0,1,14,0,,,,,,,,
15,1,14,2,2575,1000,1707,,227,,,
0,1,14,0,,,,,,,,
19,1,15,1,347,125,178,,486,,,
0,1,15,0,,,,,,,,
0,1,15,0,,,,,,,,
0,1,16,0,,,,,,,,
38,1,16,2,1111,130,,,270,,,
0,1,16,0,,,,,,,,
32,1,17,1,1098,,,,165,,,
0,1,17,0,,,,,,,,
0,1,17,0,,,,,,,,
0,1,18,0,,,,,,,,
28,1,18,2,,272,409,209,324,,,
0,1,18,0,,,,,,,,
53,1,19,1,159,298,2492,,,,,
0,1,19,0,,,,,,,,
0,1,19,0,,,,,,,,
0,1,20,0,,,,,,,,
8,1,20,2,,374,163,406,1124,,,
0,1,20,0,,,,,,,,
39,1,21,1,,1544,918,1935,,,,
0,1,21,0,,,,,,,,
0,1,21,0,,,,,,,,
0,1,22,0,,,,,,,,
44,1,22,2,,,,,,,,
0,1,22,0,,,,,,,,
51,1,23,1,,245,631,,669,,,
0,1,23,0,,,,,,,,
0,1,23,0,,,,,,,,
0,1,24,0,,,,,,,,
31,1,24,2,1411,400,,1566,1739,,,
0,1,24,0,,,,,,,,
62,1,25,1,785,,,358,663,,,
0,1,25,0,,,,,,,,
0,1,25,0,,,,,,,,
0,1,26,0,,,,,,,,
40,1,26,2,,523,121,1976,190,,,
0,1,26,0,,,,,,,,
61,1,27,1,,,1308,2505,850,,,
0,1,27,0,,,,,,,,
0,1,27,0,,,,,,,,
0,1,28,0,,,,,,,,
48,1,28,2,1621,,108,160,1336,,,
0,1,28,0,,,,,,,,
10,1,29,1,322,,,1976,947,,,
0,1,29,0,,,,,,,,
0,1,29,0,,,,,,,,
0,1,30,0,,,,,,,,
33,1,30,2,,237,269,,241,,,
0,1,30,0,,,,,,,,
56,1,31,1,358,,,,676,,,
0,1,31,0,,,,,,,,
0,1,31,0,,,,,,,,
0,1,32,0,,,,,,,,
52,1,32,2,,1329,,220,191,,,
0,1,32,0,,,,,,,,
22,2,1,1,,873,317,,1813,,,
0,2,1,0,,,,,,,,
0,2,1,0,,,,,,,,
0,2,2,0,,,,,,,,
0,2,2,0,,,,,,,,
43,2,2,2,,,,,2433,,,
12,2,3,1,,1417,,136,1802,2028,,
0,2,3,0,,,,,,,,
0,2,3,0,,,,,,,,
0,2,4,0,,,,,,,,
0,2,4,0,,,,,,,,
38,2,4,2,193,1494,317,,1361,,,
25,2,5,1,614,142,,,,,,
0,2,5,0,,,,,,,,
0,2,5,0,,,,,,,,
0,2,6,0,,,,,,,,
0,2,6,0,,,,,,,,
55,2,6,2,,122,,,,1057,,
50,2,7,1,,,,296,,,,
0,2,7,0,,,,,,,,
0,2,7,0,,,,,,,,
0,2,8,0,,,,,,,,
0,2,8,0,,,,,,,,
64,2,8,2,882,167,,,,,,
18,2,9,1,,,,,1424,,,
0,2,9,0,,,,,,,,
0,2,9,0,,,,,,,,
0,2,10,0,,,,,,,,
0,2,10,0,,,,,,,,
31,2,10,2,591,133,,,,,,
45,2,11,1,348,261,219,,1869,,,
0,2,11,0,,,,,,,,
0,2,11,0,,,,,,,,
0,2,12,0,,,,,,,,
49,2,12,2,,,,,1587,,,
0,2,12,0,,,,,,,,
8,2,13,1,161,147,326,,2157,,,
0,2,13,0,,,,,,,,
0,2,13,0,,,,,,,,
0,2,14,0,,,,,,,,
15,2,14,2,1635,,,,,,,
0,2,14,0,,,,,,,,
53,2,15,1,508,1074,,,,,,
0,2,15,0,,,,,,,,
0,2,15,0,,,,,,,,
0,2,16,0,,,,,,,,
28,2,16,2,,106,,,,,,
0,2,16,0,,,,,,,,
39,2,17,1,,,182,,,,,
0,2,17,0,,,,,,,,
0,2,17,0,,,,,,,,
0,2,18,0,,,,,,,,
61,2,18,2,,1424,,,,,,
0,2,18,0,,,,,,,,
5,2,19,1,3733,2489,596,,,,,
0,2,19,0,,,,,,,,
0,2,19,0,,,,,,,,
0,2,20,0,,,,,,,,
48,2,20,2,127,,,,,,,
0,2,20,0,,,,,,,,
9,2,21,1,1307,150,268,,144,,,
0,2,21,0,,,,,,,,
0,2,21,0,,,,,,,,
0,2,22,0,,,,,,,,
44,2,22,2,112,,,,471,,,
0,2,22,0,,,,,,,,
32,2,23,1,227,,,,,,,
0,2,23,0,,,,,,,,
0,2,23,0,,,,,,,,
0,2,24,0,,,,,,,,
16,2,24,2,935,99,,,1851,,,
0,2,24,0,,,,,,,,
14,2,25,1,,2102,,,1426,,,
0,2,25,0,,,,,,,,
0,2,25,0,,,,,,,,
0,2,26,0,,,,,,,,
10,2,26,2,634,,,,,,,
0,2,26,0,,,,,,,,
56,2,27,1,588,648,778,,943,,,
0,2,27,0,,,,,,,,
0,2,27,0,,,,,,,,
0,2,28,0,,,,,,,,
20,2,28,2,,1963,618,251,,,,
0,2,28,0,,,,,,,,
52,2,29,1,,,,,,,,
0,2,29,0,,,,,,,,
0,2,29,0,,,,,,,,
0,2,30,0,,,,,,,,
40,2,30,2,95,,,640,,,,
0,2,30,0,,,,,,,,
30,2,31,1,123,,605,,,,,
0,2,31,0,,,,,,,,
0,2,31,0,,,,,,,,
0,2,32,0,,,,,,,,
33,2,32,2,181,,,,,,,
0,2,32,0,,,,,,,,
43,3,1,1,970,,768,,616,865,,
0,3,1,0,,,,,,,,
0,3,1,0,,,,,,,,
0,3,2,0,,,,,,,,
0,3,2,0,,,,,,,,
45,3,2,2,719,2282,1652,1497,,1379,,
14,3,3,1,404,,158,616,418,,,
0,3,3,0,,,,,,,,
0,3,3,0,,,,,,,,
0,3,4,0,,,,,,,,
0,3,4,0,,,,,,,,
33,3,4,2,1333,2175,808,753,655,2787,,
54,3,5,1,129,1335,300,151,,,,
0,3,5,0,,,,,,,,
0,3,5,0,,,,,,,,
0,3,6,0,,,,,,,,
0,3,6,0,,,,,,,,
49,3,6,2,,137,502,318,,1500,145,
19,3,7,1,887,778,1797,674,1111,,,
0,3,7,0,,,,,,,,
0,3,7,0,,,,,,,,
0,3,8,0,,,,,,,,
0,3,8,0,,,,,,,,
38,3,8,2,,82,3625,474,,1966,,
65,3,9,1,176,2178,421,,126,1924,,
0,3,9,0,,,,,,,,
0,3,9,0,,,,,,,,
0,3,10,0,,,,,,,,
0,3,10,0,,,,,,,,
56,3,10,2,85,2078,347,128,,1682,,
64,3,11,1,1486,2498,2403,,,1568,,
0,3,11,0,,,,,,,,
0,3,11,0,,,,,,,,
0,3,12,0,,,,,,,,
8,3,12,2,1415,2093,2212,1082,1289,1120,416,
0,3,12,0,,,,,,,,
31,3,13,1,1083,,1586,,297,1794,413,
0,3,13,0,,,,,,,,
0,3,13,0,,,,,,,,
0,3,14,0,,,,,,,,
62,3,14,2,349,1238,1117,248,168,2070,,
0,3,14,0,,,,,,,,
6,3,15,1,635,,251,171,675,,,
0,3,15,0,,,,,,,,
0,3,15,0,,,,,,,,
0,3,16,0,,,,,,,,
36,3,16,2,1446,452,1106,1089,403,,,
0,3,16,0,,,,,,,,
48,3,17,1,,132,,,,,,
0,3,17,0,,,,,,,,
0,3,17,0,,,,,,,,
0,3,18,0,,,,,,,,
7,3,18,2,128,588,,351,1109,,,
0,3,18,0,,,,,,,,
67,3,19,1,,190,625,841,,,,
0,3,19,0,,,,,,,,
0,3,19,0,,,,,,,,
0,3,20,0,,,,,,,,
58,3,20,2,,1206,127,493,,,,
0,3,20,0,,,,,,,,
23,3,21,1,,,,,972,,,
0,3,21,0,,,,,,,,
0,3,21,0,,,,,,,,
0,3,22,0,,,,,,,,
63,3,22,2,,1081,122,192,,2321,,
0,3,22,0,,,,,,,,
17,3,23,1,2931,,1577,186,314,,,
0,3,23,0,,,,,,,,
0,3,23,0,,,,,,,,
0,3,24,0,,,,,,,,
30,3,24,2,,676,895,428,215,1820,,
0,3,24,0,,,,,,,,
59,3,25,1,466,1102,868,,421,,,
0,3,25,0,,,,,,,,
0,3,25,0,,,,,,,,
0,3,26,0,,,,,,,,
47,3,26,2,1559,,160,,,,,
0,3,26,0,,,,,,,,
42,3,27,1,150,243,305,345,226,2858,,
0,3,27,0,,,,,,,,
0,3,27,0,,,,,,,,
0,3,28,0,,,,,,,,
35,3,28,2,320,963,1171,2395,1120,4310,,
0,3,28,0,,,,,,,,
12,3,29,1,897,574,5155,1126,,1453,,
0,3,29,0,,,,,,,,
0,3,29,0,,,,,,,,
0,3,30,0,,,,,,,,
25,3,30,2,162,548,,,1303,,,
0,3,30,0,,,,,,,,
16,3,31,1,2451,1873,,259,355,,,
0,3,31,0,,,,,,,,
0,3,31,0,,,,,,,,
0,3,32,0,,,,,,,,
18,3,32,2,397,158,498,440,641,1227,,
0,3,32,0,,,,,,,,
47,4,1,1,2659,,,1307,1775,,,
0,4,1,0,,,,,,,,
0,4,1,0,,,,,,,,
0,4,2,0,,,,,,,,
0,4,2,0,,,,,,,,
54,4,2,2,1934,655,129,,1662,,,
56,4,3,1,743,,984,,692,,,
0,4,3,0,,,,,,,,
0,4,3,0,,,,,,,,
0,4,4,0,,,,,,,,
0,4,4,0,,,,,,,,
27,4,4,2,718,1677,,,1438,,,
13,4,5,1,658,136,1144,251,190,,,
0,4,5,0,,,,,,,,
0,4,5,0,,,,,,,,
0,4,6,0,,,,,,,,
0,4,6,0,,,,,,,,
64,4,6,2,244,1549,,2130,1258,1441,,
31,4,7,1,1253,350,493,,375,,,
0,4,7,0,,,,,,,,
0,4,7,0,,,,,,,,
0,4,8,0,,,,,,,,
0,4,8,0,,,,,,,,
40,4,8,2,1091,976,347,169,103,408,,
44,4,9,1,595,,,458,1048,,,
0,4,9,0,,,,,,,,
0,4,9,0,,,,,,,,
0,4,10,0,,,,,,,,
0,4,10,0,,,,,,,,
58,4,10,2,,133,477,631,1138,,,
15,4,11,1,585,1536,,603,1188,,,
0,4,11,0,,,,,,,,
0,4,11,0,,,,,,,,
0,4,12,0,,,,,,,,
36,4,12,2,1295,2981,,623,1386,,,
0,4,12,0,,,,,,,,
7,4,13,1,138,494,107,,1609,,,
0,4,13,0,,,,,,,,
0,4,13,0,,,,,,,,
0,4,14,0,,,,,,,,
49,4,14,2,573,999,,990,604,,,
0,4,14,0,,,,,,,,
37,4,15,1,215,,,,,719,,
0,4,15,0,,,,,,,,
0,4,15,0,,,,,,,,
0,4,16,0,,,,,,,,
35,4,16,2,1419,840,211,,781,,,
0,4,16,0,,,,,,,,
30,4,17,1,1186,1206,,,1234,,,
0,4,17,0,,,,,,,,
0,4,17,0,,,,,,,,
0,4,18,0,,,,,,,,
52,4,18,2,524,1176,1002,1646,378,,,
0,4,18,0,,,,,,,,
46,4,19,1,165,2452,1943,2285,617,,,
0,4,19,0,,,,,,,,
0,4,19,0,,,,,,,,
0,4,20,0,,,,,,,,
50,4,20,2,,,2520,585,1124,,,
0,4,20,0,,,,,,,,
53,4,21,1,1856,593,1121,,,,,
0,4,21,0,,,,,,,,
0,4,21,0,,,,,,,,
0,4,22,0,,,,,,,,
5,4,22,2,,,,252,1877,,,
0,4,22,0,,,,,,,,
33,4,23,1,1685,1349,4002,,,,,
0,4,23,0,,,,,,,,
0,4,23,0,,,,,,,,
0,4,24,0,,,,,,,,
62,4,24,2,716,1415,1497,,890,,,
0,4,24,0,,,,,,,,
6,4,25,1,1657,,144,,1463,,,
0,4,25,0,,,,,,,,
0,4,25,0,,,,,,,,
0,4,26,0,,,,,,,,
18,4,26,2,563,933,2540,1490,161,,,
0,4,26,0,,,,,,,,
17,4,27,1,,,252,,1328,,,
0,4,27,0,,,,,,,,
0,4,27,0,,,,,,,,
0,4,28,0,,,,,,,,
42,4,28,2,1865,2526,1424,2063,2005,,,
0,4,28,0,,,,,,,,
43,4,29,1,1433,485,,,,,,
0,4,29,0,,,,,,,,
0,4,29,0,,,,,,,,
0,4,30,0,,,,,,,,
16,4,30,2,1202,1870,119,1444,,,,
0,4,30,0,,,,,,,,
29,4,31,1,4720,,,,190,,,
0,4,31,0,,,,,,,,
0,4,31,0,,,,,,,,
0,4,32,0,,,,,,,,
63,4,32,2,840,1527,764,664,541,,,
0,4,32,0,,,,,,,,
67,5,1,1,,,,,633,,,
0,5,1,0,,,,,,,,
0,5,1,0,,,,,,,,
0,5,2,0,,,,,,,,
0,5,2,0,,,,,,,,
35,5,2,2,,267,,198,,,,
60,5,3,1,,,,,,,,
0,5,3,0,,,,,,,,
0,5,3,0,,,,,,,,
0,5,4,0,,,,,,,,
0,5,4,0,,,,,,,,
6,5,4,2,345,513,467,,2304,,,
52,5,5,1,,,,,,,,
0,5,5,0,,,,,,,,
0,5,5,0,,,,,,,,
0,5,6,0,,,,,,,,
0,5,6,0,,,,,,,,
43,5,6,2,,,,,,,,
17,5,7,1,,,426,329,,,,
0,5,7,0,,,,,,,,
0,5,7,0,,,,,,,,
0,5,8,0,,,,,,,,
0,5,8,0,,,,,,,,
9,5,8,2,,106,1008,398,263,,,
64,5,9,1,283,194,,,,,,
0,5,9,0,,,,,,,,
0,5,9,0,,,,,,,,
0,5,10,0,,,,,,,,
0,5,10,0,,,,,,,,
26,5,10,2,,,,,,,,
14,5,11,1,2231,88,,,1093,,,
0,5,11,0,,,,,,,,
0,5,11,0,,,,,,,,
0,5,12,0,,,,,,,,
42,5,12,2,1751,,,,907,,,
0,5,12,0,,,,,,,,
57,5,13,1,,,,,,,,
0,5,13,0,,,,,,,,
0,5,13,0,,,,,,,,
0,5,14,0,,,,,,,,
66,5,14,2,,,411,1256,,,,
0,5,14,0,,,,,,,,
19,5,15,1,1931,,350,285,525,101,,
0,5,15,0,,,,,,,,
0,5,15,0,,,,,,,,
0,5,16,0,,,,,,,,
39,5,16,2,,340,,129,,,,
0,5,16,0,,,,,,,,
45,5,17,1,281,1119,,,737,,,
0,5,17,0,,,,,,,,
0,5,17,0,,,,,,,,
0,5,18,0,,,,,,,,
62,5,18,2,,,,,,,,
0,5,18,0,,,,,,,,
38,5,19,1,,224,,,137,,,
0,5,19,0,,,,,,,,
0,5,19,0,,,,,,,,
0,5,20,0,,,,,,,,
33,5,20,2,,,,,431,,,
0,5,20,0,,,,,,,,
59,5,21,1,,,,,,,,
0,5,21,0,,,,,,,,
0,5,21,0,,,,,,,,
0,5,22,0,,,,,,,,
25,5,22,2,383,,,250,94,,,
0,5,22,0,,,,,,,,
50,5,23,1,455,,,,90,,,
0,5,23,0,,,,,,,,
0,5,23,0,,,,,,,,
0,5,24,0,,,,,,,,
11,5,24,2,4439,3253,2849,213,771,,,
0,5,24,0,,,,,,,,
51,5,25,1,198,,,,,,,
0,5,25,0,,,,,,,,
0,5,25,0,,,,,,,,
0,5,26,0,,,,,,,,
41,5,26,2,,,,,,,,
0,5,26,0,,,,,,,,
48,5,27,1,,114,1016,97,1516,,,
0,5,27,0,,,,,,,,
0,5,27,0,,,,,,,,
0,5,28,0,,,,,,,,
34,5,28,2,,,,,,,,
0,5,28,0,,,,,,,,
56,5,29,1,2216,,,,,,,
0,5,29,0,,,,,,,,
0,5,29,0,,,,,,,,
0,5,30,0,,,,,,,,
49,5,30,2,345,,,,,,,
0,5,30,0,,,,,,,,
20,5,31,1,806,,1292,835,369,,,
0,5,31,0,,,,,,,,
0,5,31,0,,,,,,,,
0,5,32,0,,,,,,,,
28,5,32,2,,,,,159,,,
0,5,32,0,,,,,,,,
44,6,1,1,542,602,375,,1034,,,
0,6,1,0,,,,,,,,
0,6,1,0,,,,,,,,
0,6,2,0,,,,,,,,
0,6,2,0,,,,,,,,
26,6,2,2,881,1613,,,,,,
32,6,3,1,767,904,,,,,,
0,6,3,0,,,,,,,,
0,6,3,0,,,,,,,,
0,6,4,0,,,,,,,,
0,6,4,0,,,,,,,,
34,6,4,2,857,121,,306,,,,
25,6,5,1,164,101,,547,223,,,
0,6,5,0,,,,,,,,
0,6,5,0,,,,,,,,
0,6,6,0,,,,,,,,
0,6,6,0,,,,,,,,
51,6,6,2,242,,849,624,656,,,
18,6,7,1,742,703,1102,934,260,,,
0,6,7,0,,,,,,,,
0,6,7,0,,,,,,,,
0,6,8,0,,,,,,,,
0,6,8,0,,,,,,,,
55,6,8,2,,,603,1118,157,,,
6,6,9,1,895,1412,1534,736,2959,,,
0,6,9,0,,,,,,,,
0,6,9,0,,,,,,,,
0,6,10,0,,,,,,,,
0,6,10,0,,,,,,,,
64,6,10,2,,1565,1812,158,186,,,
14,6,11,1,,353,438,279,1920,,,
0,6,11,0,,,,,,,,
0,6,11,0,,,,,,,,
0,6,12,0,,,,,,,,
19,6,12,2,2976,8754,3534,1599,474,,,
0,6,12,0,,,,,,,,
41,6,13,1,224,541,,,481,,,
0,6,13,0,,,,,,,,
0,6,13,0,,,,,,,,
0,6,14,0,,,,,,,,
11,6,14,2,2531,1281,3169,1214,729,,,
0,6,14,0,,,,,,,,
56,6,15,1,741,1330,1016,237,,,,
0,6,15,0,,,,,,,,
0,6,15,0,,,,,,,,
0,6,16,0,,,,,,,,
60,6,16,2,708,800,644,,,,,
0,6,16,0,,,,,,,,
7,6,17,1,437,1190,,,,,,
0,6,17,0,,,,,,,,
0,6,17,0,,,,,,,,
0,6,18,0,,,,,,,,
5,6,18,2,471,,,132,374,,,
0,6,18,0,,,,,,,,
31,6,19,1,1113,1128,,629,,,,
0,6,19,0,,,,,,,,
0,6,19,0,,,,,,,,
0,6,20,0,,,,,,,,
12,6,20,2,1335,2935,,,,,,
0,6,20,0,,,,,,,,
42,6,21,1,674,888,619,734,425,,,
0,6,21,0,,,,,,,,
0,6,21,0,,,,,,,,
0,6,22,0,,,,,,,,
30,6,22,2,275,570,677,138,750,,,
0,6,22,0,,,,,,,,
39,6,23,1,2546,697,,,,,,
0,6,23,0,,,,,,,,
0,6,23,0,,,,,,,,
0,6,24,0,,,,,,,,
36,6,24,2,365,630,,,738,,,
0,6,24,0,,,,,,,,
53,6,25,1,1425,1094,,315,,,,
0,6,25,0,,,,,,,,
0,6,25,0,,,,,,,,
0,6,26,0,,,,,,,,
66,6,26,2,705,337,,,,,,
0,6,26,0,,,,,,,,
16,6,27,1,,692,519,1797,1160,,,
0,6,27,0,,,,,,,,
0,6,27,0,,,,,,,,
0,6,28,0,,,,,,,,
40,6,28,2,2063,1219,2020,3265,1873,1363,,
0,6,28,0,,,,,,,,
43,6,29,1,322,1208,587,837,144,,,
0,6,29,0,,,,,,,,
0,6,29,0,,,,,,,,
0,6,30,0,,,,,,,,
15,6,30,2,664,1554,1824,,85,,,
0,6,30,0,,,,,,,,
28,6,31,1,795,1061,842,452,321,,,
0,6,31,0,,,,,,,,
0,6,31,0,,,,,,,,
0,6,32,0,,,,,,,,
24,6,32,2,422,876,1130,244,,,,
0,6,32,0,,,,,,,,
59,7,1,1,1177,1008,,,1023,,,
0,7,1,0,,,,,,,,
0,7,1,0,,,,,,,,
0,7,2,0,,,,,,,,
0,7,2,0,,,,,,,,
53,7,2,2,618,672,,,,,,
62,7,3,1,621,170,,303,,,,
0,7,3,0,,,,,,,,
0,7,3,0,,,,,,,,
0,7,4,0,,,,,,,,
0,7,4,0,,,,,,,,
10,7,4,2,413,978,1078,1189,678,,,
57,7,5,1,760,158,,,,,,
0,7,5,0,,,,,,,,
0,7,5,0,,,,,,,,
0,7,6,0,,,,,,,,
0,7,6,0,,,,,,,,
17,7,6,2,1879,197,334,,611,,,
21,7,7,1,709,,,,439,,,
0,7,7,0,,,,,,,,
0,7,7,0,,,,,,,,
0,7,8,0,,,,,,,,
0,7,8,0,,,,,,,,
32,7,8,2,,1571,,144,147,2378,,
12,7,9,1,1142,2474,918,458,1407,,,
0,7,9,0,,,,,,,,
0,7,9,0,,,,,,,,
0,7,10,0,,,,,,,,
0,7,10,0,,,,,,,,
55,7,10,2,464,160,,,,,,
34,7,11,1,979,655,290,488,560,,,
0,7,11,0,,,,,,,,
0,7,11,0,,,,,,,,
0,7,12,0,,,,,,,,
47,7,12,2,443,743,823,,1164,,,
0,7,12,0,,,,,,,,
68,7,13,1,,738,330,649,833,978,,
0,7,13,0,,,,,,,,
0,7,13,0,,,,,,,,
0,7,14,0,,,,,,,,
28,7,14,2,,1366,586,579,1349,,,
0,7,14,0,,,,,,,,
66,7,15,1,,,147,597,148,401,,
0,7,15,0,,,,,,,,
0,7,15,0,,,,,,,,
0,7,16,0,,,,,,,,
16,7,16,2,2990,569,,,656,,,
0,7,16,0,,,,,,,,
27,7,17,1,,1400,867,,279,,,
0,7,17,0,,,,,,,,
0,7,17,0,,,,,,,,
0,7,18,0,,,,,,,,
25,7,18,2,1317,752,133,,1258,,,
0,7,18,0,,,,,,,,
31,7,19,1,990,,929,,394,,,
0,7,19,0,,,,,,,,
0,7,19,0,,,,,,,,
0,7,20,0,,,,,,,,
9,7,20,2,297,2186,2486,238,1420,,,
0,7,20,0,,,,,,,,
40,7,21,1,337,154,1172,262,332,,,
0,7,21,0,,,,,,,,
0,7,21,0,,,,,,,,
0,7,22,0,,,,,,,,
30,7,22,2,302,954,742,298,341,,,
0,7,22,0,,,,,,,,
36,7,23,1,1982,,815,770,193,,,
0,7,23,0,,,,,,,,
0,7,23,0,,,,,,,,
0,7,24,0,,,,,,,,
35,7,24,2,298,908,314,216,599,,,
0,7,24,0,,,,,,,,
52,7,25,1,,1360,,,,,,
0,7,25,0,,,,,,,,
0,7,25,0,,,,,,,,
0,7,26,0,,,,,,,,
23,7,26,2,1614,924,1160,445,631,,,
0,7,26,0,,,,,,,,
37,7,27,1,493,,,189,2121,,,
0,7,27,0,,,,,,,,
0,7,27,0,,,,,,,,
0,7,28,0,,,,,,,,
5,7,28,2,,239,496,510,1703,,,
0,7,28,0,,,,,,,,
24,7,29,1,963,748,1397,1766,,1879,,
0,7,29,0,,,,,,,,
0,7,29,0,,,,,,,,
0,7,30,0,,,,,,,,
20,7,30,2,415,442,1311,452,,,,
0,7,30,0,,,,,,,,
8,7,31,1,841,270,562,,,,,
0,7,31,0,,,,,,,,
0,7,31,0,,,,,,,,
0,7,32,0,,,,,,,,
29,7,32,2,195,816,760,663,269,,,
0,7,32,0,,,,,,,,
59,8,1,1,460,4865,2835,269,539,1950,231,
0,8,1,0,,,,,,,,
0,8,1,0,,,,,,,,
0,8,2,0,,,,,,,,
0,8,2,0,,,,,,,,
39,8,2,2,143,,,191,1886,893,142,
57,8,3,1,2220,1987,,,,3270,,
0,8,3,0,,,,,,,,
0,8,3,0,,,,,,,,
0,8,4,0,,,,,,,,
0,8,4,0,,,,,,,,
40,8,4,2,535,659,,,1281,,,
43,8,5,1,333,225,1328,1516,694,,,
0,8,5,0,,,,,,,,
0,8,5,0,,,,,,,,
0,8,6,0,,,,,,,,
0,8,6,0,,,,,,,,
48,8,6,2,3837,,,279,,819,,
8,8,7,1,1070,,,,,,,
0,8,7,0,,,,,,,,
0,8,7,0,,,,,,,,
0,8,8,0,,,,,,,,
0,8,8,0,,,,,,,,
24,8,8,2,903,,103,1258,,1871,,
55,8,9,1,1447,1366,,400,239,2028,,
0,8,9,0,,,,,,,,
0,8,9,0,,,,,,,,
0,8,10,0,,,,,,,,
0,8,10,0,,,,,,,,
20,8,10,2,268,94,,215,,,,
16,8,11,1,,558,1247,802,1546,,,
0,8,11,0,,,,,,,,
0,8,11,0,,,,,,,,
0,8,12,0,,,,,,,,
11,8,12,2,3612,,,,,,,
0,8,12,0,,,,,,,,
51,8,13,1,2051,632,,,,2107,617,
0,8,13,0,,,,,,,,
0,8,13,0,,,,,,,,
0,8,14,0,,,,,,,,
58,8,14,2,1323,986,1149,469,749,2591,101,
0,8,14,0,,,,,,,,
56,8,15,1,,,646,878,107,,,
0,8,15,0,,,,,,,,
0,8,15,0,,,,,,,,
0,8,16,0,,,,,,,,
18,8,16,2,,,298,1487,1258,,,
0,8,16,0,,,,,,,,
65,8,17,1,1983,4338,,184,707,,,
0,8,17,0,,,,,,,,
0,8,17,0,,,,,,,,
0,8,18,0,,,,,,,,
13,8,18,2,4870,,2614,,1846,,,
0,8,18,0,,,,,,,,
21,8,19,1,2736,,1129,1187,,,,
0,8,19,0,,,,,,,,
0,8,19,0,,,,,,,,
0,8,20,0,,,,,,,,
5,8,20,2,,,,346,1170,,,
0,8,20,0,,,,,,,,
64,8,21,1,203,778,442,,227,,,
0,8,21,0,,,,,,,,
0,8,21,0,,,,,,,,
0,8,22,0,,,,,,,,
33,8,22,2,1996,,,,1227,,,
0,8,22,0,,,,,,,,
41,8,23,1,,203,,,,,,
0,8,23,0,,,,,,,,
0,8,23,0,,,,,,,,
0,8,24,0,,,,,,,,
26,8,24,2,383,364,,,914,1769,,
0,8,24,0,,,,,,,,
6,8,25,1,,210,128,808,3623,,,
0,8,25,0,,,,,,,,
0,8,25,0,,,,,,,,
0,8,26,0,,,,,,,,
49,8,26,2,2806,1132,1324,1829,1247,,,
0,8,26,0,,,,,,,,
12,8,27,1,5342,,387,259,1340,,,
0,8,27,0,,,,,,,,
0,8,27,0,,,,,,,,
0,8,28,0,,,,,,,,
28,8,28,2,2329,1100,401,1144,1571,,,
0,8,28,0,,,,,,,,
30,8,29,1,,1080,258,372,1247,,,
0,8,29,0,,,,,,,,
0,8,29,0,,,,,,,,
0,8,30,0,,,,,,,,
53,8,30,2,2420,202,1078,,305,,,
0,8,30,0,,,,,,,,
50,8,31,1,1757,115,,,1009,947,,
0,8,31,0,,,,,,,,
0,8,31,0,,,,,,,,
0,8,32,0,,,,,,,,
10,8,32,2,5893,160,,,803,,,
0,8,32,0,,,,,,,,
15,9,1,1,1968,2747,,,1945,,,
0,9,1,0,,,,,,,,
0,9,1,0,,,,,,,,
0,9,2,0,,,,,,,,
0,9,2,0,,,,,,,,
63,9,2,2,250,88,,2534,1821,,,
40,9,3,1,559,1018,,,1479,,,
0,9,3,0,,,,,,,,
0,9,3,0,,,,,,,,
0,9,4,0,,,,,,,,
0,9,4,0,,,,,,,,
24,9,4,2,,,,2504,,766,,
34,9,5,1,1214,,1293,,495,,,
0,9,5,0,,,,,,,,
0,9,5,0,,,,,,,,
0,9,6,0,,,,,,,,
0,9,6,0,,,,,,,,
26,9,6,2,825,1883,3286,2403,1401,,,
7,9,7,1,,,,,,,,
0,9,7,0,,,,,,,,
0,9,7,0,,,,,,,,
0,9,8,0,,,,,,,,
0,9,8,0,,,,,,,,
43,9,8,2,,,,,221,3930,,
60,9,9,1,1414,1688,,,2292,1532,,
0,9,9,0,,,,,,,,
0,9,9,0,,,,,,,,
0,9,10,0,,,,,,,,
0,9,10,0,,,,,,,,
33,9,10,2,,,1115,746,951,,,
31,9,11,1,1139,1737,2137,,1172,,,
0,9,11,0,,,,,,,,
0,9,11,0,,,,,,,,
0,9,12,0,,,,,,,,
21,9,12,2,1121,,2058,401,1585,,,
0,9,12,0,,,,,,,,
64,9,13,1,1023,,,2924,1825,,,
0,9,13,0,,,,,,,,
0,9,13,0,,,,,,,,
0,9,14,0,,,,,,,,
66,9,14,2,365,1222,,114,2624,1791,,
0,9,14,0,,,,,,,,
61,9,15,1,,,,,172,,,
0,9,15,0,,,,,,,,
0,9,15,0,,,,,,,,
0,9,16,0,,,,,,,,
53,9,16,2,,1305,,,750,,,
0,9,16,0,,,,,,,,
51,9,17,1,,,,,,,,
0,9,17,0,,,,,,,,
0,9,17,0,,,,,,,,
0,9,18,0,,,,,,,,
9,9,18,2,1007,118,194,501,217,,,
0,9,18,0,,,,,,,,
20,9,19,1,,,,255,507,,,
0,9,19,0,,,,,,,,
0,9,19,0,,,,,,,,
0,9,20,0,,,,,,,,
36,9,20,2,,1695,3054,2067,1468,,,
0,9,20,0,,,,,,,,
14,9,21,1,,,,253,,,,
0,9,21,0,,,,,,,,
0,9,21,0,,,,,,,,
0,9,22,0,,,,,,,,
17,9,22,2,,,852,1379,200,,,
0,9,22,0,,,,,,,,
59,9,23,1,731,1245,,,,,,
0,9,23,0,,,,,,,,
0,9,23,0,,,,,,,,
0,9,24,0,,,,,,,,
39,9,24,2,,,904,1168,849,3260,,
0,9,24,0,,,,,,,,
32,9,25,1,356,,243,1581,2290,,,
0,9,25,0,,,,,,,,
0,9,25,0,,,,,,,,
0,9,26,0,,,,,,,,
67,9,26,2,1098,154,1468,,269,,,
0,9,26,0,,,,,,,,
56,9,27,1,,,,703,1374,,,
0,9,27,0,,,,,,,,
0,9,27,0,,,,,,,,
0,9,28,0,,,,,,,,
22,9,28,2,1033,,237,,2951,,,
0,9,28,0,,,,,,,,
46,9,29,1,,,,229,,,,
0,9,29,0,,,,,,,,
0,9,29,0,,,,,,,,
0,9,30,0,,,,,,,,
5,9,30,2,,,,,239,,,
0,9,30,0,,,,,,,,
10,9,31,1,349,,103,193,341,,,
0,9,31,0,,,,,,,,
0,9,31,0,,,,,,,,
0,9,32,0,,,,,,,,
28,9,32,2,,,,,983,,,
0,9,32,0,,,,,,,,
35,10,1,1,,,,,1611,,,
0,10,1,0,,,,,,,,
0,10,1,0,,,,,,,,
0,10,2,0,,,,,,,,
0,10,2,0,,,,,,,,
45,10,2,2,,,,,,,,
30,10,3,1,,,483,,1063,,,
0,10,3,0,,,,,,,,
0,10,3,0,,,,,,,,
0,10,4,0,,,,,,,,
0,10,4,0,,,,,,,,
33,10,4,2,889,1587,,,,,,
21,10,5,1,,,,,,,,
0,10,5,0,,,,,,,,
0,10,5,0,,,,,,,,
0,10,6,0,,,,,,,,
0,10,6,0,,,,,,,,
50,10,6,2,,,192,,,,,
58,10,7,1,,,,,,,,
0,10,7,0,,,,,,,,
0,10,7,0,,,,,,,,
0,10,8,0,,,,,,,,
0,10,8,0,,,,,,,,
47,10,8,2,,,,,,,,
65,10,9,1,,,,,1027,,,
0,10,9,0,,,,,,,,
0,10,9,0,,,,,,,,
0,10,10,0,,,,,,,,
0,10,10,0,,,,,,,,
8,10,10,2,1648,,,,,,,
29,10,11,1,1380,534,,899,1861,,,
0,10,11,0,,,,,,,,
0,10,11,0,,,,,,,,
0,10,12,0,,,,,,,,
39,10,12,2,,,,,1650,,,
0,10,12,0,,,,,,,,
55,10,13,1,,,,,,,,
0,10,13,0,,,,,,,,
0,10,13,0,,,,,,,,
0,10,14,0,,,,,,,,
17,10,14,2,1231,601,1771,1047,668,,,
0,10,14,0,,,,,,,,
61,10,15,1,,379,,,,,,
0,10,15,0,,,,,,,,
0,10,15,0,,,,,,,,
0,10,16,0,,,,,,,,
57,10,16,2,,,,,,,,
0,10,16,0,,,,,,,,
64,10,17,1,,,,,1813,,,
0,10,17,0,,,,,,,,
0,10,17,0,,,,,,,,
0,10,18,0,,,,,,,,
32,10,18,2,,,,,,,,
0,10,18,0,,,,,,,,
14,10,19,1,570,,,,,,,
0,10,19,0,,,,,,,,
0,10,19,0,,,,,,,,
0,10,20,0,,,,,,,,
12,10,20,2,1507,,,,,,,
0,10,20,0,,,,,,,,
49,10,21,1,,335,391,,,,,
0,10,21,0,,,,,,,,
0,10,21,0,,,,,,,,
0,10,22,0,,,,,,,,
25,10,22,2,,,,,,,,
0,10,22,0,,,,,,,,
40,10,23,1,269,1095,,,,,,
0,10,23,0,,,,,,,,
0,10,23,0,,,,,,,,
0,10,24,0,,,,,,,,
26,10,24,2,,,,423,1181,,,
0,10,24,0,,,,,,,,
44,10,25,1,,,,,,,,
0,10,25,0,,,,,,,,
0,10,25,0,,,,,,,,
0,10,26,0,,,,,,,,
54,10,26,2,219,995,317,,318,,,
0,10,26,0,,,,,,,,
53,10,27,1,,122,,,1168,,,
0,10,27,0,,,,,,,,
0,10,27,0,,,,,,,,
0,10,28,0,,,,,,,,
60,10,28,2,,,188,,,,,
0,10,28,0,,,,,,,,
5,10,29,1,,264,,182,,,,
0,10,29,0,,,,,,,,
0,10,29,0,,,,,,,,
0,10,30,0,,,,,,,,
52,10,30,2,,,,,,,,
0,10,30,0,,,,,,,,
6,10,31,1,942,2159,,,,,,
0,10,31,0,,,,,,,,
0,10,31,0,,,,,,,,
0,10,32,0,,,,,,,,
23,10,32,2,,,,,,,,
0,10,32,0,,,,,,,,
10,11,1,1,404,253,,129,1546,,,
0,11,1,0,,,,,,,,
0,11,1,0,,,,,,,,
0,11,2,0,,,,,,,,
0,11,2,0,,,,,,,,
22,11,2,2,423,777,801,372,,,,
57,11,3,1,589,,,113,,,,
0,11,3,0,,,,,,,,
0,11,3,0,,,,,,,,
0,11,4,0,,,,,,,,
0,11,4,0,,,,,,,,
61,11,4,2,123,,,405,506,,,
46,11,5,1,372,942,526,,81,,,
0,11,5,0,,,,,,,,
0,11,5,0,,,,,,,,
0,11,6,0,,,,,,,,
0,11,6,0,,,,,,,,
64,11,6,2,,,451,,477,,,
17,11,7,1,369,304,,246,,,,
0,11,7,0,,,,,,,,
0,11,7,0,,,,,,,,
0,11,8,0,,,,,,,,
0,11,8,0,,,,,,,,
6,11,8,2,91,343,,,159,,,
29,11,9,1,93,438,,,1957,,,
0,11,9,0,,,,,,,,
0,11,9,0,,,,,,,,
0,11,10,0,,,,,,,,
0,11,10,0,,,,,,,,
44,11,10,2,,459,406,257,,,,
24,11,11,1,583,,,,1623,,,
0,11,11,0,,,,,,,,
0,11,11,0,,,,,,,,
0,11,12,0,,,,,,,,
26,11,12,2,321,158,,,193,,,
0,11,12,0,,,,,,,,
51,11,13,1,418,,115,,589,,,
0,11,13,0,,,,,,,,
0,11,13,0,,,,,,,,
0,11,14,0,,,,,,,,
52,11,14,2,461,,850,,,,,
0,11,14,0,,,,,,,,
34,11,15,1,,109,803,,,131,,
0,11,15,0,,,,,,,,
0,11,15,0,,,,,,,,
0,11,16,0,,,,,,,,
33,11,16,2,,223,808,1192,,,,
0,11,16,0,,,,,,,,
20,11,17,1,503,646,,,178,,,
0,11,17,0,,,,,,,,
0,11,17,0,,,,,,,,
0,11,18,0,,,,,,,,
12,11,18,2,124,,1179,,,,,
0,11,18,0,,,,,,,,
21,11,19,1,,,,,,,,
0,11,19,0,,,,,,,,
0,11,19,0,,,,,,,,
0,11,20,0,,,,,,,,
67,11,20,2,427,138,,,510,,,
0,11,20,0,,,,,,,,
32,11,21,1,,,545,149,,,,
0,11,21,0,,,,,,,,
0,11,21,0,,,,,,,,
0,11,22,0,,,,,,,,
13,11,22,2,,1117,,,121,,,
0,11,22,0,,,,,,,,
54,11,23,1,521,96,331,,,,,
0,11,23,0,,,,,,,,
0,11,23,0,,,,,,,,
0,11,24,0,,,,,,,,
25,11,24,2,497,436,,460,1294,,,
0,11,24,0,,,,,,,,
39,11,25,1,387,584,169,,,,,
0,11,25,0,,,,,,,,
0,11,25,0,,,,,,,,
0,11,26,0,,,,,,,,
55,11,26,2,,,238,,187,,,
0,11,26,0,,,,,,,,
50,11,27,1,,,,,1127,,,
0,11,27,0,,,,,,,,
0,11,27,0,,,,,,,,
0,11,28,0,,,,,,,,
48,11,28,2,608,151,585,276,,,,
0,11,28,0,,,,,,,,
40,11,29,1,1563,,,248,,,,
0,11,29,0,,,,,,,,
0,11,29,0,,,,,,,,
0,11,30,0,,,,,,,,
31,11,30,2,1053,302,,319,,,,
0,11,30,0,,,,,,,,
53,11,31,1,501,505,347,161,,,,
0,11,31,0,,,,,,,,
0,11,31,0,,,,,,,,
0,11,32,0,,,,,,,,
35,11,32,2,,909,691,627,,,,
0,11,32,0,,,,,,,,
5,12,1,1,1427,381,,,2199,,,
0,12,1,0,,,,,,,,
0,12,1,0,,,,,,,,
0,12,2,0,,,,,,,,
0,12,2,0,,,,,,,,
46,12,2,2,493,,,,,,,
55,12,3,1,,,,,,,,
0,12,3,0,,,,,,,,
0,12,3,0,,,,,,,,
0,12,4,0,,,,,,,,
0,12,4,0,,,,,,,,
34,12,4,2,,220,,,998,,,
31,12,5,1,484,648,,214,,,,
0,12,5,0,,,,,,,,
0,12,5,0,,,,,,,,
0,12,6,0,,,,,,,,
0,12,6,0,,,,,,,,
61,12,6,2,816,153,,2123,692,,,
17,12,7,1,550,240,385,,158,,,
0,12,7,0,,,,,,,,
0,12,7,0,,,,,,,,
0,12,8,0,,,,,,,,
0,12,8,0,,,,,,,,
38,12,8,2,1250,,,,100,,,
23,12,9,1,240,,,124,1186,,,
0,12,9,0,,,,,,,,
0,12,9,0,,,,,,,,
0,12,10,0,,,,,,,,
0,12,10,0,,,,,,,,
12,12,10,2,332,,285,,197,,,
67,12,11,1,724,741,,,766,,,
0,12,11,0,,,,,,,,
0,12,11,0,,,,,,,,
0,12,12,0,,,,,,,,
11,12,12,2,,,,,2839,,,
0,12,12,0,,,,,,,,
15,12,13,1,1023,,236,1401,3324,,,
0,12,13,0,,,,,,,,
0,12,13,0,,,,,,,,
0,12,14,0,,,,,,,,
41,12,14,2,475,819,,181,538,,,
0,12,14,0,,,,,,,,
26,12,15,1,352,,,,769,346,,
0,12,15,0,,,,,,,,
0,12,15,0,,,,,,,,
0,12,16,0,,,,,,,,
33,12,16,2,,977,,,,,,
0,12,16,0,,,,,,,,
48,12,17,1,126,133,283,,,,,
0,12,17,0,,,,,,,,
0,12,17,0,,,,,,,,
0,12,18,0,,,,,,,,
42,12,18,2,,286,,,,,,
0,12,18,0,,,,,,,,
66,12,19,1,,,,,,,,
0,12,19,0,,,,,,,,
0,12,19,0,,,,,,,,
0,12,20,0,,,,,,,,
22,12,20,2,913,,,,,,,
0,12,20,0,,,,,,,,
58,12,21,1,,,365,,,,,
0,12,21,0,,,,,,,,
0,12,21,0,,,,,,,,
0,12,22,0,,,,,,,,
8,12,22,2,912,1257,1167,,,,,
0,12,22,0,,,,,,,,
57,12,23,1,,,305,,,,,
0,12,23,0,,,,,,,,
0,12,23,0,,,,,,,,
0,12,24,0,,,,,,,,
21,12,24,2,,,,,1927,,,
0,12,24,0,,,,,,,,
14,12,25,1,767,294,,121,1253,,,
0,12,25,0,,,,,,,,
0,12,25,0,,,,,,,,
0,12,26,0,,,,,,,,
19,12,26,2,1625,1019,,,541,,,
0,12,26,0,,,,,,,,
30,12,27,1,,1128,,,1551,,,
0,12,27,0,,,,,,,,
0,12,27,0,,,,,,,,
0,12,28,0,,,,,,,,
10,12,28,2,731,863,151,,,,,
0,12,28,0,,,,,,,,
9,12,29,1,1146,732,575,1426,,,,
0,12,29,0,,,,,,,,
0,12,29,0,,,,,,,,
0,12,30,0,,,,,,,,
63,12,30,2,485,,,,,,,
0,12,30,0,,,,,,,,
49,12,31,1,,323,965,,,,,
0,12,31,0,,,,,,,,
0,12,31,0,,,,,,,,
0,12,32,0,,,,,,,,
45,12,32,2,494,1164,,,,,,
0,12,32,0,,,,,,,,
27,13,1,1,,,,,1439,,,
0,13,1,0,,,,,,,,
0,13,1,0,,,,,,,,
0,13,2,0,,,,,,,,
0,13,2,0,,,,,,,,
44,13,2,2,,2033,2906,1959,1796,,,
58,13,3,1,388,654,,1184,1886,,,
0,13,3,0,,,,,,,,
0,13,3,0,,,,,,,,
0,13,4,0,,,,,,,,
0,13,4,0,,,,,,,,
52,13,4,2,,,,872,,,,
10,13,5,1,2051,1193,830,,1031,,,
0,13,5,0,,,,,,,,
0,13,5,0,,,,,,,,
0,13,6,0,,,,,,,,
0,13,6,0,,,,,,,,
14,13,6,2,1142,,,,,,,
41,13,7,1,,,95,,,,,
0,13,7,0,,,,,,,,
0,13,7,0,,,,,,,,
0,13,8,0,,,,,,,,
0,13,8,0,,,,,,,,
12,13,8,2,1889,545,120,,,,,
21,13,9,1,,1020,,,1247,,,
0,13,9,0,,,,,,,,
0,13,9,0,,,,,,,,
0,13,10,0,,,,,,,,
0,13,10,0,,,,,,,,
56,13,10,2,,,,,,,,
7,13,11,1,170,1759,,937,646,,,
0,13,11,0,,,,,,,,
0,13,11,0,,,,,,,,
0,13,12,0,,,,,,,,
8,13,12,2,473,1013,1295,,659,,,
0,13,12,0,,,,,,,,
54,13,13,1,2642,,,188,914,,,
0,13,13,0,,,,,,,,
0,13,13,0,,,,,,,,
0,13,14,0,,,,,,,,
15,13,14,2,526,500,,902,,,,
0,13,14,0,,,,,,,,
30,13,15,1,,,337,1528,,,,
0,13,15,0,,,,,,,,
0,13,15,0,,,,,,,,
0,13,16,0,,,,,,,,
28,13,16,2,168,,173,,,,,
0,13,16,0,,,,,,,,
20,13,17,1,1241,1895,148,,,,,
0,13,17,0,,,,,,,,
0,13,17,0,,,,,,,,
0,13,18,0,,,,,,,,
47,13,18,2,,,,,142,,,
0,13,18,0,,,,,,,,
38,13,19,1,1366,459,177,,198,,,
0,13,19,0,,,,,,,,
0,13,19,0,,,,,,,,
0,13,20,0,,,,,,,,
66,13,20,2,,,,,,,,
0,13,20,0,,,,,,,,
50,13,21,1,,,217,,141,,,
0,13,21,0,,,,,,,,
0,13,21,0,,,,,,,,
0,13,22,0,,,,,,,,
32,13,22,2,,,,,419,,,
0,13,22,0,,,,,,,,
45,13,23,1,1985,,,,,,,
0,13,23,0,,,,,,,,
0,13,23,0,,,,,,,,
0,13,24,0,,,,,,,,
49,13,24,2,183,,,108,949,,,
0,13,24,0,,,,,,,,
65,13,25,1,,,,1504,,,,
0,13,25,0,,,,,,,,
0,13,25,0,,,,,,,,
0,13,26,0,,,,,,,,
23,13,26,2,,,,,,,,
0,13,26,0,,,,,,,,
60,13,27,1,,,,,1344,,,
0,13,27,0,,,,,,,,
0,13,27,0,,,,,,,,
0,13,28,0,,,,,,,,
33,13,28,2,,,,,,,,
0,13,28,0,,,,,,,,
48,13,29,1,,,,,,,,
0,13,29,0,,,,,,,,
0,13,29,0,,,,,,,,
0,13,30,0,,,,,,,,
37,13,30,2,,196,85,,,,,
0,13,30,0,,,,,,,,
42,13,31,1,,,216,,,,,
0,13,31,0,,,,,,,,
0,13,31,0,,,,,,,,
0,13,32,0,,,,,,,,
17,13,32,2,,92,,,,,,
0,13,32,0,,,,,,,,
22,14,1,1,,456,677,,1321,,,
0,14,1,0,,,,,,,,
0,14,1,0,,,,,,,,
0,14,2,0,,,,,,,,
0,14,2,0,,,,,,,,
8,14,2,2,964,1123,1074,,,,,
57,14,3,1,225,234,,,,,,
0,14,3,0,,,,,,,,
0,14,3,0,,,,,,,,
0,14,4,0,,,,,,,,
0,14,4,0,,,,,,,,
13,14,4,2,1734,232,538,585,,,,
44,14,5,1,912,899,,,,,,
0,14,5,0,,,,,,,,
0,14,5,0,,,,,,,,
0,14,6,0,,,,,,,,
0,14,6,0,,,,,,,,
18,14,6,2,410,114,203,135,,,,
24,14,7,1,1136,110,432,534,153,,,
0,14,7,0,,,,,,,,
0,14,7,0,,,,,,,,
0,14,8,0,,,,,,,,
0,14,8,0,,,,,,,,
39,14,8,2,130,257,,,273,,,
5,14,9,1,330,378,322,483,1282,,,
0,14,9,0,,,,,,,,
0,14,9,0,,,,,,,,
0,14,10,0,,,,,,,,
0,14,10,0,,,,,,,,
15,14,10,2,473,1227,582,,,,,
32,14,11,1,,,84,,906,,,
0,14,11,0,,,,,,,,
0,14,11,0,,,,,,,,
0,14,12,0,,,,,,,,
46,14,12,2,760,189,,412,192,,,
0,14,12,0,,,,,,,,
49,14,13,1,278,,219,,438,,,
0,14,13,0,,,,,,,,
0,14,13,0,,,,,,,,
0,14,14,0,,,,,,,,
65,14,14,2,194,,249,,590,,,
0,14,14,0,,,,,,,,
17,14,15,1,,790,,,,350,,
0,14,15,0,,,,,,,,
0,14,15,0,,,,,,,,
0,14,16,0,,,,,,,,
43,14,16,2,,,520,,337,,,
0,14,16,0,,,,,,,,
26,14,17,1,,,,121,1393,,,
0,14,17,0,,,,,,,,
0,14,17,0,,,,,,,,
0,14,18,0,,,,,,,,
41,14,18,2,,,,,,,,
0,14,18,0,,,,,,,,
12,14,19,1,1220,,,,,,,
0,14,19,0,,,,,,,,
0,14,19,0,,,,,,,,
0,14,20,0,,,,,,,,
53,14,20,2,,415,,,,,,
0,14,20,0,,,,,,,,
61,14,21,1,,,180,,1137,,,
0,14,21,0,,,,,,,,
0,14,21,0,,,,,,,,
0,14,22,0,,,,,,,,
66,14,22,2,166,1220,,,584,,,
0,14,22,0,,,,,,,,
67,14,23,1,1645,101,,,155,,,
0,14,23,0,,,,,,,,
0,14,23,0,,,,,,,,
0,14,24,0,,,,,,,,
55,14,24,2,,,,275,563,,,
0,14,24,0,,,,,,,,
52,14,25,1,,,,,,,,
0,14,25,0,,,,,,,,
0,14,25,0,,,,,,,,
0,14,26,0,,,,,,,,
28,14,26,2,,183,754,694,,,,
0,14,26,0,,,,,,,,
60,14,27,1,,,,789,558,,,
0,14,27,0,,,,,,,,
0,14,27,0,,,,,,,,
0,14,28,0,,,,,,,,
10,14,28,2,396,1184,367,154,1282,,,
0,14,28,0,,,,,,,,
54,14,29,1,2419,1242,,,1121,,,
0,14,29,0,,,,,,,,
0,14,29,0,,,,,,,,
0,14,30,0,,,,,,,,
20,14,30,2,,454,,,,,,
0,14,30,0,,,,,,,,
36,14,31,1,,928,,,,,,
0,14,31,0,,,,,,,,
0,14,31,0,,,,,,,,
0,14,32,0,,,,,,,,
21,14,32,2,823,2047,641,522,,,,
0,14,32,0,,,,,,,,
63,15,1,1,,,,,,,,
0,15,1,0,,,,,,,,
0,15,1,0,,,,,,,,
0,15,2,0,,,,,,,,
0,15,2,0,,,,,,,,
23,15,2,2,,,,,,,,
41,15,3,1,,,,,,,,
0,15,3,0,,,,,,,,
0,15,3,0,,,,,,,,
0,15,4,0,,,,,,,,
0,15,4,0,,,,,,,,
45,15,4,2,,567,109,,,,,
39,15,5,1,,,,,,,,
0,15,5,0,,,,,,,,
0,15,5,0,,,,,,,,
0,15,6,0,,,,,,,,
0,15,6,0,,,,,,,,
10,15,6,2,,,,,,1255,,
5,15,7,1,,,,,,,,
0,15,7,0,,,,,,,,
0,15,7,0,,,,,,,,
0,15,8,0,,,,,,,,
0,15,8,0,,,,,,,,
55,15,8,2,,,,,,,,
59,15,9,1,,,,,897,,,
0,15,9,0,,,,,,,,
0,15,9,0,,,,,,,,
0,15,10,0,,,,,,,,
0,15,10,0,,,,,,,,
57,15,10,2,121,246,,,,,,
65,15,11,1,,,,,968,,,
0,15,11,0,,,,,,,,
0,15,11,0,,,,,,,,
0,15,12,0,,,,,,,,
26,15,12,2,198,,,971,1348,,,
0,15,12,0,,,,,,,,
30,15,13,1,,,,,,,,
0,15,13,0,,,,,,,,
0,15,13,0,,,,,,,,
0,15,14,0,,,,,,,,
53,15,14,2,,,,,,,,
0,15,14,0,,,,,,,,
43,15,15,1,,,154,,,,,
0,15,15,0,,,,,,,,
0,15,15,0,,,,,,,,
0,15,16,0,,,,,,,,
18,15,16,2,,,,,,,,
0,15,16,0,,,,,,,,
8,15,17,1,,,,,,,,
0,15,17,0,,,,,,,,
0,15,17,0,,,,,,,,
0,15,18,0,,,,,,,,
37,15,18,2,,,778,,,,,
0,15,18,0,,,,,,,,
27,15,19,1,,186,,,,,,
0,15,19,0,,,,,,,,
0,15,19,0,,,,,,,,
0,15,20,0,,,,,,,,
49,15,20,2,,,,,,,,
0,15,20,0,,,,,,,,
17,15,21,1,,,,,,,,
0,15,21,0,,,,,,,,
0,15,21,0,,,,,,,,
0,15,22,0,,,,,,,,
54,15,22,2,,337,,,,,,
0,15,22,0,,,,,,,,
22,15,23,1,,,,,,,,
0,15,23,0,,,,,,,,
0,15,23,0,,,,,,,,
0,15,24,0,,,,,,,,
7,15,24,2,,,,,1124,,,
0,15,24,0,,,,,,,,
12,15,25,1,959,503,,,114,,,
0,15,25,0,,,,,,,,
0,15,25,0,,,,,,,,
0,15,26,0,,,,,,,,
36,15,26,2,417,,,,,,,
0,15,26,0,,,,,,,,
9,15,27,1,,,,895,1541,,,
0,15,27,0,,,,,,,,
0,15,27,0,,,,,,,,
0,15,28,0,,,,,,,,
20,15,28,2,,,1454,,1197,,,
0,15,28,0,,,,,,,,
19,15,29,1,,,,,,,,
0,15,29,0,,,,,,,,
0,15,29,0,,,,,,,,
0,15,30,0,,,,,,,,
33,15,30,2,,,,,,,,
0,15,30,0,,,,,,,,
62,15,31,1,,,,,,,,
0,15,31,0,,,,,,,,
0,15,31,0,,,,,,,,
0,15,32,0,,,,,,,,
25,15,32,2,,,,,,,,
0,15,32,0,,,,,,,,
59,16,1,1,1846,,,,334,,,
0,16,1,0,,,,,,,,
0,16,1,0,,,,,,,,
0,16,2,0,,,,,,,,
0,16,2,0,,,,,,,,
19,16,2,2,,,84,,,,,
33,16,3,1,1232,124,,,1777,,,
0,16,3,0,,,,,,,,
0,16,3,0,,,,,,,,
0,16,4,0,,,,,,,,
0,16,4,0,,,,,,,,
24,16,4,2,,750,202,,,,,
5,16,5,1,,,,,,,,
0,16,5,0,,,,,,,,
0,16,5,0,,,,,,,,
0,16,6,0,,,,,,,,
0,16,6,0,,,,,,,,
31,16,6,2,270,802,,1287,,,,
41,16,7,1,237,,,,940,,,
0,16,7,0,,,,,,,,
0,16,7,0,,,,,,,,
0,16,8,0,,,,,,,,
0,16,8,0,,,,,,,,
47,16,8,2,317,,,146,183,,,
49,16,9,1,,,,,1260,,,
0,16,9,0,,,,,,,,
0,16,9,0,,,,,,,,
0,16,10,0,,,,,,,,
0,16,10,0,,,,,,,,
37,16,10,2,,276,,182,,,,
15,16,11,1,,,89,,857,,,
0,16,11,0,,,,,,,,
0,16,11,0,,,,,,,,
0,16,12,0,,,,,,,,
36,16,12,2,,489,264,212,2789,,,
0,16,12,0,,,,,,,,
26,16,13,1,2113,193,,,1923,,,
0,16,13,0,,,,,,,,
0,16,13,0,,,,,,,,
0,16,14,0,,,,,,,,
14,16,14,2,,,,,420,,,
0,16,14,0,,,,,,,,
45,16,15,1,324,133,,609,702,496,,
0,16,15,0,,,,,,,,
0,16,15,0,,,,,,,,
0,16,16,0,,,,,,,,
7,16,16,2,273,,,203,,,,
0,16,16,0,,,,,,,,
18,16,17,1,407,,,,,,,
0,16,17,0,,,,,,,,
0,16,17,0,,,,,,,,
0,16,18,0,,,,,,,,
46,16,18,2,,516,,,,,,
0,16,18,0,,,,,,,,
13,16,19,1,,,,,,,,
0,16,19,0,,,,,,,,
0,16,19,0,,,,,,,,
0,16,20,0,,,,,,,,
23,16,20,2,,,108,,,,,
0,16,20,0,,,,,,,,
27,16,21,1,,180,187,,107,,,
0,16,21,0,,,,,,,,
0,16,21,0,,,,,,,,
0,16,22,0,,,,,,,,
30,16,22,2,185,117,,,,,,
0,16,22,0,,,,,,,,
28,16,23,1,,,,,,,,
0,16,23,0,,,,,,,,
0,16,23,0,,,,,,,,
0,16,24,0,,,,,,,,
40,16,24,2,,426,,,1059,,,
0,16,24,0,,,,,,,,
43,16,25,1,,,,129,970,,,
0,16,25,0,,,,,,,,
0,16,25,0,,,,,,,,
0,16,26,0,,,,,,,,
53,16,26,2,129,,,,,,,
0,16,26,0,,,,,,,,
8,16,27,1,,,,455,1490,,,
0,16,27,0,,,,,,,,
0,16,27,0,,,,,,,,
0,16,28,0,,,,,,,,
44,16,28,2,118,183,,,,,,
0,16,28,0,,,,,,,,
16,16,29,1,,,,,,,,
0,16,29,0,,,,,,,,
0,16,29,0,,,,,,,,
0,16,30,0,,,,,,,,
12,16,30,2,,,,,91,,,
0,16,30,0,,,,,,,,
17,16,31,1,,248,,,,,,
0,16,31,0,,,,,,,,
0,16,31,0,,,,,,,,
0,16,32,0,,,,,,,,
35,16,32,2,1678,,,,,,,
0,16,32,0,,,,,,,,
63,17,1,1,,,,,,,,
0,17,1,0,,,,,,,,
0,17,1,0,,,,,,,,
0,17,2,0,,,,,,,,
0,17,2,0,,,,,,,,
10,17,2,2,732,,,,,,,
56,17,3,1,1008,,,,,,,
0,17,3,0,,,,,,,,
0,17,3,0,,,,,,,,
0,17,4,0,,,,,,,,
0,17,4,0,,,,,,,,
26,17,4,2,217,,,,166,,,
44,17,5,1,,196,225,,,,,
0,17,5,0,,,,,,,,
0,17,5,0,,,,,,,,
0,17,6,0,,,,,,,,
0,17,6,0,,,,,,,,
27,17,6,2,,230,765,202,,,,
22,17,7,1,267,297,328,,340,,,
0,17,7,0,,,,,,,,
0,17,7,0,,,,,,,,
0,17,8,0,,,,,,,,
0,17,8,0,,,,,,,,
60,17,8,2,,,,,350,1887,,
18,17,9,1,,,,,585,,,
0,17,9,0,,,,,,,,
0,17,9,0,,,,,,,,
0,17,10,0,,,,,,,,
0,17,10,0,,,,,,,,
17,17,10,2,,,,,571,,,
36,17,11,1,1601,275,,,743,,,
0,17,11,0,,,,,,,,
0,17,11,0,,,,,,,,
0,17,12,0,,,,,,,,
42,17,12,2,,,,,,,,
0,17,12,0,,,,,,,,
57,17,13,1,,,,,,,,
0,17,13,0,,,,,,,,
0,17,13,0,,,,,,,,
0,17,14,0,,,,,,,,
20,17,14,2,,,354,,,,,
0,17,14,0,,,,,,,,
16,17,15,1,95,,307,285,271,,,
0,17,15,0,,,,,,,,
0,17,15,0,,,,,,,,
0,17,16,0,,,,,,,,
15,17,16,2,178,,148,,,,,
0,17,16,0,,,,,,,,
6,17,17,1,,,189,,,,,
0,17,17,0,,,,,,,,
0,17,17,0,,,,,,,,
0,17,18,0,,,,,,,,
37,17,18,2,,,,,,,,
0,17,18,0,,,,,,,,
48,17,19,1,,,,,,,,
0,17,19,0,,,,,,,,
0,17,19,0,,,,,,,,
0,17,20,0,,,,,,,,
23,17,20,2,565,,,,169,,,
0,17,20,0,,,,,,,,
43,17,21,1,,,,,,,,
0,17,21,0,,,,,,,,
0,17,21,0,,,,,,,,
0,17,22,0,,,,,,,,
13,17,22,2,,457,1823,,,,,
0,17,22,0,,,,,,,,
12,17,23,1,,,195,,,,,
0,17,23,0,,,,,,,,
0,17,23,0,,,,,,,,
0,17,24,0,,,,,,,,
25,17,24,2,,,,,659,,,
0,17,24,0,,,,,,,,
59,17,25,1,,,,,852,,,
0,17,25,0,,,,,,,,
0,17,25,0,,,,,,,,
0,17,26,0,,,,,,,,
29,17,26,2,,,,,,,,
0,17,26,0,,,,,,,,
41,17,27,1,772,124,,,1257,,,
0,17,27,0,,,,,,,,
0,17,27,0,,,,,,,,
0,17,28,0,,,,,,,,
33,17,28,2,1021,,,,192,,,
0,17,28,0,,,,,,,,
39,17,29,1,,,,183,,,,
0,17,29,0,,,,,,,,
0,17,29,0,,,,,,,,
0,17,30,0,,,,,,,,
55,17,30,2,,,,,605,,,
0,17,30,0,,,,,,,,
31,17,31,1,,,,,,,,
0,17,31,0,,,,,,,,
0,17,31,0,,,,,,,,
0,17,32,0,,,,,,,,
14,17,32,2,,169,175,,,,,
0,17,32,0,,,,,,,,
6,18,1,1,2722,152,,374,1094,,,
0,18,1,0,,,,,,,,
0,18,1,0,,,,,,,,
0,18,2,0,,,,,,,,
0,18,2,0,,,,,,,,
42,18,2,2,,,,524,,,,
63,18,3,1,,,,1970,2336,,,
0,18,3,0,,,,,,,,
0,18,3,0,,,,,,,,
0,18,4,0,,,,,,,,
0,18,4,0,,,,,,,,
12,18,4,2,821,2595,566,,,,,
48,18,5,1,1012,,254,320,340,,,
0,18,5,0,,,,,,,,
0,18,5,0,,,,,,,,
0,18,6,0,,,,,,,,
0,18,6,0,,,,,,,,
59,18,6,2,1386,373,,,,,,
22,18,7,1,,,112,706,354,,,
0,18,7,0,,,,,,,,
0,18,7,0,,,,,,,,
0,18,8,0,,,,,,,,
0,18,8,0,,,,,,,,
47,18,8,2,,121,,2182,1086,,,
35,18,9,1,679,,2364,435,1932,,,
0,18,9,0,,,,,,,,
0,18,9,0,,,,,,,,
0,18,10,0,,,,,,,,
0,18,10,0,,,,,,,,
16,18,10,2,659,2180,215,704,450,,,
14,18,11,1,852,,151,609,1863,,,
0,18,11,0,,,,,,,,
0,18,11,0,,,,,,,,
0,18,12,0,,,,,,,,
39,18,12,2,747,1268,730,1337,2214,,,
0,18,12,0,,,,,,,,
15,18,13,1,111,1314,,314,265,,,
0,18,13,0,,,,,,,,
0,18,13,0,,,,,,,,
0,18,14,0,,,,,,,,
25,18,14,2,986,1140,834,522,,,,
0,18,14,0,,,,,,,,
53,18,15,1,,635,2253,2876,2596,811,,
0,18,15,0,,,,,,,,
0,18,15,0,,,,,,,,
0,18,16,0,,,,,,,,
65,18,16,2,282,,814,2988,,,,
0,18,16,0,,,,,,,,
27,18,17,1,435,,,,2616,,,
0,18,17,0,,,,,,,,
0,18,17,0,,,,,,,,
0,18,18,0,,,,,,,,
26,18,18,2,645,1800,1744,762,,,,
0,18,18,0,,,,,,,,
24,18,19,1,,,911,,,,,
0,18,19,0,,,,,,,,
0,18,19,0,,,,,,,,
0,18,20,0,,,,,,,,
34,18,20,2,,,270,,,,,
0,18,20,0,,,,,,,,
33,18,21,1,,,237,,,,,
0,18,21,0,,,,,,,,
0,18,21,0,,,,,,,,
0,18,22,0,,,,,,,,
37,18,22,2,,696,331,157,,,,
0,18,22,0,,,,,,,,
31,18,23,1,1118,1911,2193,,,,,
0,18,23,0,,,,,,,,
0,18,23,0,,,,,,,,
0,18,24,0,,,,,,,,
55,18,24,2,1966,315,1058,2785,,,,
0,18,24,0,,,,,,,,
20,18,25,1,,,780,,,,,
0,18,25,0,,,,,,,,
0,18,25,0,,,,,,,,
0,18,26,0,,,,,,,,
58,18,26,2,505,677,832,320,,,,
0,18,26,0,,,,,,,,
32,18,27,1,489,,190,,,,,
0,18,27,0,,,,,,,,
0,18,27,0,,,,,,,,
0,18,28,0,,,,,,,,
51,18,28,2,,184,,129,318,,,
0,18,28,0,,,,,,,,
21,18,29,1,,,,324,,,,
0,18,29,0,,,,,,,,
0,18,29,0,,,,,,,,
0,18,30,0,,,,,,,,
62,18,30,2,2472,1309,2058,543,,,,
0,18,30,0,,,,,,,,
66,18,31,1,,819,560,165,,,,
0,18,31,0,,,,,,,,
0,18,31,0,,,,,,,,
0,18,32,0,,,,,,,,
18,18,32,2,1720,326,800,,730,,,
0,18,32,0,,,,,,,,
25,19,1,1,554,,,,1944,,,
0,19,1,0,,,,,,,,
0,19,1,0,,,,,,,,
0,19,2,0,,,,,,,,
0,19,2,0,,,,,,,,
16,19,2,2,,,,329,2469,,,
39,19,3,1,290,484,141,,1987,,,
0,19,3,0,,,,,,,,
0,19,3,0,,,,,,,,
0,19,4,0,,,,,,,,
0,19,4,0,,,,,,,,
46,19,4,2,2034,744,,,2195,,,
21,19,5,1,,299,676,,,,,
0,19,5,0,,,,,,,,
0,19,5,0,,,,,,,,
0,19,6,0,,,,,,,,
0,19,6,0,,,,,,,,
9,19,6,2,340,364,249,,,1085,,
34,19,7,1,2465,,196,1937,205,,,
0,19,7,0,,,,,,,,
0,19,7,0,,,,,,,,
0,19,8,0,,,,,,,,
0,19,8,0,,,,,,,,
65,19,8,2,1269,,,,820,,,
60,19,9,1,1460,754,238,256,1595,,,
0,19,9,0,,,,,,,,
0,19,9,0,,,,,,,,
0,19,10,0,,,,,,,,
0,19,10,0,,,,,,,,
7,19,10,2,286,970,,1463,,,,
63,19,11,1,87,549,415,1963,1214,,,
0,19,11,0,,,,,,,,
0,19,11,0,,,,,,,,
0,19,12,0,,,,,,,,
13,19,12,2,1466,124,,,1634,,,
0,19,12,0,,,,,,,,
20,19,13,1,314,494,,,1602,,,
0,19,13,0,,,,,,,,
0,19,13,0,,,,,,,,
0,19,14,0,,,,,,,,
32,19,14,2,,,,,,,,
0,19,14,0,,,,,,,,
48,19,15,1,,2209,,733,,587,,
0,19,15,0,,,,,,,,
0,19,15,0,,,,,,,,
0,19,16,0,,,,,,,,
24,19,16,2,1072,256,1915,,,,,
0,19,16,0,,,,,,,,
54,19,17,1,478,471,2116,,108,,,
0,19,17,0,,,,,,,,
0,19,17,0,,,,,,,,
0,19,18,0,,,,,,,,
12,19,18,2,,820,978,689,556,,,
0,19,18,0,,,,,,,,
64,19,19,1,2605,3517,425,,,,,
0,19,19,0,,,,,,,,
0,19,19,0,,,,,,,,
0,19,20,0,,,,,,,,
30,19,20,2,,,,,1338,,,
0,19,20,0,,,,,,,,
37,19,21,1,489,790,,333,641,,,
0,19,21,0,,,,,,,,
0,19,21,0,,,,,,,,
0,19,22,0,,,,,,,,
62,19,22,2,824,421,2705,142,,,,
0,19,22,0,,,,,,,,
43,19,23,1,455,157,,,,,,
0,19,23,0,,,,,,,,
0,19,23,0,,,,,,,,
0,19,24,0,,,,,,,,
29,19,24,2,2931,2796,149,224,1342,,,
0,19,24,0,,,,,,,,
36,19,25,1,1909,291,,,1265,,,
0,19,25,0,,,,,,,,
0,19,25,0,,,,,,,,
0,19,26,0,,,,,,,,
58,19,26,2,,1308,235,,148,,,
0,19,26,0,,,,,,,,
6,19,27,1,971,1020,325,1347,1983,,,
0,19,27,0,,,,,,,,
0,19,27,0,,,,,,,,
0,19,28,0,,,,,,,,
11,19,28,2,445,358,934,2052,659,,,
0,19,28,0,,,,,,,,
38,19,29,1,,267,,595,,,,
0,19,29,0,,,,,,,,
0,19,29,0,,,,,,,,
0,19,30,0,,,,,,,,
27,19,30,2,,,,,,,,
0,19,30,0,,,,,,,,
33,19,31,1,,,,,137,,,
0,19,31,0,,,,,,,,
0,19,31,0,,,,,,,,
0,19,32,0,,,,,,,,
45,19,32,2,405,1207,,,,,,
0,19,32,0,,,,,,,,
40,20,1,1,,,,167,5142,,,
0,20,1,0,,,,,,,,
0,20,1,0,,,,,,,,
0,20,2,0,,,,,,,,
0,20,2,0,,,,,,,,
6,20,2,2,761,307,4176,434,5663,,,
20,20,3,1,,,176,564,2859,,,
0,20,3,0,,,,,,,,
0,20,3,0,,,,,,,,
0,20,4,0,,,,,,,,
0,20,4,0,,,,,,,,
38,20,4,2,5191,383,,,3785,,,
58,20,5,1,,,,180,,,,
0,20,5,0,,,,,,,,
0,20,5,0,,,,,,,,
0,20,6,0,,,,,,,,
0,20,6,0,,,,,,,,
23,20,6,2,,,,,,3201,,
16,20,7,1,156,,,1198,1833,,,
0,20,7,0,,,,,,,,
0,20,7,0,,,,,,,,
0,20,8,0,,,,,,,,
0,20,8,0,,,,,,,,
51,20,8,2,,,,,306,2692,,
32,20,9,1,,628,,302,2618,,,
0,20,9,0,,,,,,,,
0,20,9,0,,,,,,,,
0,20,10,0,,,,,,,,
0,20,10,0,,,,,,,,
47,20,10,2,387,,,,,,,
56,20,11,1,,140,,216,2846,,,
0,20,11,0,,,,,,,,
0,20,11,0,,,,,,,,
0,20,12,0,,,,,,,,
54,20,12,2,125,,,525,2968,,,
0,20,12,0,,,,,,,,
64,20,13,1,,,,,,,,
0,20,13,0,,,,,,,,
0,20,13,0,,,,,,,,
0,20,14,0,,,,,,,,
12,20,14,2,1753,599,,,813,,,
0,20,14,0,,,,,,,,
45,20,15,1,337,588,719,785,399,661,,
0,20,15,0,,,,,,,,
0,20,15,0,,,,,,,,
0,20,16,0,,,,,,,,
67,20,16,2,314,116,,,,,,
0,20,16,0,,,,,,,,
50,20,17,1,,,612,,,,,
0,20,17,0,,,,,,,,
0,20,17,0,,,,,,,,
0,20,18,0,,,,,,,,
5,20,18,2,686,329,364,1034,1376,,,
0,20,18,0,,,,,,,,
34,20,19,1,,263,,,,,,
0,20,19,0,,,,,,,,
0,20,19,0,,,,,,,,
0,20,20,0,,,,,,,,
25,20,20,2,,,402,,3543,,,
0,20,20,0,,,,,,,,
35,20,21,1,,,,685,,,,
0,20,21,0,,,,,,,,
0,20,21,0,,,,,,,,
0,20,22,0,,,,,,,,
37,20,22,2,,,499,186,,,,
0,20,22,0,,,,,,,,
53,20,23,1,381,167,372,,,,,
0,20,23,0,,,,,,,,
0,20,23,0,,,,,,,,
0,20,24,0,,,,,,,,
28,20,24,2,,221,,322,2512,,,
0,20,24,0,,,,,,,,
49,20,25,1,218,134,,,3295,,,
0,20,25,0,,,,,,,,
0,20,25,0,,,,,,,,
0,20,26,0,,,,,,,,
60,20,26,2,,,342,,,,,
0,20,26,0,,,,,,,,
57,20,27,1,346,226,,,3706,,,
0,20,27,0,,,,,,,,
0,20,27,0,,,,,,,,
0,20,28,0,,,,,,,,
19,20,28,2,,,184,681,3537,,,
0,20,28,0,,,,,,,,
61,20,29,1,,,,,,,,
0,20,29,0,,,,,,,,
0,20,29,0,,,,,,,,
0,20,30,0,,,,,,,,
63,20,30,2,,,,,,,,
0,20,30,0,,,,,,,,
36,20,31,1,,,,,,,,
0,20,31,0,,,,,,,,
0,20,31,0,,,,,,,,
0,20,32,0,,,,,,,,
65,20,32,2,,,,143,,,,
0,20,32,0,,,,,,,,
