seq,subj,item,cond,R1,R2,R3,R4,R5,R6,R7,R8
25,1,1,1,3140,804,150,405,2250,,,
0,1,1,0,,,,,,,,
0,1,1,0,,,,,,,,
0,1,2,0,,,,,,,,
0,1,2,0,,,,,,,,
28,1,2,2,452,183,,,,,,
47,1,3,1,380,2243,201,,1257,,,
0,1,3,0,,,,,,,,
0,1,3,0,,,,,,,,
0,1,4,0,,,,,,,,
0,1,4,0,,,,,,,,
30,1,4,2,956,2444,3301,1202,,,,
19,1,5,1,810,3204,1300,,1498,,,
0,1,5,0,,,,,,,,
0,1,5,0,,,,,,,,
0,1,6,0,,,,,,,,
0,1,6,0,,,,,,,,
9,1,6,2,4209,2448,,,172,,,
40,1,7,1,709,1618,1891,956,,,,
0,1,7,0,,,,,,,,
0,1,7,0,,,,,,,,
0,1,8,0,,,,,,,,
0,1,8,0,,,,,,,,
64,1,8,2,158,883,,,,,,
51,1,9,1,,181,,488,978,,,
0,1,9,0,,,,,,,,
0,1,9,0,,,,,,,,
0,1,10,0,,,,,,,,
0,1,10,0,,,,,,,,
12,1,10,2,,170,,,,,,
66,1,11,1,,908,,,1684,,,
0,1,11,0,,,,,,,,
0,1,11,0,,,,,,,,
0,1,12,0,,,,,,,,
45,1,12,2,673,916,501,,1436,,,
0,1,12,0,,,,,,,,
44,1,13,1,1214,823,,429,1936,,,
0,1,13,0,,,,,,,,
0,1,13,0,,,,,,,,
0,1,14,0,,,,,,,,
57,1,14,2,3351,1113,740,164,,,,
0,1,14,0,,,,,,,,
35,1,15,1,287,390,2211,173,368,,,
0,1,15,0,,,,,,,,
0,1,15,0,,,,,,,,
0,1,16,0,,,,,,,,
50,1,16,2,213,4285,,,,,,
0,1,16,0,,,,,,,,
14,1,17,1,2107,3538,3223,,,,,
0,1,17,0,,,,,,,,
0,1,17,0,,,,,,,,
0,1,18,0,,,,,,,,
58,1,18,2,663,133,890,2244,,,,
0,1,18,0,,,,,,,,
67,1,19,1,256,2282,,,,,,
0,1,19,0,,,,,,,,
0,1,19,0,,,,,,,,
0,1,20,0,,,,,,,,
21,1,20,2,1867,5488,1117,1751,,,,
0,1,20,0,,,,,,,,
8,1,21,1,1631,1918,,,,,,
0,1,21,0,,,,,,,,
0,1,21,0,,,,,,,,
0,1,22,0,,,,,,,,
7,1,22,2,404,1027,1927,,,,,
0,1,22,0,,,,,,,,
33,1,23,1,1697,205,222,,,,,
0,1,23,0,,,,,,,,
0,1,23,0,,,,,,,,
0,1,24,0,,,,,,,,
5,1,24,2,2266,2256,2854,1777,1514,,,
0,1,24,0,,,,,,,,
32,1,25,1,380,3649,,,,,,
0,1,25,0,,,,,,,,
0,1,25,0,,,,,,,,
0,1,26,0,,,,,,,,
59,1,26,2,413,1977,172,,,,,
0,1,26,0,,,,,,,,
60,1,27,1,,267,268,,2263,,,
0,1,27,0,,,,,,,,
0,1,27,0,,,,,,,,
0,1,28,0,,,,,,,,
68,1,28,2,,3785,809,220,1452,,,
0,1,28,0,,,,,,,,
15,1,29,1,566,1271,,273,,,,
0,1,29,0,,,,,,,,
0,1,29,0,,,,,,,,
0,1,30,0,,,,,,,,
49,1,30,2,254,786,,,,,,
0,1,30,0,,,,,,,,
18,1,31,1,1269,856,1740,,,,,
0,1,31,0,,,,,,,,
0,1,31,0,,,,,,,,
0,1,32,0,,,,,,,,
63,1,32,2,204,827,1550,,,,,
0,1,32,0,,,,,,,,
33,2,1,1,,126,,,136,,,
0,2,1,0,,,,,,,,
0,2,1,0,,,,,,,,
0,2,2,0,,,,,,,,
0,2,2,0,,,,,,,,
39,2,2,2,,,495,,,,,
19,2,3,1,1795,,82,97,,,,
0,2,3,0,,,,,,,,
0,2,3,0,,,,,,,,
0,2,4,0,,,,,,,,
0,2,4,0,,,,,,,,
25,2,4,2,,,,,,,,
12,2,5,1,148,,,,776,,,
0,2,5,0,,,,,,,,
0,2,5,0,,,,,,,,
0,2,6,0,,,,,,,,
0,2,6,0,,,,,,,,
54,2,6,2,678,,,,,,,
18,2,7,1,144,225,,,,,,
0,2,7,0,,,,,,,,
0,2,7,0,,,,,,,,
0,2,8,0,,,,,,,,
0,2,8,0,,,,,,,,
34,2,8,2,,,,286,572,,,
57,2,9,1,,,,,,,,
0,2,9,0,,,,,,,,
0,2,9,0,,,,,,,,
0,2,10,0,,,,,,,,
0,2,10,0,,,,,,,,
5,2,10,2,350,90,150,225,,748,,
14,2,11,1,,,865,167,454,,,
0,2,11,0,,,,,,,,
0,2,11,0,,,,,,,,
0,2,12,0,,,,,,,,
65,2,12,2,,,,165,,,,
0,2,12,0,,,,,,,,
29,2,13,1,,,,265,,,,
0,2,13,0,,,,,,,,
0,2,13,0,,,,,,,,
0,2,14,0,,,,,,,,
44,2,14,2,185,,252,353,,,,
0,2,14,0,,,,,,,,
21,2,15,1,,,149,,,,,
0,2,15,0,,,,,,,,
0,2,15,0,,,,,,,,
0,2,16,0,,,,,,,,
15,2,16,2,,,1332,165,281,,,
0,2,16,0,,,,,,,,
46,2,17,1,,,,,,,,
0,2,17,0,,,,,,,,
0,2,17,0,,,,,,,,
0,2,18,0,,,,,,,,
27,2,18,2,,,217,,,,,
0,2,18,0,,,,,,,,
53,2,19,1,,,,,,,,
0,2,19,0,,,,,,,,
0,2,19,0,,,,,,,,
0,2,20,0,,,,,,,,
22,2,20,2,,,,,,,,
0,2,20,0,,,,,,,,
37,2,21,1,,,,,,,,
0,2,21,0,,,,,,,,
0,2,21,0,,,,,,,,
0,2,22,0,,,,,,,,
49,2,22,2,310,,,,,,,
0,2,22,0,,,,,,,,
24,2,23,1,,,,,,,,
0,2,23,0,,,,,,,,
0,2,23,0,,,,,,,,
0,2,24,0,,,,,,,,
52,2,24,2,,,,713,249,,,
0,2,24,0,,,,,,,,
62,2,25,1,,,,,,,,
0,2,25,0,,,,,,,,
0,2,25,0,,,,,,,,
0,2,26,0,,,,,,,,
16,2,26,2,,,307,,,,,
0,2,26,0,,,,,,,,
31,2,27,1,,,,,561,,,
0,2,27,0,,,,,,,,
0,2,27,0,,,,,,,,
0,2,28,0,,,,,,,,
50,2,28,2,,,,,,,,
0,2,28,0,,,,,,,,
17,2,29,1,,,324,470,,,,
0,2,29,0,,,,,,,,
0,2,29,0,,,,,,,,
0,2,30,0,,,,,,,,
11,2,30,2,,493,1272,,345,,,
0,2,30,0,,,,,,,,
9,2,31,1,,397,,,,,,
0,2,31,0,,,,,,,,
0,2,31,0,,,,,,,,
0,2,32,0,,,,,,,,
41,2,32,2,480,,,,174,,,
0,2,32,0,,,,,,,,
50,3,1,1,3989,202,,,1921,,,
0,3,1,0,,,,,,,,
0,3,1,0,,,,,,,,
0,3,2,0,,,,,,,,
0,3,2,0,,,,,,,,
12,3,2,2,2325,1833,583,534,2678,,,
58,3,3,1,947,650,883,2231,1501,,,
0,3,3,0,,,,,,,,
0,3,3,0,,,,,,,,
0,3,4,0,,,,,,,,
0,3,4,0,,,,,,,,
6,3,4,2,1489,1217,,378,1647,,,
19,3,5,1,1281,217,,,1219,,,
0,3,5,0,,,,,,,,
0,3,5,0,,,,,,,,
0,3,6,0,,,,,,,,
0,3,6,0,,,,,,,,
62,3,6,2,,414,485,352,202,,,
53,3,7,1,1861,,783,219,,,,
0,3,7,0,,,,,,,,
0,3,7,0,,,,,,,,
0,3,8,0,,,,,,,,
0,3,8,0,,,,,,,,
38,3,8,2,293,,,,1126,473,,
43,3,9,1,924,198,1039,,1713,,,
0,3,9,0,,,,,,,,
0,3,9,0,,,,,,,,
0,3,10,0,,,,,,,,
0,3,10,0,,,,,,,,
44,3,10,2,169,388,840,2890,,,,
11,3,11,1,969,1847,1640,465,1054,,,
0,3,11,0,,,,,,,,
0,3,11,0,,,,,,,,
0,3,12,0,,,,,,,,
49,3,12,2,433,,2380,988,884,984,,
0,3,12,0,,,,,,,,
24,3,13,1,468,623,,429,2279,,,
0,3,13,0,,,,,,,,
0,3,13,0,,,,,,,,
0,3,14,0,,,,,,,,
39,3,14,2,1117,958,591,2963,1796,,,
0,3,14,0,,,,,,,,
30,3,15,1,,508,215,,,1138,,
0,3,15,0,,,,,,,,
0,3,15,0,,,,,,,,
0,3,16,0,,,,,,,,
21,3,16,2,4680,2411,2311,200,228,,,
0,3,16,0,,,,,,,,
68,3,17,1,228,1660,,877,238,,,
0,3,17,0,,,,,,,,
0,3,17,0,,,,,,,,
0,3,18,0,,,,,,,,
35,3,18,2,,,,,157,,,
0,3,18,0,,,,,,,,
9,3,19,1,2426,1172,583,,,,,
0,3,19,0,,,,,,,,
0,3,19,0,,,,,,,,
0,3,20,0,,,,,,,,
47,3,20,2,,3395,3116,2575,1254,,,
0,3,20,0,,,,,,,,
33,3,21,1,,,,,,,,
0,3,21,0,,,,,,,,
0,3,21,0,,,,,,,,
0,3,22,0,,,,,,,,
37,3,22,2,,214,,172,347,,,
0,3,22,0,,,,,,,,
25,3,23,1,2023,,693,112,,,,
0,3,23,0,,,,,,,,
0,3,23,0,,,,,,,,
0,3,24,0,,,,,,,,
36,3,24,2,,,,,913,,,
0,3,24,0,,,,,,,,
5,3,25,1,2051,835,1394,180,1657,,,
0,3,25,0,,,,,,,,
0,3,25,0,,,,,,,,
0,3,26,0,,,,,,,,
56,3,26,2,2125,1244,1562,,,,,
0,3,26,0,,,,,,,,
17,3,27,1,803,651,1658,,1137,,,
0,3,27,0,,,,,,,,
0,3,27,0,,,,,,,,
0,3,28,0,,,,,,,,
8,3,28,2,7118,1986,1919,2103,2940,,,
0,3,28,0,,,,,,,,
10,3,29,1,4784,2588,1844,2190,1691,,,
0,3,29,0,,,,,,,,
0,3,29,0,,,,,,,,
0,3,30,0,,,,,,,,
23,3,30,2,,,224,,147,,,
0,3,30,0,,,,,,,,
51,3,31,1,,1665,2066,217,651,,,
0,3,31,0,,,,,,,,
0,3,31,0,,,,,,,,
0,3,32,0,,,,,,,,
34,3,32,2,1325,,,,1229,,,
0,3,32,0,,,,,,,,
61,4,1,1,,,,,1444,,,
0,4,1,0,,,,,,,,
0,4,1,0,,,,,,,,
0,4,2,0,,,,,,,,
0,4,2,0,,,,,,,,
31,4,2,2,99,843,1306,,,,,
55,4,3,1,,200,,,1272,,,
0,4,3,0,,,,,,,,
0,4,3,0,,,,,,,,
0,4,4,0,,,,,,,,
0,4,4,0,,,,,,,,
16,4,4,2,,1815,,,,,,
12,4,5,1,,,,,,,,
0,4,5,0,,,,,,,,
0,4,5,0,,,,,,,,
0,4,6,0,,,,,,,,
0,4,6,0,,,,,,,,
52,4,6,2,,387,785,678,1310,,,
45,4,7,1,298,626,268,1590,300,,,
0,4,7,0,,,,,,,,
0,4,7,0,,,,,,,,
0,4,8,0,,,,,,,,
0,4,8,0,,,,,,,,
28,4,8,2,139,100,862,,,,,
67,4,9,1,,,,,1199,,,
0,4,9,0,,,,,,,,
0,4,9,0,,,,,,,,
0,4,10,0,,,,,,,,
0,4,10,0,,,,,,,,
18,4,10,2,,1538,417,632,,,,
10,4,11,1,253,675,,,2404,,,
0,4,11,0,,,,,,,,
0,4,11,0,,,,,,,,
0,4,12,0,,,,,,,,
51,4,12,2,779,1361,612,536,1003,1025,,
0,4,12,0,,,,,,,,
57,4,13,1,245,472,1597,309,1644,,,
0,4,13,0,,,,,,,,
0,4,13,0,,,,,,,,
0,4,14,0,,,,,,,,
15,4,14,2,,,,,,,,
0,4,14,0,,,,,,,,
40,4,15,1,454,,,,,129,,
0,4,15,0,,,,,,,,
0,4,15,0,,,,,,,,
0,4,16,0,,,,,,,,
43,4,16,2,269,,102,,,,,
0,4,16,0,,,,,,,,
24,4,17,1,,,,,,,,
0,4,17,0,,,,,,,,
0,4,17,0,,,,,,,,
0,4,18,0,,,,,,,,
63,4,18,2,,,1221,,,,,
0,4,18,0,,,,,,,,
42,4,19,1,,,,,,,,
0,4,19,0,,,,,,,,
0,4,19,0,,,,,,,,
0,4,20,0,,,,,,,,
23,4,20,2,,1367,1636,,,,,
0,4,20,0,,,,,,,,
66,4,21,1,,996,429,1044,,,,
0,4,21,0,,,,,,,,
0,4,21,0,,,,,,,,
0,4,22,0,,,,,,,,
8,4,22,2,85,,1705,,256,,,
0,4,22,0,,,,,,,,
11,4,23,1,,,,,,,,
0,4,23,0,,,,,,,,
0,4,23,0,,,,,,,,
0,4,24,0,,,,,,,,
65,4,24,2,,,626,493,1242,,,
0,4,24,0,,,,,,,,
38,4,25,1,,,,,1579,,,
0,4,25,0,,,,,,,,
0,4,25,0,,,,,,,,
0,4,26,0,,,,,,,,
25,4,26,2,,1574,,684,447,,,
0,4,26,0,,,,,,,,
6,4,27,1,,,,157,3735,,,
0,4,27,0,,,,,,,,
0,4,27,0,,,,,,,,
0,4,28,0,,,,,,,,
49,4,28,2,,566,314,1041,1734,,,
0,4,28,0,,,,,,,,
30,4,29,1,484,305,,1388,,,,
0,4,29,0,,,,,,,,
0,4,29,0,,,,,,,,
0,4,30,0,,,,,,,,
39,4,30,2,1234,,,,1670,,,
0,4,30,0,,,,,,,,
60,4,31,1,,1309,,,,,,
0,4,31,0,,,,,,,,
0,4,31,0,,,,,,,,
0,4,32,0,,,,,,,,
50,4,32,2,,807,935,89,,,,
0,4,32,0,,,,,,,,
18,5,1,1,3273,170,,506,1975,198,,
0,5,1,0,,,,,,,,
0,5,1,0,,,,,,,,
0,5,2,0,,,,,,,,
0,5,2,0,,,,,,,,
46,5,2,2,1719,,299,,,,,
53,5,3,1,790,1437,,355,1067,,,
0,5,3,0,,,,,,,,
0,5,3,0,,,,,,,,
0,5,4,0,,,,,,,,
0,5,4,0,,,,,,,,
35,5,4,2,,,221,,1696,750,,
55,5,5,1,741,379,,,,,,
0,5,5,0,,,,,,,,
0,5,5,0,,,,,,,,
0,5,6,0,,,,,,,,
0,5,6,0,,,,,,,,
36,5,6,2,,1114,297,1257,802,513,,
59,5,7,1,331,,1147,,,,,
0,5,7,0,,,,,,,,
0,5,7,0,,,,,,,,
0,5,8,0,,,,,,,,
0,5,8,0,,,,,,,,
33,5,8,2,,474,219,614,1060,2811,,
24,5,9,1,161,1082,357,1513,2516,125,,
0,5,9,0,,,,,,,,
0,5,9,0,,,,,,,,
0,5,10,0,,,,,,,,
0,5,10,0,,,,,,,,
25,5,10,2,261,193,1340,680,500,,,
41,5,11,1,,417,1868,205,634,,,
0,5,11,0,,,,,,,,
0,5,11,0,,,,,,,,
0,5,12,0,,,,,,,,
9,5,12,2,1474,894,1104,565,1455,,,
0,5,12,0,,,,,,,,
60,5,13,1,293,1534,,,765,,,
0,5,13,0,,,,,,,,
0,5,13,0,,,,,,,,
0,5,14,0,,,,,,,,
8,5,14,2,1854,2826,,1824,740,,,
0,5,14,0,,,,,,,,
16,5,15,1,504,588,201,549,926,,,
0,5,15,0,,,,,,,,
0,5,15,0,,,,,,,,
0,5,16,0,,,,,,,,
34,5,16,2,660,,,1254,170,,,
0,5,16,0,,,,,,,,
30,5,17,1,1982,2137,2066,,,,,
0,5,17,0,,,,,,,,
0,5,17,0,,,,,,,,
0,5,18,0,,,,,,,,
62,5,18,2,,1105,,1045,,,,
0,5,18,0,,,,,,,,
49,5,19,1,696,,,1745,,,,
0,5,19,0,,,,,,,,
0,5,19,0,,,,,,,,
0,5,20,0,,,,,,,,
38,5,20,2,159,1147,4100,4633,2719,1479,,
0,5,20,0,,,,,,,,
54,5,21,1,,3633,788,517,881,,,
0,5,21,0,,,,,,,,
0,5,21,0,,,,,,,,
0,5,22,0,,,,,,,,
51,5,22,2,105,324,144,,,,,
0,5,22,0,,,,,,,,
39,5,23,1,,,3910,809,431,,,
0,5,23,0,,,,,,,,
0,5,23,0,,,,,,,,
0,5,24,0,,,,,,,,
23,5,24,2,,343,,950,1083,,,
0,5,24,0,,,,,,,,
56,5,25,1,542,2024,,,,,,
0,5,25,0,,,,,,,,
0,5,25,0,,,,,,,,
0,5,26,0,,,,,,,,
47,5,26,2,842,160,332,,,,,
0,5,26,0,,,,,,,,
48,5,27,1,1615,231,1332,,1231,1696,,
0,5,27,0,,,,,,,,
0,5,27,0,,,,,,,,
0,5,28,0,,,,,,,,
19,5,28,2,263,1104,236,536,448,,,
0,5,28,0,,,,,,,,
15,5,29,1,575,295,,739,550,,,
0,5,29,0,,,,,,,,
0,5,29,0,,,,,,,,
0,5,30,0,,,,,,,,
17,5,30,2,217,259,947,518,4548,,,
0,5,30,0,,,,,,,,
45,5,31,1,2398,,569,,,,,
0,5,31,0,,,,,,,,
0,5,31,0,,,,,,,,
0,5,32,0,,,,,,,,
57,5,32,2,170,2772,2073,491,,2203,,
0,5,32,0,,,,,,,,
11,6,1,1,,,,204,1426,,,
0,6,1,0,,,,,,,,
0,6,1,0,,,,,,,,
0,6,2,0,,,,,,,,
0,6,2,0,,,,,,,,
32,6,2,2,178,166,,,,,,
55,6,3,1,,149,743,302,1180,,,
0,6,3,0,,,,,,,,
0,6,3,0,,,,,,,,
0,6,4,0,,,,,,,,
0,6,4,0,,,,,,,,
16,6,4,2,,145,,,1605,,,
41,6,5,1,,,1530,,,,,
0,6,5,0,,,,,,,,
0,6,5,0,,,,,,,,
0,6,6,0,,,,,,,,
0,6,6,0,,,,,,,,
45,6,6,2,232,264,,,,2276,,
34,6,7,1,,274,1760,,505,,,
0,6,7,0,,,,,,,,
0,6,7,0,,,,,,,,
0,6,8,0,,,,,,,,
0,6,8,0,,,,,,,,
60,6,8,2,,,249,,1120,,,
19,6,9,1,1445,,,,1642,,,
0,6,9,0,,,,,,,,
0,6,9,0,,,,,,,,
0,6,10,0,,,,,,,,
0,6,10,0,,,,,,,,
8,6,10,2,,,,,,,,
18,6,11,1,,209,192,455,1617,,,
0,6,11,0,,,,,,,,
0,6,11,0,,,,,,,,
0,6,12,0,,,,,,,,
53,6,12,2,,,,,1155,1800,129,
0,6,12,0,,,,,,,,
29,6,13,1,1255,806,1223,1587,612,,,
0,6,13,0,,,,,,,,
0,6,13,0,,,,,,,,
0,6,14,0,,,,,,,,
22,6,14,2,351,,,104,,,,
0,6,14,0,,,,,,,,
66,6,15,1,,251,,176,,,,
0,6,15,0,,,,,,,,
0,6,15,0,,,,,,,,
0,6,16,0,,,,,,,,
31,6,16,2,,,,,,,,
0,6,16,0,,,,,,,,
59,6,17,1,410,3591,,,,,,
0,6,17,0,,,,,,,,
0,6,17,0,,,,,,,,
0,6,18,0,,,,,,,,
48,6,18,2,,,,,551,,,
0,6,18,0,,,,,,,,
26,6,19,1,,,,345,,,,
0,6,19,0,,,,,,,,
0,6,19,0,,,,,,,,
0,6,20,0,,,,,,,,
38,6,20,2,683,,,,,,,
0,6,20,0,,,,,,,,
52,6,21,1,,1387,357,755,1371,,,
0,6,21,0,,,,,,,,
0,6,21,0,,,,,,,,
0,6,22,0,,,,,,,,
67,6,22,2,140,550,114,,,,,
0,6,22,0,,,,,,,,
64,6,23,1,,,,,1105,,,
0,6,23,0,,,,,,,,
0,6,23,0,,,,,,,,
0,6,24,0,,,,,,,,
25,6,24,2,1010,1651,1153,1195,2270,,,
0,6,24,0,,,,,,,,
27,6,25,1,762,1429,1735,1754,1108,,,
0,6,25,0,,,,,,,,
0,6,25,0,,,,,,,,
0,6,26,0,,,,,,,,
47,6,26,2,,314,766,1403,1337,,,
0,6,26,0,,,,,,,,
54,6,27,1,,291,,,1218,,,
0,6,27,0,,,,,,,,
0,6,27,0,,,,,,,,
0,6,28,0,,,,,,,,
30,6,28,2,1340,1193,1346,213,442,,,
0,6,28,0,,,,,,,,
13,6,29,1,,341,,,,,,
0,6,29,0,,,,,,,,
0,6,29,0,,,,,,,,
0,6,30,0,,,,,,,,
61,6,30,2,,,,,,,,
0,6,30,0,,,,,,,,
6,6,31,1,,,361,2370,,,,
0,6,31,0,,,,,,,,
0,6,31,0,,,,,,,,
0,6,32,0,,,,,,,,
28,6,32,2,,912,191,,201,,,
0,6,32,0,,,,,,,,
43,7,1,1,1158,809,,,522,2772,123,
0,7,1,0,,,,,,,,
0,7,1,0,,,,,,,,
0,7,2,0,,,,,,,,
0,7,2,0,,,,,,,,
12,7,2,2,5462,1828,281,1101,1542,1472,,
65,7,3,1,,,,,889,,,
0,7,3,0,,,,,,,,
0,7,3,0,,,,,,,,
0,7,4,0,,,,,,,,
0,7,4,0,,,,,,,,
21,7,4,2,1360,1542,1962,,393,2751,,
51,7,5,1,364,643,,164,1048,,,
0,7,5,0,,,,,,,,
0,7,5,0,,,,,,,,
0,7,6,0,,,,,,,,
0,7,6,0,,,,,,,,
46,7,6,2,,,,,,1953,,
35,7,7,1,425,248,,640,747,,,
0,7,7,0,,,,,,,,
0,7,7,0,,,,,,,,
0,7,8,0,,,,,,,,
0,7,8,0,,,,,,,,
32,7,8,2,,682,754,336,,3133,,
5,7,9,1,1585,265,1043,578,769,,,
0,7,9,0,,,,,,,,
0,7,9,0,,,,,,,,
0,7,10,0,,,,,,,,
0,7,10,0,,,,,,,,
38,7,10,2,,,,,,,,
11,7,11,1,1747,2935,,452,552,,,
0,7,11,0,,,,,,,,
0,7,11,0,,,,,,,,
0,7,12,0,,,,,,,,
19,7,12,2,878,1491,2867,452,459,1201,175,
0,7,12,0,,,,,,,,
24,7,13,1,1989,1889,752,727,557,1824,197,
0,7,13,0,,,,,,,,
0,7,13,0,,,,,,,,
0,7,14,0,,,,,,,,
42,7,14,2,139,588,,832,890,,,
0,7,14,0,,,,,,,,
68,7,15,1,,,,,164,,,
0,7,15,0,,,,,,,,
0,7,15,0,,,,,,,,
0,7,16,0,,,,,,,,
67,7,16,2,,826,812,,2874,,,
0,7,16,0,,,,,,,,
23,7,17,1,841,2831,,,178,,,
0,7,17,0,,,,,,,,
0,7,17,0,,,,,,,,
0,7,18,0,,,,,,,,
63,7,18,2,246,,,,,,,
0,7,18,0,,,,,,,,
10,7,19,1,2218,,2916,456,1003,,,
0,7,19,0,,,,,,,,
0,7,19,0,,,,,,,,
0,7,20,0,,,,,,,,
64,7,20,2,,,,,87,,,
0,7,20,0,,,,,,,,
9,7,21,1,,193,,,1504,,,
0,7,21,0,,,,,,,,
0,7,21,0,,,,,,,,
0,7,22,0,,,,,,,,
17,7,22,2,687,1286,2529,2120,566,1121,,
0,7,22,0,,,,,,,,
49,7,23,1,547,1634,1141,1732,611,,,
0,7,23,0,,,,,,,,
0,7,23,0,,,,,,,,
0,7,24,0,,,,,,,,
62,7,24,2,355,208,,,1039,,,
0,7,24,0,,,,,,,,
16,7,25,1,2943,,86,1097,317,,,
0,7,25,0,,,,,,,,
0,7,25,0,,,,,,,,
0,7,26,0,,,,,,,,
27,7,26,2,,712,2298,430,1745,,,
0,7,26,0,,,,,,,,
37,7,27,1,188,444,1175,,529,2669,,
0,7,27,0,,,,,,,,
0,7,27,0,,,,,,,,
0,7,28,0,,,,,,,,
20,7,28,2,2545,2274,148,,697,5876,,
0,7,28,0,,,,,,,,
45,7,29,1,,,,,204,1988,,
0,7,29,0,,,,,,,,
0,7,29,0,,,,,,,,
0,7,30,0,,,,,,,,
26,7,30,2,7021,1211,2655,912,1573,,,
0,7,30,0,,,,,,,,
28,7,31,1,2458,1730,5698,3335,,,,
0,7,31,0,,,,,,,,
0,7,31,0,,,,,,,,
0,7,32,0,,,,,,,,
53,7,32,2,181,1808,3039,2335,929,1766,,
0,7,32,0,,,,,,,,
13,8,1,1,544,2203,158,912,1550,,,
0,8,1,0,,,,,,,,
0,8,1,0,,,,,,,,
0,8,2,0,,,,,,,,
0,8,2,0,,,,,,,,
19,8,2,2,473,534,295,,,,,
42,8,3,1,,,,212,195,1571,,
0,8,3,0,,,,,,,,
0,8,3,0,,,,,,,,
0,8,4,0,,,,,,,,
0,8,4,0,,,,,,,,
48,8,4,2,,549,739,131,243,,,
57,8,5,1,357,333,359,,,,,
0,8,5,0,,,,,,,,
0,8,5,0,,,,,,,,
0,8,6,0,,,,,,,,
0,8,6,0,,,,,,,,
32,8,6,2,,,502,327,150,,,
49,8,7,1,899,437,,,,,,
0,8,7,0,,,,,,,,
0,8,7,0,,,,,,,,
0,8,8,0,,,,,,,,
0,8,8,0,,,,,,,,
22,8,8,2,320,,323,,742,1331,,
44,8,9,1,,,,,417,,,
0,8,9,0,,,,,,,,
0,8,9,0,,,,,,,,
0,8,10,0,,,,,,,,
0,8,10,0,,,,,,,,
10,8,10,2,573,1124,788,,,,,
62,8,11,1,,,594,297,172,1096,,
0,8,11,0,,,,,,,,
0,8,11,0,,,,,,,,
0,8,12,0,,,,,,,,
53,8,12,2,875,1126,976,1458,503,717,,
0,8,12,0,,,,,,,,
33,8,13,1,,,,,519,1197,,
0,8,13,0,,,,,,,,
0,8,13,0,,,,,,,,
0,8,14,0,,,,,,,,
55,8,14,2,436,130,,,112,893,,
0,8,14,0,,,,,,,,
51,8,15,1,525,,374,,,,,
0,8,15,0,,,,,,,,
0,8,15,0,,,,,,,,
0,8,16,0,,,,,,,,
24,8,16,2,560,572,169,,,,,
0,8,16,0,,,,,,,,
28,8,17,1,,,340,,133,,,
0,8,17,0,,,,,,,,
0,8,17,0,,,,,,,,
0,8,18,0,,,,,,,,
12,8,18,2,565,1147,,,,,,
0,8,18,0,,,,,,,,
18,8,19,1,,725,1341,,,,,
0,8,19,0,,,,,,,,
0,8,19,0,,,,,,,,
0,8,20,0,,,,,,,,
26,8,20,2,948,,165,144,445,,,
0,8,20,0,,,,,,,,
5,8,21,1,600,,173,306,357,,,
0,8,21,0,,,,,,,,
0,8,21,0,,,,,,,,
0,8,22,0,,,,,,,,
15,8,22,2,363,560,149,,270,,,
0,8,22,0,,,,,,,,
21,8,23,1,572,136,,438,,,,
0,8,23,0,,,,,,,,
0,8,23,0,,,,,,,,
0,8,24,0,,,,,,,,
25,8,24,2,,,149,,443,,,
0,8,24,0,,,,,,,,
58,8,25,1,279,396,372,981,463,,,
0,8,25,0,,,,,,,,
0,8,25,0,,,,,,,,
0,8,26,0,,,,,,,,
61,8,26,2,521,735,368,179,,,,
0,8,26,0,,,,,,,,
46,8,27,1,191,88,349,,158,1223,,
0,8,27,0,,,,,,,,
0,8,27,0,,,,,,,,
0,8,28,0,,,,,,,,
8,8,28,2,1151,173,939,549,137,,,
0,8,28,0,,,,,,,,
56,8,29,1,2256,1182,287,178,,,,
0,8,29,0,,,,,,,,
0,8,29,0,,,,,,,,
0,8,30,0,,,,,,,,
31,8,30,2,213,184,,,,,,
0,8,30,0,,,,,,,,
9,8,31,1,201,205,571,171,,,,
0,8,31,0,,,,,,,,
0,8,31,0,,,,,,,,
0,8,32,0,,,,,,,,
63,8,32,2,755,644,841,245,,,,
0,8,32,0,,,,,,,,
13,9,1,1,1040,,,,1375,,,
0,9,1,0,,,,,,,,
0,9,1,0,,,,,,,,
0,9,2,0,,,,,,,,
0,9,2,0,,,,,,,,
61,9,2,2,1031,180,456,,,,,
49,9,3,1,715,528,,,1465,,,
0,9,3,0,,,,,,,,
0,9,3,0,,,,,,,,
0,9,4,0,,,,,,,,
0,9,4,0,,,,,,,,
48,9,4,2,,,,,,,,
23,9,5,1,872,2068,,,,,,
0,9,5,0,,,,,,,,
0,9,5,0,,,,,,,,
0,9,6,0,,,,,,,,
0,9,6,0,,,,,,,,
25,9,6,2,,1549,,,363,,,
42,9,7,1,538,,,,,,,
0,9,7,0,,,,,,,,
0,9,7,0,,,,,,,,
0,9,8,0,,,,,,,,
0,9,8,0,,,,,,,,
31,9,8,2,596,739,3236,,207,,,
9,9,9,1,,,1364,,1688,,,
0,9,9,0,,,,,,,,
0,9,9,0,,,,,,,,
0,9,10,0,,,,,,,,
0,9,10,0,,,,,,,,
45,9,10,2,259,,,,,,,
35,9,11,1,,442,259,,890,,,
0,9,11,0,,,,,,,,
0,9,11,0,,,,,,,,
0,9,12,0,,,,,,,,
56,9,12,2,486,,,,1778,,,
0,9,12,0,,,,,,,,
5,9,13,1,506,,,197,2058,,,
0,9,13,0,,,,,,,,
0,9,13,0,,,,,,,,
0,9,14,0,,,,,,,,
6,9,14,2,,,,448,,,,
0,9,14,0,,,,,,,,
62,9,15,1,,,209,,,,,
0,9,15,0,,,,,,,,
0,9,15,0,,,,,,,,
0,9,16,0,,,,,,,,
47,9,16,2,,,,,,,,
0,9,16,0,,,,,,,,
27,9,17,1,412,2481,361,,,,,
0,9,17,0,,,,,,,,
0,9,17,0,,,,,,,,
0,9,18,0,,,,,,,,
36,9,18,2,453,148,2777,,,,,
0,9,18,0,,,,,,,,
53,9,19,1,1196,156,,661,,,,
0,9,19,0,,,,,,,,
0,9,19,0,,,,,,,,
0,9,20,0,,,,,,,,
55,9,20,2,,,,,,,,
0,9,20,0,,,,,,,,
57,9,21,1,,,,427,1267,,,
0,9,21,0,,,,,,,,
0,9,21,0,,,,,,,,
0,9,22,0,,,,,,,,
54,9,22,2,558,,999,,223,,,
0,9,22,0,,,,,,,,
22,9,23,1,,,,,,,,
0,9,23,0,,,,,,,,
0,9,23,0,,,,,,,,
0,9,24,0,,,,,,,,
51,9,24,2,646,,,,1024,,,
0,9,24,0,,,,,,,,
19,9,25,1,,,,,1142,,,
0,9,25,0,,,,,,,,
0,9,25,0,,,,,,,,
0,9,26,0,,,,,,,,
58,9,26,2,,,,,,,,
0,9,26,0,,,,,,,,
40,9,27,1,,149,,114,1919,,,
0,9,27,0,,,,,,,,
0,9,27,0,,,,,,,,
0,9,28,0,,,,,,,,
7,9,28,2,,,,,1997,,,
0,9,28,0,,,,,,,,
34,9,29,1,,1250,,,,,,
0,9,29,0,,,,,,,,
0,9,29,0,,,,,,,,
0,9,30,0,,,,,,,,
17,9,30,2,109,,2591,,,,,
0,9,30,0,,,,,,,,
33,9,31,1,,368,818,,471,,,
0,9,31,0,,,,,,,,
0,9,31,0,,,,,,,,
0,9,32,0,,,,,,,,
8,9,32,2,,,,144,,,,
0,9,32,0,,,,,,,,
26,10,1,1,,2129,,,2806,,,
0,10,1,0,,,,,,,,
0,10,1,0,,,,,,,,
0,10,2,0,,,,,,,,
0,10,2,0,,,,,,,,
49,10,2,2,,,836,,,,,
23,10,3,1,184,,,124,1217,,,
0,10,3,0,,,,,,,,
0,10,3,0,,,,,,,,
0,10,4,0,,,,,,,,
0,10,4,0,,,,,,,,
13,10,4,2,,,,,2134,,,
21,10,5,1,,,,,,,,
0,10,5,0,,,,,,,,
0,10,5,0,,,,,,,,
0,10,6,0,,,,,,,,
0,10,6,0,,,,,,,,
11,10,6,2,,,,,,1096,,
66,10,7,1,,,,,199,,,
0,10,7,0,,,,,,,,
0,10,7,0,,,,,,,,
0,10,8,0,,,,,,,,
0,10,8,0,,,,,,,,
36,10,8,2,,,134,,,1285,,
17,10,9,1,,136,,,1026,,,
0,10,9,0,,,,,,,,
0,10,9,0,,,,,,,,
0,10,10,0,,,,,,,,
0,10,10,0,,,,,,,,
5,10,10,2,367,,503,,446,,,
16,10,11,1,2647,256,731,,1120,,,
0,10,11,0,,,,,,,,
0,10,11,0,,,,,,,,
0,10,12,0,,,,,,,,
29,10,12,2,299,90,,,1722,,,
0,10,12,0,,,,,,,,
30,10,13,1,,,,,,,,
0,10,13,0,,,,,,,,
0,10,13,0,,,,,,,,
0,10,14,0,,,,,,,,
15,10,14,2,,,,502,,,,
0,10,14,0,,,,,,,,
19,10,15,1,819,1536,256,179,,,,
0,10,15,0,,,,,,,,
0,10,15,0,,,,,,,,
0,10,16,0,,,,,,,,
38,10,16,2,,,1901,,,,,
0,10,16,0,,,,,,,,
32,10,17,1,143,111,411,,,,,
0,10,17,0,,,,,,,,
0,10,17,0,,,,,,,,
0,10,18,0,,,,,,,,
28,10,18,2,1455,1607,1439,1190,666,,,
0,10,18,0,,,,,,,,
53,10,19,1,,,,,,,,
0,10,19,0,,,,,,,,
0,10,19,0,,,,,,,,
0,10,20,0,,,,,,,,
8,10,20,2,,113,,,1032,,,
0,10,20,0,,,,,,,,
39,10,21,1,,,,,1670,,,
0,10,21,0,,,,,,,,
0,10,21,0,,,,,,,,
0,10,22,0,,,,,,,,
44,10,22,2,,,,,233,,,
0,10,22,0,,,,,,,,
51,10,23,1,700,977,493,,,,,
0,10,23,0,,,,,,,,
0,10,23,0,,,,,,,,
0,10,24,0,,,,,,,,
31,10,24,2,126,,,,899,,,
0,10,24,0,,,,,,,,
62,10,25,1,,,,146,1465,,,
0,10,25,0,,,,,,,,
0,10,25,0,,,,,,,,
0,10,26,0,,,,,,,,
40,10,26,2,1066,,108,,,,,
0,10,26,0,,,,,,,,
61,10,27,1,,,,,988,1729,,
0,10,27,0,,,,,,,,
0,10,27,0,,,,,,,,
0,10,28,0,,,,,,,,
48,10,28,2,,,,,,,,
0,10,28,0,,,,,,,,
10,10,29,1,2666,2467,,,,,,
0,10,29,0,,,,,,,,
0,10,29,0,,,,,,,,
0,10,30,0,,,,,,,,
33,10,30,2,,,,212,1917,,,
0,10,30,0,,,,,,,,
56,10,31,1,1247,3110,,580,872,,,
0,10,31,0,,,,,,,,
0,10,31,0,,,,,,,,
0,10,32,0,,,,,,,,
52,10,32,2,,126,,,,,,
0,10,32,0,,,,,,,,
22,11,1,1,952,1325,,,1096,,,
0,11,1,0,,,,,,,,
0,11,1,0,,,,,,,,
0,11,2,0,,,,,,,,
0,11,2,0,,,,,,,,
43,11,2,2,,,,687,804,1470,,
12,11,3,1,,,114,,,,,
0,11,3,0,,,,,,,,
0,11,3,0,,,,,,,,
0,11,4,0,,,,,,,,
0,11,4,0,,,,,,,,
38,11,4,2,,,,,,,,
25,11,5,1,,,,,,,,
0,11,5,0,,,,,,,,
0,11,5,0,,,,,,,,
0,11,6,0,,,,,,,,
0,11,6,0,,,,,,,,
59,11,6,2,,,,,,,,
51,11,7,1,,,,,,,,
0,11,7,0,,,,,,,,
0,11,7,0,,,,,,,,
0,11,8,0,,,,,,,,
0,11,8,0,,,,,,,,
66,11,8,2,457,,,,,,,
18,11,9,1,,,,,948,831,,
0,11,9,0,,,,,,,,
0,11,9,0,,,,,,,,
0,11,10,0,,,,,,,,
0,11,10,0,,,,,,,,
31,11,10,2,,,,,,,,
47,11,11,1,822,,,381,946,,,
0,11,11,0,,,,,,,,
0,11,11,0,,,,,,,,
0,11,12,0,,,,,,,,
50,11,12,2,260,,,,,,,
0,11,12,0,,,,,,,,
8,11,13,1,,,238,,,,,
0,11,13,0,,,,,,,,
0,11,13,0,,,,,,,,
0,11,14,0,,,,,,,,
15,11,14,2,,,,,,,,
0,11,14,0,,,,,,,,
54,11,15,1,1621,,251,,,,,
0,11,15,0,,,,,,,,
0,11,15,0,,,,,,,,
0,11,16,0,,,,,,,,
28,11,16,2,,,,,1264,,,
0,11,16,0,,,,,,,,
41,11,17,1,,,,,,,,
0,11,17,0,,,,,,,,
0,11,17,0,,,,,,,,
0,11,18,0,,,,,,,,
65,11,18,2,,,,,,,,
0,11,18,0,,,,,,,,
5,11,19,1,,102,1166,124,,,,
0,11,19,0,,,,,,,,
0,11,19,0,,,,,,,,
0,11,20,0,,,,,,,,
48,11,20,2,,,,,,,,
0,11,20,0,,,,,,,,
9,11,21,1,,,,,1039,,,
0,11,21,0,,,,,,,,
0,11,21,0,,,,,,,,
0,11,22,0,,,,,,,,
46,11,22,2,1628,693,,,,,,
0,11,22,0,,,,,,,,
36,11,23,1,3195,,,,,,,
0,11,23,0,,,,,,,,
0,11,23,0,,,,,,,,
0,11,24,0,,,,,,,,
16,11,24,2,,,,,1016,,,
0,11,24,0,,,,,,,,
14,11,25,1,,,,,,,,
0,11,25,0,,,,,,,,
0,11,25,0,,,,,,,,
0,11,26,0,,,,,,,,
10,11,26,2,,,340,,892,,,
0,11,26,0,,,,,,,,
62,11,27,1,3299,487,,,1403,,,
0,11,27,0,,,,,,,,
0,11,27,0,,,,,,,,
0,11,28,0,,,,,,,,
20,11,28,2,1846,1201,100,,,,,
0,11,28,0,,,,,,,,
53,11,29,1,1301,,,,,,,
0,11,29,0,,,,,,,,
0,11,29,0,,,,,,,,
0,11,30,0,,,,,,,,
42,11,30,2,1756,472,,,,,,
0,11,30,0,,,,,,,,
30,11,31,1,843,,,,,,,
0,11,31,0,,,,,,,,
0,11,31,0,,,,,,,,
0,11,32,0,,,,,,,,
37,11,32,2,6898,2451,,,,,,
0,11,32,0,,,,,,,,
24,12,1,1,327,372,,,,,,
0,12,1,0,,,,,,,,
0,12,1,0,,,,,,,,
0,12,2,0,,,,,,,,
0,12,2,0,,,,,,,,
25,12,2,2,491,269,231,364,593,,,
34,12,3,1,1875,168,,,191,,,
0,12,3,0,,,,,,,,
0,12,3,0,,,,,,,,
0,12,4,0,,,,,,,,
0,12,4,0,,,,,,,,
27,12,4,2,459,652,554,335,93,,,
7,12,5,1,1954,677,,,347,,,
0,12,5,0,,,,,,,,
0,12,5,0,,,,,,,,
0,12,6,0,,,,,,,,
0,12,6,0,,,,,,,,
61,12,6,2,,,,,,,,
33,12,7,1,1317,296,,,,,,
0,12,7,0,,,,,,,,
0,12,7,0,,,,,,,,
0,12,8,0,,,,,,,,
0,12,8,0,,,,,,,,
51,12,8,2,,,,,,,,
53,12,9,1,711,,,,532,,,
0,12,9,0,,,,,,,,
0,12,9,0,,,,,,,,
0,12,10,0,,,,,,,,
0,12,10,0,,,,,,,,
59,12,10,2,,,240,,121,,,
6,12,11,1,1936,260,226,166,164,,,
0,12,11,0,,,,,,,,
0,12,11,0,,,,,,,,
0,12,12,0,,,,,,,,
38,12,12,2,204,634,,,,,,
0,12,12,0,,,,,,,,
21,12,13,1,802,,,,775,,,
0,12,13,0,,,,,,,,
0,12,13,0,,,,,,,,
0,12,14,0,,,,,,,,
48,12,14,2,613,324,,,,,,
0,12,14,0,,,,,,,,
56,12,15,1,,,225,427,242,,,
0,12,15,0,,,,,,,,
0,12,15,0,,,,,,,,
0,12,16,0,,,,,,,,
14,12,16,2,401,,,,,,,
0,12,16,0,,,,,,,,
40,12,17,1,,548,,305,133,,,
0,12,17,0,,,,,,,,
0,12,17,0,,,,,,,,
0,12,18,0,,,,,,,,
20,12,18,2,553,,,,,,,
0,12,18,0,,,,,,,,
60,12,19,1,,,,,,,,
0,12,19,0,,,,,,,,
0,12,19,0,,,,,,,,
0,12,20,0,,,,,,,,
52,12,20,2,278,,,,,,,
0,12,20,0,,,,,,,,
45,12,21,1,595,739,,,258,,,
0,12,21,0,,,,,,,,
0,12,21,0,,,,,,,,
0,12,22,0,,,,,,,,
32,12,22,2,,306,,,,,,
0,12,22,0,,,,,,,,
22,12,23,1,,215,,,,,,
0,12,23,0,,,,,,,,
0,12,23,0,,,,,,,,
0,12,24,0,,,,,,,,
49,12,24,2,764,,,,178,807,,
0,12,24,0,,,,,,,,
63,12,25,1,,,,,,,,
0,12,25,0,,,,,,,,
0,12,25,0,,,,,,,,
0,12,26,0,,,,,,,,
9,12,26,2,815,,752,556,318,,,
0,12,26,0,,,,,,,,
19,12,27,1,499,,,321,,,,
0,12,27,0,,,,,,,,
0,12,27,0,,,,,,,,
0,12,28,0,,,,,,,,
29,12,28,2,1175,509,257,171,,,,
0,12,28,0,,,,,,,,
15,12,29,1,1541,,,718,,,,
0,12,29,0,,,,,,,,
0,12,29,0,,,,,,,,
0,12,30,0,,,,,,,,
46,12,30,2,625,228,,467,,,,
0,12,30,0,,,,,,,,
47,12,31,1,1041,,1259,,,,,
0,12,31,0,,,,,,,,
0,12,31,0,,,,,,,,
0,12,32,0,,,,,,,,
55,12,32,2,437,,,,,,,
0,12,32,0,,,,,,,,
66,13,1,1,210,240,,,,,,
0,13,1,0,,,,,,,,
0,13,1,0,,,,,,,,
0,13,2,0,,,,,,,,
0,13,2,0,,,,,,,,
34,13,2,2,1801,1911,565,,,,,
59,13,3,1,85,191,1627,,,,,
0,13,3,0,,,,,,,,
0,13,3,0,,,,,,,,
0,13,4,0,,,,,,,,
0,13,4,0,,,,,,,,
5,13,4,2,,,,,,,,
51,13,5,1,,1605,,,,,,
0,13,5,0,,,,,,,,
0,13,5,0,,,,,,,,
0,13,6,0,,,,,,,,
0,13,6,0,,,,,,,,
42,13,6,2,248,,,,,,,
16,13,7,1,3367,1655,830,622,,,,
0,13,7,0,,,,,,,,
0,13,7,0,,,,,,,,
0,13,8,0,,,,,,,,
0,13,8,0,,,,,,,,
8,13,8,2,151,1506,989,1416,,,,
62,13,9,1,1248,891,,,,,,
0,13,9,0,,,,,,,,
0,13,9,0,,,,,,,,
0,13,10,0,,,,,,,,
0,13,10,0,,,,,,,,
25,13,10,2,,,,,314,,,
13,13,11,1,,84,146,,1100,,,
0,13,11,0,,,,,,,,
0,13,11,0,,,,,,,,
0,13,12,0,,,,,,,,
41,13,12,2,,,192,316,,,,
0,13,12,0,,,,,,,,
56,13,13,1,1287,1007,863,121,1337,,,
0,13,13,0,,,,,,,,
0,13,13,0,,,,,,,,
0,13,14,0,,,,,,,,
64,13,14,2,,295,,,,,,
0,13,14,0,,,,,,,,
18,13,15,1,421,,190,185,,,,
0,13,15,0,,,,,,,,
0,13,15,0,,,,,,,,
0,13,16,0,,,,,,,,
38,13,16,2,,1450,213,,741,,,
0,13,16,0,,,,,,,,
43,13,17,1,1515,,,645,,,,
0,13,17,0,,,,,,,,
0,13,17,0,,,,,,,,
0,13,18,0,,,,,,,,
60,13,18,2,612,2014,,,,,,
0,13,18,0,,,,,,,,
37,13,19,1,,,2152,,,,,
0,13,19,0,,,,,,,,
0,13,19,0,,,,,,,,
0,13,20,0,,,,,,,,
32,13,20,2,952,1296,612,,,,,
0,13,20,0,,,,,,,,
57,13,21,1,425,,,,,,,
0,13,21,0,,,,,,,,
0,13,21,0,,,,,,,,
0,13,22,0,,,,,,,,
24,13,22,2,3224,3045,1170,980,1348,,,
0,13,22,0,,,,,,,,
49,13,23,1,,,,,,,,
0,13,23,0,,,,,,,,
0,13,23,0,,,,,,,,
0,13,24,0,,,,,,,,
10,13,24,2,1218,902,,363,1054,,,
0,13,24,0,,,,,,,,
50,13,25,1,718,1831,,,,,,
0,13,25,0,,,,,,,,
0,13,25,0,,,,,,,,
0,13,26,0,,,,,,,,
40,13,26,2,1845,1263,1759,399,,,,
0,13,26,0,,,,,,,,
45,13,27,1,207,,,201,1112,,,
0,13,27,0,,,,,,,,
0,13,27,0,,,,,,,,
0,13,28,0,,,,,,,,
33,13,28,2,1713,,,,157,,,
0,13,28,0,,,,,,,,
52,13,29,1,,,,,,,,
0,13,29,0,,,,,,,,
0,13,29,0,,,,,,,,
0,13,30,0,,,,,,,,
48,13,30,2,,,,,,,,
0,13,30,0,,,,,,,,
19,13,31,1,648,,,,,,,
0,13,31,0,,,,,,,,
0,13,31,0,,,,,,,,
0,13,32,0,,,,,,,,
27,13,32,2,250,85,,,,,,
0,13,32,0,,,,,,,,
43,14,1,1,,,254,,,,,
0,14,1,0,,,,,,,,
0,14,1,0,,,,,,,,
0,14,2,0,,,,,,,,
0,14,2,0,,,,,,,,
62,14,2,2,,,,591,478,,,
51,14,3,1,135,,,,905,,,
0,14,3,0,,,,,,,,
0,14,3,0,,,,,,,,
0,14,4,0,,,,,,,,
0,14,4,0,,,,,,,,
17,14,4,2,930,606,452,195,,,,
15,14,5,1,1312,1559,120,126,,,,
0,14,5,0,,,,,,,,
0,14,5,0,,,,,,,,
0,14,6,0,,,,,,,,
0,14,6,0,,,,,,,,
45,14,6,2,195,,,,,781,,
49,14,7,1,272,,,113,,,,
0,14,7,0,,,,,,,,
0,14,7,0,,,,,,,,
0,14,8,0,,,,,,,,
0,14,8,0,,,,,,,,
24,14,8,2,499,171,151,,,269,,
41,14,9,1,,,,,739,,,
0,14,9,0,,,,,,,,
0,14,9,0,,,,,,,,
0,14,10,0,,,,,,,,
0,14,10,0,,,,,,,,
35,14,10,2,,,,,174,,,
61,14,11,1,987,1599,,,666,,,
0,14,11,0,,,,,,,,
0,14,11,0,,,,,,,,
0,14,12,0,,,,,,,,
64,14,12,2,,,,892,719,,,
0,14,12,0,,,,,,,,
21,14,13,1,462,,,123,1710,,,
0,14,13,0,,,,,,,,
0,14,13,0,,,,,,,,
0,14,14,0,,,,,,,,
38,14,14,2,253,155,,,,,,
0,14,14,0,,,,,,,,
39,14,15,1,,341,,,,748,,
0,14,15,0,,,,,,,,
0,14,15,0,,,,,,,,
0,14,16,0,,,,,,,,
8,14,16,2,713,,355,605,,,,
0,14,16,0,,,,,,,,
14,14,17,1,735,133,,,,,,
0,14,17,0,,,,,,,,
0,14,17,0,,,,,,,,
0,14,18,0,,,,,,,,
40,14,18,2,194,,,,314,,,
0,14,18,0,,,,,,,,
31,14,19,1,,,,,,,,
0,14,19,0,,,,,,,,
0,14,19,0,,,,,,,,
0,14,20,0,,,,,,,,
66,14,20,2,891,,,,,,,
0,14,20,0,,,,,,,,
12,14,21,1,,1310,,,1204,,,
0,14,21,0,,,,,,,,
0,14,21,0,,,,,,,,
0,14,22,0,,,,,,,,
30,14,22,2,135,,,,,,,
0,14,22,0,,,,,,,,
53,14,23,1,539,268,,,,,,
0,14,23,0,,,,,,,,
0,14,23,0,,,,,,,,
0,14,24,0,,,,,,,,
29,14,24,2,1017,115,,,1225,,,
0,14,24,0,,,,,,,,
22,14,25,1,1008,,,,857,,,
0,14,25,0,,,,,,,,
0,14,25,0,,,,,,,,
0,14,26,0,,,,,,,,
47,14,26,2,262,,,,,,,
0,14,26,0,,,,,,,,
56,14,27,1,,,,,743,,,
0,14,27,0,,,,,,,,
0,14,27,0,,,,,,,,
0,14,28,0,,,,,,,,
5,14,28,2,,,697,520,345,,,
0,14,28,0,,,,,,,,
26,14,29,1,1532,672,,,,,,
0,14,29,0,,,,,,,,
0,14,29,0,,,,,,,,
0,14,30,0,,,,,,,,
54,14,30,2,,1014,,241,,,,
0,14,30,0,,,,,,,,
27,14,31,1,476,834,124,,,,,
0,14,31,0,,,,,,,,
0,14,31,0,,,,,,,,
0,14,32,0,,,,,,,,
28,14,32,2,,,,,,,,
0,14,32,0,,,,,,,,
63,15,1,1,1421,1680,,452,,,,
0,15,1,0,,,,,,,,
0,15,1,0,,,,,,,,
0,15,2,0,,,,,,,,
0,15,2,0,,,,,,,,
23,15,2,2,2043,706,209,,,,,
41,15,3,1,,142,,,300,,,
0,15,3,0,,,,,,,,
0,15,3,0,,,,,,,,
0,15,4,0,,,,,,,,
0,15,4,0,,,,,,,,
45,15,4,2,1185,,,,667,,,
39,15,5,1,665,622,,1025,,,,
0,15,5,0,,,,,,,,
0,15,5,0,,,,,,,,
0,15,6,0,,,,,,,,
0,15,6,0,,,,,,,,
10,15,6,2,1236,,,,,,,
5,15,7,1,955,217,,119,,,,
0,15,7,0,,,,,,,,
0,15,7,0,,,,,,,,
0,15,8,0,,,,,,,,
0,15,8,0,,,,,,,,
55,15,8,2,,,,,288,,,
59,15,9,1,,,,,1636,1518,,
0,15,9,0,,,,,,,,
0,15,9,0,,,,,,,,
0,15,10,0,,,,,,,,
0,15,10,0,,,,,,,,
57,15,10,2,,,,889,,,,
65,15,11,1,,,,120,751,,,
0,15,11,0,,,,,,,,
0,15,11,0,,,,,,,,
0,15,12,0,,,,,,,,
26,15,12,2,1434,665,349,335,1158,630,,
0,15,12,0,,,,,,,,
30,15,13,1,1517,,,1229,2935,,,
0,15,13,0,,,,,,,,
0,15,13,0,,,,,,,,
0,15,14,0,,,,,,,,
53,15,14,2,,194,,,,,,
0,15,14,0,,,,,,,,
43,15,15,1,,,1343,,,,,
0,15,15,0,,,,,,,,
0,15,15,0,,,,,,,,
0,15,16,0,,,,,,,,
18,15,16,2,,922,2934,,,,,
0,15,16,0,,,,,,,,
8,15,17,1,178,,627,,,,,
0,15,17,0,,,,,,,,
0,15,17,0,,,,,,,,
0,15,18,0,,,,,,,,
37,15,18,2,,,1239,350,,,,
0,15,18,0,,,,,,,,
27,15,19,1,,1162,116,557,,,,
0,15,19,0,,,,,,,,
0,15,19,0,,,,,,,,
0,15,20,0,,,,,,,,
49,15,20,2,,748,,,,,,
0,15,20,0,,,,,,,,
17,15,21,1,1204,,173,,,,,
0,15,21,0,,,,,,,,
0,15,21,0,,,,,,,,
0,15,22,0,,,,,,,,
54,15,22,2,,,,106,,948,,
0,15,22,0,,,,,,,,
22,15,23,1,,248,767,,,,,
0,15,23,0,,,,,,,,
0,15,23,0,,,,,,,,
0,15,24,0,,,,,,,,
7,15,24,2,565,364,,,1704,,,
0,15,24,0,,,,,,,,
12,15,25,1,,,,,,,,
0,15,25,0,,,,,,,,
0,15,25,0,,,,,,,,
0,15,26,0,,,,,,,,
36,15,26,2,,,287,706,,,,
0,15,26,0,,,,,,,,
9,15,27,1,,154,,,1195,,,
0,15,27,0,,,,,,,,
0,15,27,0,,,,,,,,
0,15,28,0,,,,,,,,
20,15,28,2,651,3076,,1033,1516,,,
0,15,28,0,,,,,,,,
19,15,29,1,3495,217,,1562,,1177,,
0,15,29,0,,,,,,,,
0,15,29,0,,,,,,,,
0,15,30,0,,,,,,,,
33,15,30,2,216,547,874,,991,,,
0,15,30,0,,,,,,,,
62,15,31,1,441,539,,,,,,
0,15,31,0,,,,,,,,
0,15,31,0,,,,,,,,
0,15,32,0,,,,,,,,
25,15,32,2,,,,,453,,,
0,15,32,0,,,,,,,,
6,16,1,1,2722,152,,374,1094,,,
0,16,1,0,,,,,,,,
0,16,1,0,,,,,,,,
0,16,2,0,,,,,,,,
0,16,2,0,,,,,,,,
42,16,2,2,,,,524,,,,
63,16,3,1,,,,1970,2336,,,
0,16,3,0,,,,,,,,
0,16,3,0,,,,,,,,
0,16,4,0,,,,,,,,
0,16,4,0,,,,,,,,
12,16,4,2,821,2595,566,,,,,
48,16,5,1,1012,,254,320,340,,,
0,16,5,0,,,,,,,,
0,16,5,0,,,,,,,,
0,16,6,0,,,,,,,,
0,16,6,0,,,,,,,,
59,16,6,2,1386,373,,,,,,
22,16,7,1,,,112,706,354,,,
0,16,7,0,,,,,,,,
0,16,7,0,,,,,,,,
0,16,8,0,,,,,,,,
0,16,8,0,,,,,,,,
47,16,8,2,,121,,2182,1086,,,
35,16,9,1,679,,2364,435,1932,,,
0,16,9,0,,,,,,,,
0,16,9,0,,,,,,,,
0,16,10,0,,,,,,,,
0,16,10,0,,,,,,,,
16,16,10,2,659,2180,215,704,450,,,
14,16,11,1,852,,151,609,1863,,,
0,16,11,0,,,,,,,,
0,16,11,0,,,,,,,,
0,16,12,0,,,,,,,,
39,16,12,2,747,1268,730,1337,2214,,,
0,16,12,0,,,,,,,,
15,16,13,1,111,1314,,314,265,,,
0,16,13,0,,,,,,,,
0,16,13,0,,,,,,,,
0,16,14,0,,,,,,,,
25,16,14,2,986,1140,834,522,,,,
0,16,14,0,,,,,,,,
53,16,15,1,,635,2253,2876,2596,811,,
0,16,15,0,,,,,,,,
0,16,15,0,,,,,,,,
0,16,16,0,,,,,,,,
65,16,16,2,282,,814,2988,,,,
0,16,16,0,,,,,,,,
27,16,17,1,435,,,,2616,,,
0,16,17,0,,,,,,,,
0,16,17,0,,,,,,,,
0,16,18,0,,,,,,,,
26,16,18,2,645,1800,1744,762,,,,
0,16,18,0,,,,,,,,
24,16,19,1,,,911,,,,,
0,16,19,0,,,,,,,,
0,16,19,0,,,,,,,,
0,16,20,0,,,,,,,,
34,16,20,2,,,270,,,,,
0,16,20,0,,,,,,,,
33,16,21,1,,,237,,,,,
0,16,21,0,,,,,,,,
0,16,21,0,,,,,,,,
0,16,22,0,,,,,,,,
37,16,22,2,,696,331,157,,,,
0,16,22,0,,,,,,,,
31,16,23,1,1118,1911,2193,,,,,
0,16,23,0,,,,,,,,
0,16,23,0,,,,,,,,
0,16,24,0,,,,,,,,
55,16,24,2,1966,315,1058,2785,,,,
0,16,24,0,,,,,,,,
20,16,25,1,,,780,,,,,
0,16,25,0,,,,,,,,
0,16,25,0,,,,,,,,
0,16,26,0,,,,,,,,
58,16,26,2,505,677,832,320,,,,
0,16,26,0,,,,,,,,
32,16,27,1,489,,190,,,,,
0,16,27,0,,,,,,,,
0,16,27,0,,,,,,,,
0,16,28,0,,,,,,,,
51,16,28,2,,184,,129,318,,,
0,16,28,0,,,,,,,,
21,16,29,1,,,,324,,,,
0,16,29,0,,,,,,,,
0,16,29,0,,,,,,,,
0,16,30,0,,,,,,,,
62,16,30,2,2472,1309,2058,543,,,,
0,16,30,0,,,,,,,,
66,16,31,1,,819,560,165,,,,
0,16,31,0,,,,,,,,
0,16,31,0,,,,,,,,
0,16,32,0,,,,,,,,
18,16,32,2,1720,326,800,,730,,,
0,16,32,0,,,,,,,,
