seq,subj,item,cond,R1,R2,R3,R4,R5,R6,R7,R8
23,1,1,1,2994,897,,1894,,,,
0,1,1,0,,,,,,,,
0,1,1,0,,,,,,,,
0,1,2,0,,,,,,,,
0,1,2,0,,,,,,,,
11,1,2,2,265,,,,812,,,
39,1,3,1,296,,,,,,,
0,1,3,0,,,,,,,,
0,1,3,0,,,,,,,,
0,1,4,0,,,,,,,,
0,1,4,0,,,,,,,,
13,1,4,2,577,,,,1331,,,
5,1,5,1,,,,,,,,
0,1,5,0,,,,,,,,
0,1,5,0,,,,,,,,
0,1,6,0,,,,,,,,
0,1,6,0,,,,,,,,
9,1,6,2,464,511,,134,,,,
41,1,7,1,305,,,,1204,,,
0,1,7,0,,,,,,,,
0,1,7,0,,,,,,,,
0,1,8,0,,,,,,,,
0,1,8,0,,,,,,,,
17,1,8,2,,,,,1267,2359,,
43,1,9,1,2381,179,,327,1068,,,
0,1,9,0,,,,,,,,
0,1,9,0,,,,,,,,
0,1,10,0,,,,,,,,
0,1,10,0,,,,,,,,
47,1,10,2,445,,1197,373,133,,,
52,1,11,1,,581,1200,,861,,,
0,1,11,0,,,,,,,,
0,1,11,0,,,,,,,,
0,1,12,0,,,,,,,,
56,1,12,2,641,235,1743,143,,,,
0,1,12,0,,,,,,,,
64,1,13,1,496,929,,111,1620,,,
0,1,13,0,,,,,,,,
0,1,13,0,,,,,,,,
0,1,14,0,,,,,,,,
16,1,14,2,698,184,,334,724,,,
0,1,14,0,,,,,,,,
31,1,15,1,274,1633,,,,,,
0,1,15,0,,,,,,,,
0,1,15,0,,,,,,,,
0,1,16,0,,,,,,,,
7,1,16,2,,,,,176,,,
0,1,16,0,,,,,,,,
32,1,17,1,,801,1759,,389,,,
0,1,17,0,,,,,,,,
0,1,17,0,,,,,,,,
0,1,18,0,,,,,,,,
62,1,18,2,,,,156,564,,,
0,1,18,0,,,,,,,,
61,1,19,1,1585,1265,,939,,,,
0,1,19,0,,,,,,,,
0,1,19,0,,,,,,,,
0,1,20,0,,,,,,,,
40,1,20,2,,110,120,137,,,,
0,1,20,0,,,,,,,,
19,1,21,1,,,,,,,,
0,1,21,0,,,,,,,,
0,1,21,0,,,,,,,,
0,1,22,0,,,,,,,,
26,1,22,2,247,226,259,198,,,,
0,1,22,0,,,,,,,,
44,1,23,1,136,,,,,,,
0,1,23,0,,,,,,,,
0,1,23,0,,,,,,,,
0,1,24,0,,,,,,,,
20,1,24,2,,,1172,338,871,,,
0,1,24,0,,,,,,,,
35,1,25,1,848,,369,,577,,,
0,1,25,0,,,,,,,,
0,1,25,0,,,,,,,,
0,1,26,0,,,,,,,,
8,1,26,2,547,342,373,,,,,
0,1,26,0,,,,,,,,
28,1,27,1,2789,605,581,293,167,,,
0,1,27,0,,,,,,,,
0,1,27,0,,,,,,,,
0,1,28,0,,,,,,,,
15,1,28,2,1456,217,402,325,,,,
0,1,28,0,,,,,,,,
24,1,29,1,2807,392,,1374,255,,,
0,1,29,0,,,,,,,,
0,1,29,0,,,,,,,,
0,1,30,0,,,,,,,,
29,1,30,2,,,,,,,,
0,1,30,0,,,,,,,,
59,1,31,1,,777,,,121,,,
0,1,31,0,,,,,,,,
0,1,31,0,,,,,,,,
0,1,32,0,,,,,,,,
63,1,32,2,636,,748,,497,,,
0,1,32,0,,,,,,,,
23,2,1,0,,,,,,,,
0,2,1,0,,,,,,,,
30,2,1,2,295,202,,,,,,
13,2,2,1,,,,,,,,
0,2,2,0,,,,,,,,
11,2,2,0,,,,,,,,
39,2,3,0,,,,,,,,
0,2,3,0,,,,,,,,
41,2,3,2,,,,,,,,
28,2,4,1,,420,1225,,,,,
0,2,4,0,,,,,,,,
13,2,4,0,,,,,,,,
5,2,5,0,,,,,,,,
0,2,5,0,,,,,,,,
20,2,5,2,,,97,,,,,
44,2,6,1,2116,,,,147,,,
0,2,6,0,,,,,,,,
9,2,6,0,,,,,,,,
41,2,7,0,,,,,,,,
0,2,7,0,,,,,,,,
39,2,7,2,834,,1797,287,,,,
64,2,8,1,,335,232,,315,,,
0,2,8,0,,,,,,,,
17,2,8,0,,,,,,,,
43,2,9,0,,,,,,,,
0,2,9,0,,,,,,,,
48,2,9,2,155,316,167,329,523,,,
50,2,10,1,,,,,,,,
0,2,10,0,,,,,,,,
47,2,10,0,,,,,,,,
52,2,11,0,,,,,,,,
34,2,11,2,,,734,,437,,,
0,2,11,0,,,,,,,,
55,2,12,1,,,,183,677,,,
56,2,12,0,,,,,,,,
0,2,12,0,,,,,,,,
64,2,13,0,,,,,,,,
66,2,13,2,,1093,,,,,,
0,2,13,0,,,,,,,,
53,2,14,1,,,,,,,,
16,2,14,0,,,,,,,,
0,2,14,0,,,,,,,,
31,2,15,0,,,,,,,,
56,2,15,2,,,,,501,,,
0,2,15,0,,,,,,,,
17,2,16,1,101,,,,,,,
7,2,16,0,,,,,,,,
0,2,16,0,,,,,,,,
32,2,17,0,,,,,,,,
6,2,17,2,,2186,,,,,,
0,2,17,0,,,,,,,,
33,2,18,1,,,,591,,,,
62,2,18,0,,,,,,,,
0,2,18,0,,,,,,,,
61,2,19,0,,,,,,,,
52,2,19,2,,164,,,270,,,
0,2,19,0,,,,,,,,
46,2,20,1,,,,,,,,
40,2,20,0,,,,,,,,
0,2,20,0,,,,,,,,
19,2,21,0,,,,,,,,
62,2,21,2,,,,,,,,
0,2,21,0,,,,,,,,
59,2,22,1,,,,161,,,,
26,2,22,0,,,,,,,,
0,2,22,0,,,,,,,,
44,2,23,0,,,,,,,,
54,2,23,2,,,,,,,,
0,2,23,0,,,,,,,,
32,2,24,1,,,,,918,,,
20,2,24,0,,,,,,,,
0,2,24,0,,,,,,,,
35,2,25,0,,,,,,,,
67,2,25,2,359,,,151,,,,
0,2,25,0,,,,,,,,
43,2,26,1,,,,,,,,
8,2,26,0,,,,,,,,
0,2,26,0,,,,,,,,
28,2,27,0,,,,,,,,
23,2,27,2,,,,,425,,,
0,2,27,0,,,,,,,,
15,2,28,1,1301,119,,129,,,,
15,2,28,0,,,,,,,,
0,2,28,0,,,,,,,,
24,2,29,0,,,,,,,,
37,2,29,2,188,2184,,,234,,,
0,2,29,0,,,,,,,,
27,2,30,1,221,133,765,,,,,
29,2,30,0,,,,,,,,
0,2,30,0,,,,,,,,
59,2,31,0,,,,,,,,
26,2,31,2,,,326,,,,,
0,2,31,0,,,,,,,,
5,2,32,1,,,1056,,,,,
63,2,32,0,,,,,,,,
0,2,32,0,,,,,,,,
36,3,1,1,586,318,874,,,,,
0,3,1,0,,,,,,,,
30,3,1,0,,,,,,,,
13,3,2,0,,,,,,,,
0,3,2,0,,,,,,,,
7,3,2,2,5576,2214,2498,2508,,,,
29,3,3,1,994,2039,1598,1834,679,,,
0,3,3,0,,,,,,,,
41,3,3,0,,,,,,,,
28,3,4,0,,,,,,,,
0,3,4,0,,,,,,,,
14,3,4,2,3036,4970,306,1106,624,,,
61,3,5,1,1468,599,264,,228,,,
0,3,5,0,,,,,,,,
20,3,5,0,,,,,,,,
44,3,6,0,,,,,,,,
0,3,6,0,,,,,,,,
9,3,6,2,2306,1616,1278,,1155,1206,,
48,3,7,1,1170,1859,1066,,283,,,
0,3,7,0,,,,,,,,
39,3,7,0,,,,,,,,
64,3,8,0,,,,,,,,
0,3,8,0,,,,,,,,
58,3,8,2,,516,,,143,,,
44,3,9,1,4504,958,1755,732,1452,,,
0,3,9,0,,,,,,,,
48,3,9,0,,,,,,,,
50,3,10,0,,,,,,,,
0,3,10,0,,,,,,,,
40,3,10,2,916,1195,836,483,170,,,
39,3,11,1,279,1551,146,,853,,,
34,3,11,0,,,,,,,,
0,3,11,0,,,,,,,,
55,3,12,0,,,,,,,,
67,3,12,2,939,765,381,162,1004,,,
0,3,12,0,,,,,,,,
35,3,13,1,,2271,805,1391,709,,,
66,3,13,0,,,,,,,,
0,3,13,0,,,,,,,,
53,3,14,0,,,,,,,,
64,3,14,2,266,636,424,776,884,,,
0,3,14,0,,,,,,,,
57,3,15,1,390,271,731,207,,,,
56,3,15,0,,,,,,,,
0,3,15,0,,,,,,,,
17,3,16,0,,,,,,,,
16,3,16,2,1005,661,1229,1649,564,,,
0,3,16,0,,,,,,,,
38,3,17,1,799,3255,,276,194,,,
6,3,17,0,,,,,,,,
0,3,17,0,,,,,,,,
33,3,18,0,,,,,,,,
19,3,18,2,2388,1356,546,,176,,,
0,3,18,0,,,,,,,,
27,3,19,1,2931,3190,651,547,509,,,
52,3,19,0,,,,,,,,
0,3,19,0,,,,,,,,
46,3,20,0,,,,,,,,
47,3,20,2,1638,2027,1055,160,144,,,
0,3,20,0,,,,,,,,
43,3,21,1,1380,,,471,747,,,
62,3,21,0,,,,,,,,
0,3,21,0,,,,,,,,
59,3,22,0,,,,,,,,
22,3,22,2,,978,3410,277,,,,
0,3,22,0,,,,,,,,
68,3,23,1,112,248,,,881,,,
54,3,23,0,,,,,,,,
0,3,23,0,,,,,,,,
32,3,24,0,,,,,,,,
6,3,24,2,3627,2000,1057,1112,477,2841,,
0,3,24,0,,,,,,,,
60,3,25,1,304,1259,1578,282,154,,,
67,3,25,0,,,,,,,,
0,3,25,0,,,,,,,,
43,3,26,0,,,,,,,,
33,3,26,2,450,737,495,,,,,
0,3,26,0,,,,,,,,
66,3,27,1,2493,2835,913,358,592,,,
23,3,27,0,,,,,,,,
0,3,27,0,,,,,,,,
15,3,28,0,,,,,,,,
42,3,28,2,421,1626,689,2229,736,,,
0,3,28,0,,,,,,,,
13,3,29,1,1683,2028,3786,1588,1889,,,
37,3,29,0,,,,,,,,
0,3,29,0,,,,,,,,
27,3,30,0,,,,,,,,
11,3,30,2,1559,1400,2103,2569,956,,,
0,3,30,0,,,,,,,,
34,3,31,1,183,1738,1833,532,242,,,
26,3,31,0,,,,,,,,
0,3,31,0,,,,,,,,
5,3,32,0,,,,,,,,
24,3,32,2,2932,1855,2635,2029,1270,,,
0,3,32,0,,,,,,,,
36,4,1,0,,,,,,,,
0,4,1,0,,,,,,,,
60,4,1,2,830,382,640,1167,,,,
42,4,2,1,190,,,718,679,1088,,
0,4,2,0,,,,,,,,
7,4,2,0,,,,,,,,
29,4,3,0,,,,,,,,
0,4,3,0,,,,,,,,
23,4,3,2,4736,1433,,138,1134,,,
38,4,4,1,3178,319,,,,,,
0,4,4,0,,,,,,,,
14,4,4,0,,,,,,,,
61,4,5,0,,,,,,,,
0,4,5,0,,,,,,,,
54,4,5,2,,,,,,,,
43,4,6,1,,622,508,,,,,
0,4,6,0,,,,,,,,
9,4,6,0,,,,,,,,
48,4,7,0,,,,,,,,
0,4,7,0,,,,,,,,
24,4,7,2,192,,382,143,,,,
18,4,8,1,1667,,,1001,1268,,,
0,4,8,0,,,,,,,,
58,4,8,0,,,,,,,,
44,4,9,0,,,,,,,,
0,4,9,0,,,,,,,,
53,4,9,2,,575,192,86,,,,
13,4,10,1,107,,,,,,,
0,4,10,0,,,,,,,,
40,4,10,0,,,,,,,,
39,4,11,0,,,,,,,,
57,4,11,2,217,,101,339,,,,
0,4,11,0,,,,,,,,
65,4,12,1,,2232,1038,985,854,,,
67,4,12,0,,,,,,,,
0,4,12,0,,,,,,,,
35,4,13,0,,,,,,,,
9,4,13,2,1817,142,88,,1672,,,
0,4,13,0,,,,,,,,
61,4,14,1,,,,664,,,,
64,4,14,0,,,,,,,,
0,4,14,0,,,,,,,,
57,4,15,0,,,,,,,,
39,4,15,2,819,,401,313,1926,,,
0,4,15,0,,,,,,,,
20,4,16,1,1146,,,,,,,
16,4,16,0,,,,,,,,
0,4,16,0,,,,,,,,
38,4,17,0,,,,,,,,
12,4,17,2,,1512,,,,,,
0,4,17,0,,,,,,,,
55,4,18,1,2005,1190,,207,1243,,,
19,4,18,0,,,,,,,,
0,4,18,0,,,,,,,,
27,4,19,0,,,,,,,,
36,4,19,2,209,,,1527,192,,,
0,4,19,0,,,,,,,,
62,4,20,1,1735,513,561,,,,,
47,4,20,0,,,,,,,,
0,4,20,0,,,,,,,,
43,4,21,0,,,,,,,,
32,4,21,2,,,248,2080,,,,
0,4,21,0,,,,,,,,
16,4,22,1,364,749,135,161,364,,,
22,4,22,0,,,,,,,,
0,4,22,0,,,,,,,,
68,4,23,0,,,,,,,,
45,4,23,2,5970,,,946,,,,
0,4,23,0,,,,,,,,
28,4,24,1,,,528,171,1000,,,
6,4,24,0,,,,,,,,
0,4,24,0,,,,,,,,
60,4,25,0,,,,,,,,
22,4,25,2,,,134,467,406,,,
0,4,25,0,,,,,,,,
17,4,26,1,6118,,,351,,,,
33,4,26,0,,,,,,,,
0,4,26,0,,,,,,,,
66,4,27,0,,,,,,,,
15,4,27,2,,390,325,263,2207,,,
0,4,27,0,,,,,,,,
7,4,28,1,1186,1303,489,855,1538,,,
42,4,28,0,,,,,,,,
0,4,28,0,,,,,,,,
13,4,29,0,,,,,,,,
59,4,29,2,,2719,683,682,,,,
0,4,29,0,,,,,,,,
37,4,30,1,809,,,,,,,
11,4,30,0,,,,,,,,
0,4,30,0,,,,,,,,
34,4,31,0,,,,,,,,
48,4,31,2,,2230,922,,,,,
0,4,31,0,,,,,,,,
46,4,32,1,3419,,,201,,,,
24,4,32,0,,,,,,,,
0,4,32,0,,,,,,,,
41,5,1,1,1471,,,421,172,,,
0,5,1,0,,,,,,,,
60,5,1,0,,,,,,,,
42,5,2,0,,,,,,,,
0,5,2,0,,,,,,,,
5,5,2,2,1969,234,693,307,365,,,
8,5,3,1,3192,,,525,,,,
0,5,3,0,,,,,,,,
23,5,3,0,,,,,,,,
38,5,4,0,,,,,,,,
0,5,4,0,,,,,,,,
62,5,4,2,1393,433,,1188,283,,,
30,5,5,1,125,208,,,127,,,
0,5,5,0,,,,,,,,
54,5,5,0,,,,,,,,
43,5,6,0,,,,,,,,
0,5,6,0,,,,,,,,
17,5,6,2,1305,749,380,,,,,
38,5,7,1,1212,,985,,308,,,
0,5,7,0,,,,,,,,
24,5,7,0,,,,,,,,
18,5,8,0,,,,,,,,
0,5,8,0,,,,,,,,
55,5,8,2,,,,,,,,
21,5,9,1,1255,713,,,,,,
0,5,9,0,,,,,,,,
53,5,9,0,,,,,,,,
13,5,10,0,,,,,,,,
0,5,10,0,,,,,,,,
24,5,10,2,1002,446,,195,,,,
35,5,11,1,810,1558,,340,,,,
57,5,11,0,,,,,,,,
0,5,11,0,,,,,,,,
65,5,12,0,,,,,,,,
7,5,12,2,3074,105,,,,,,
0,5,12,0,,,,,,,,
10,5,13,1,594,,,,,,,
9,5,13,0,,,,,,,,
0,5,13,0,,,,,,,,
61,5,14,0,,,,,,,,
12,5,14,2,4161,,174,,,,,
0,5,14,0,,,,,,,,
32,5,15,1,954,472,599,118,545,,,
39,5,15,0,,,,,,,,
0,5,15,0,,,,,,,,
20,5,16,0,,,,,,,,
47,5,16,2,603,1220,,491,718,,,
0,5,16,0,,,,,,,,
16,5,17,1,1020,993,1176,,,,,
12,5,17,0,,,,,,,,
0,5,17,0,,,,,,,,
55,5,18,0,,,,,,,,
29,5,18,2,2675,889,317,447,1405,,,
0,5,18,0,,,,,,,,
64,5,19,1,1661,1924,346,594,,,,
36,5,19,0,,,,,,,,
0,5,19,0,,,,,,,,
62,5,20,0,,,,,,,,
13,5,20,2,957,570,146,103,,,,
0,5,20,0,,,,,,,,
52,5,21,1,,,1080,,924,,,
32,5,21,0,,,,,,,,
0,5,21,0,,,,,,,,
16,5,22,0,,,,,,,,
53,5,22,2,286,,,232,131,,,
0,5,22,0,,,,,,,,
28,5,23,1,,330,199,,,,,
45,5,23,0,,,,,,,,
0,5,23,0,,,,,,,,
28,5,24,0,,,,,,,,
61,5,24,2,831,162,,273,,,,
0,5,24,0,,,,,,,,
23,5,25,1,1032,742,204,,,,,
22,5,25,0,,,,,,,,
0,5,25,0,,,,,,,,
17,5,26,0,,,,,,,,
46,5,26,2,543,407,178,,,,,
0,5,26,0,,,,,,,,
15,5,27,1,4161,307,230,600,330,,,
15,5,27,0,,,,,,,,
0,5,27,0,,,,,,,,
7,5,28,0,,,,,,,,
37,5,28,2,2204,1071,142,,,,,
0,5,28,0,,,,,,,,
14,5,29,1,1978,241,97,1424,600,,,
59,5,29,0,,,,,,,,
0,5,29,0,,,,,,,,
37,5,30,0,,,,,,,,
59,5,30,2,729,,,,251,,,
0,5,30,0,,,,,,,,
26,5,31,1,1153,1103,316,394,,,,
48,5,31,0,,,,,,,,
0,5,31,0,,,,,,,,
46,5,32,0,,,,,,,,
68,5,32,2,,454,126,,,711,,
0,5,32,0,,,,,,,,
41,6,1,0,,,,,,,,
0,6,1,0,,,,,,,,
16,6,1,2,2694,1684,160,1252,2770,,,
9,6,2,1,570,656,979,934,,,,
0,6,2,0,,,,,,,,
5,6,2,0,,,,,,,,
8,6,3,0,,,,,,,,
0,6,3,0,,,,,,,,
11,6,3,2,,1332,,1252,2653,,,
23,6,4,1,1100,1891,6761,,,,,
0,6,4,0,,,,,,,,
62,6,4,0,,,,,,,,
30,6,5,0,,,,,,,,
0,6,5,0,,,,,,,,
35,6,5,2,3435,2194,3685,541,489,,,
39,6,6,1,1036,135,217,651,1597,,,
0,6,6,0,,,,,,,,
17,6,6,0,,,,,,,,
38,6,7,0,,,,,,,,
0,6,7,0,,,,,,,,
64,6,7,2,923,2331,545,892,852,,,
19,6,8,1,828,4237,303,125,902,,,
0,6,8,0,,,,,,,,
55,6,8,0,,,,,,,,
21,6,9,0,,,,,,,,
0,6,9,0,,,,,,,,
61,6,9,2,901,389,,,1707,,,
25,6,10,1,882,594,756,185,372,,,
0,6,10,0,,,,,,,,
24,6,10,0,,,,,,,,
35,6,11,0,,,,,,,,
27,6,11,2,976,352,,727,1243,,,
0,6,11,0,,,,,,,,
29,6,12,1,1611,865,,,1454,,,
7,6,12,0,,,,,,,,
0,6,12,0,,,,,,,,
10,6,13,0,,,,,,,,
15,6,13,2,3167,2676,2501,2769,2650,,,
0,6,13,0,,,,,,,,
60,6,14,1,1354,152,127,1545,258,,,
12,6,14,0,,,,,,,,
0,6,14,0,,,,,,,,
32,6,15,0,,,,,,,,
48,6,15,2,3230,2165,613,387,,377,,
0,6,15,0,,,,,,,,
6,6,16,1,1577,945,,,,,,
47,6,16,0,,,,,,,,
0,6,16,0,,,,,,,,
16,6,17,0,,,,,,,,
58,6,17,2,2393,679,323,541,1633,,,
0,6,17,0,,,,,,,,
41,6,18,1,4139,174,1241,514,,,,
29,6,18,0,,,,,,,,
0,6,18,0,,,,,,,,
64,6,19,0,,,,,,,,
51,6,19,2,240,336,960,235,,,,
0,6,19,0,,,,,,,,
43,6,20,1,3379,179,,988,2173,,,
13,6,20,0,,,,,,,,
0,6,20,0,,,,,,,,
52,6,21,0,,,,,,,,
22,6,21,2,1511,4963,,,395,,,
0,6,21,0,,,,,,,,
42,6,22,1,1127,713,475,178,,,,
53,6,22,0,,,,,,,,
0,6,22,0,,,,,,,,
28,6,23,0,,,,,,,,
53,6,23,2,1876,1500,640,138,,,,
0,6,23,0,,,,,,,,
54,6,24,1,,506,691,337,1068,,,
61,6,24,0,,,,,,,,
0,6,24,0,,,,,,,,
23,6,25,0,,,,,,,,
5,6,25,2,266,166,586,404,2827,,,
0,6,25,0,,,,,,,,
44,6,26,1,,,,,,,,
46,6,26,0,,,,,,,,
0,6,26,0,,,,,,,,
15,6,27,0,,,,,,,,
62,6,27,2,,135,1592,,1588,,,
0,6,27,0,,,,,,,,
32,6,28,1,5244,3553,1844,1744,2034,,,
37,6,28,0,,,,,,,,
0,6,28,0,,,,,,,,
14,6,29,0,,,,,,,,
49,6,29,2,8369,640,840,333,425,,,
0,6,29,0,,,,,,,,
50,6,30,1,689,,,1150,,,,
59,6,30,0,,,,,,,,
0,6,30,0,,,,,,,,
26,6,31,0,,,,,,,,
18,6,31,2,1750,951,1817,656,260,,,
0,6,31,0,,,,,,,,
59,6,32,1,,,,,,,,
68,6,32,0,,,,,,,,
0,6,32,0,,,,,,,,
59,7,1,1,1168,651,,,1495,,,
0,7,1,0,,,,,,,,
16,7,1,0,,,,,,,,
9,7,2,0,,,,,,,,
0,7,2,0,,,,,,,,
54,7,2,2,1021,155,,664,198,,,
47,7,3,1,,,,992,1058,,,
0,7,3,0,,,,,,,,
11,7,3,0,,,,,,,,
23,7,4,0,,,,,,,,
0,7,4,0,,,,,,,,
35,7,4,2,,,,,1398,,,
41,7,5,1,,,,,,,,
0,7,5,0,,,,,,,,
35,7,5,0,,,,,,,,
39,7,6,0,,,,,,,,
0,7,6,0,,,,,,,,
45,7,6,2,694,403,108,,,1393,,
48,7,7,1,,283,,205,220,,,
0,7,7,0,,,,,,,,
64,7,7,0,,,,,,,,
19,7,8,0,,,,,,,,
0,7,8,0,,,,,,,,
13,7,8,2,280,267,314,266,235,,,
28,7,9,1,954,1375,879,544,1846,,,
0,7,9,0,,,,,,,,
61,7,9,0,,,,,,,,
25,7,10,0,,,,,,,,
0,7,10,0,,,,,,,,
63,7,10,2,,,,,117,,,
6,7,11,1,,872,529,188,976,,,
27,7,11,0,,,,,,,,
0,7,11,0,,,,,,,,
29,7,12,0,,,,,,,,
9,7,12,2,692,635,208,532,1466,621,,
0,7,12,0,,,,,,,,
65,7,13,1,594,692,180,,1181,,,
15,7,13,0,,,,,,,,
0,7,13,0,,,,,,,,
60,7,14,0,,,,,,,,
52,7,14,2,289,586,124,243,,,,
0,7,14,0,,,,,,,,
15,7,15,1,,,,229,444,,,
48,7,15,0,,,,,,,,
0,7,15,0,,,,,,,,
6,7,16,0,,,,,,,,
20,7,16,2,152,1077,,1311,,,,
0,7,16,0,,,,,,,,
53,7,17,1,507,339,919,,207,,,
58,7,17,0,,,,,,,,
0,7,17,0,,,,,,,,
41,7,18,0,,,,,,,,
43,7,18,2,290,,247,,585,,,
0,7,18,0,,,,,,,,
5,7,19,1,1035,,,,,,,
51,7,19,0,,,,,,,,
0,7,19,0,,,,,,,,
43,7,20,0,,,,,,,,
16,7,20,2,248,,,,,,,
0,7,20,0,,,,,,,,
39,7,21,1,,,,,,,,
22,7,21,0,,,,,,,,
0,7,21,0,,,,,,,,
42,7,22,0,,,,,,,,
57,7,22,2,720,115,,109,899,,,
0,7,22,0,,,,,,,,
44,7,23,1,,348,,,306,,,
53,7,23,0,,,,,,,,
0,7,23,0,,,,,,,,
54,7,24,0,,,,,,,,
55,7,24,2,,365,893,965,1378,,,
0,7,24,0,,,,,,,,
27,7,25,1,662,,359,584,1501,,,
5,7,25,0,,,,,,,,
0,7,25,0,,,,,,,,
44,7,26,0,,,,,,,,
38,7,26,2,231,,,,,,,
0,7,26,0,,,,,,,,
7,7,27,1,2563,,,,436,,,
62,7,27,0,,,,,,,,
0,7,27,0,,,,,,,,
32,7,28,0,,,,,,,,
26,7,28,2,848,780,732,316,1373,,,
0,7,28,0,,,,,,,,
37,7,29,1,1134,571,393,399,2819,,,
49,7,29,0,,,,,,,,
0,7,29,0,,,,,,,,
50,7,30,0,,,,,,,,
8,7,30,2,3827,1721,1607,373,286,,,
0,7,30,0,,,,,,,,
12,7,31,1,178,909,,,200,,,
18,7,31,0,,,,,,,,
0,7,31,0,,,,,,,,
59,7,32,0,,,,,,,,
50,7,32,2,504,,,,,,,
0,7,32,0,,,,,,,,
59,8,1,0,,,,,,,,
0,8,1,0,,,,,,,,
45,8,1,2,8131,461,1382,759,804,,,
22,8,2,1,1098,580,760,855,968,2107,,
0,8,2,0,,,,,,,,
54,8,2,0,,,,,,,,
47,8,3,0,,,,,,,,
0,8,3,0,,,,,,,,
48,8,3,2,2456,155,717,267,208,,,
65,8,4,1,909,154,877,2490,753,,,
0,8,4,0,,,,,,,,
35,8,4,0,,,,,,,,
41,8,5,0,,,,,,,,
0,8,5,0,,,,,,,,
40,8,5,2,4655,2911,83,1912,438,,,
14,8,6,1,1262,359,587,608,1001,,,
0,8,6,0,,,,,,,,
45,8,6,0,,,,,,,,
48,8,7,0,,,,,,,,
0,8,7,0,,,,,,,,
20,8,7,2,617,661,292,148,431,,,
26,8,8,1,1467,654,,110,97,1973,,
0,8,8,0,,,,,,,,
13,8,8,0,,,,,,,,
28,8,9,0,,,,,,,,
0,8,9,0,,,,,,,,
11,8,9,2,1655,2242,335,1109,598,,,
50,8,10,1,1561,608,687,499,442,2927,,
0,8,10,0,,,,,,,,
63,8,10,0,,,,,,,,
6,8,11,0,,,,,,,,
62,8,11,2,718,657,756,310,503,,,
0,8,11,0,,,,,,,,
42,8,12,1,3186,475,622,1404,,637,,
9,8,12,0,,,,,,,,
0,8,12,0,,,,,,,,
65,8,13,0,,,,,,,,
18,8,13,2,2250,2696,425,638,,903,,
0,8,13,0,,,,,,,,
55,8,14,1,3090,181,851,165,,771,,
52,8,14,0,,,,,,,,
0,8,14,0,,,,,,,,
15,8,15,0,,,,,,,,
5,8,15,2,694,700,160,793,981,182,,
0,8,15,0,,,,,,,,
7,8,16,1,1471,2151,,,,,,
20,8,16,0,,,,,,,,
0,8,16,0,,,,,,,,
53,8,17,0,,,,,,,,
28,8,17,2,4819,2197,2391,2042,798,,,
0,8,17,0,,,,,,,,
54,8,18,1,2821,1914,954,1131,1106,,,
43,8,18,0,,,,,,,,
0,8,18,0,,,,,,,,
5,8,19,0,,,,,,,,
56,8,19,2,862,277,421,128,91,,,
0,8,19,0,,,,,,,,
32,8,20,1,2265,781,168,137,343,,,
16,8,20,0,,,,,,,,
0,8,20,0,,,,,,,,
39,8,21,0,,,,,,,,
57,8,21,2,2741,782,596,633,1213,,,
0,8,21,0,,,,,,,,
13,8,22,1,1420,1225,475,467,994,1155,,
57,8,22,0,,,,,,,,
0,8,22,0,,,,,,,,
44,8,23,0,,,,,,,,
58,8,23,2,9614,1058,4375,234,1363,,,
0,8,23,0,,,,,,,,
67,8,24,1,1743,118,,163,,,,
55,8,24,0,,,,,,,,
0,8,24,0,,,,,,,,
27,8,25,0,,,,,,,,
34,8,25,2,2045,783,370,707,557,,,
0,8,25,0,,,,,,,,
59,8,26,1,2519,630,1696,552,1230,,,
38,8,26,0,,,,,,,,
0,8,26,0,,,,,,,,
7,8,27,0,,,,,,,,
6,8,27,2,,,1322,,425,,,
0,8,27,0,,,,,,,,
53,8,28,1,3888,394,1551,280,,,,
26,8,28,0,,,,,,,,
0,8,28,0,,,,,,,,
37,8,29,0,,,,,,,,
37,8,29,2,3622,1072,659,925,516,,,
0,8,29,0,,,,,,,,
33,8,30,1,1108,1256,,,,,,
8,8,30,0,,,,,,,,
0,8,30,0,,,,,,,,
12,8,31,0,,,,,,,,
63,8,31,2,2169,1005,354,391,497,,,
0,8,31,0,,,,,,,,
30,8,32,1,1443,510,,630,187,852,,
50,8,32,0,,,,,,,,
0,8,32,0,,,,,,,,
24,9,1,1,,,,,1334,,,
0,9,1,0,,,,,,,,
45,9,1,0,,,,,,,,
22,9,2,0,,,,,,,,
0,9,2,0,,,,,,,,
22,9,2,2,,,,,,,,
66,9,3,1,,,,,1384,,,
0,9,3,0,,,,,,,,
48,9,3,0,,,,,,,,
65,9,4,0,,,,,,,,
0,9,4,0,,,,,,,,
41,9,4,2,126,,,,,,,
59,9,5,1,,,,,,,,
0,9,5,0,,,,,,,,
40,9,5,0,,,,,,,,
14,9,6,0,,,,,,,,
0,9,6,0,,,,,,,,
51,9,6,2,,,,,406,1717,,
63,9,7,1,,,,167,2486,,,
0,9,7,0,,,,,,,,
20,9,7,0,,,,,,,,
26,9,8,0,,,,,,,,
0,9,8,0,,,,,,,,
34,9,8,2,,,,,422,1465,,
49,9,9,1,,475,,624,1587,,,
0,9,9,0,,,,,,,,
11,9,9,0,,,,,,,,
50,9,10,0,,,,,,,,
0,9,10,0,,,,,,,,
19,9,10,2,,,,,,,,
69,9,11,1,,442,1111,683,708,,,
62,9,11,0,,,,,,,,
0,9,11,0,,,,,,,,
42,9,12,0,,,,,,,,
30,9,12,2,,133,,104,1345,,,
0,9,12,0,,,,,,,,
43,9,13,1,,,1343,,,,,
18,9,13,0,,,,,,,,
0,9,13,0,,,,,,,,
55,9,14,0,,,,,,,,
62,9,14,2,,,,159,,,,
0,9,14,0,,,,,,,,
54,9,15,1,,,,409,213,,,
5,9,15,0,,,,,,,,
0,9,15,0,,,,,,,,
7,9,16,0,,,,,,,,
40,9,16,2,,,,,,,,
0,9,16,0,,,,,,,,
37,9,17,1,,,,,,,,
28,9,17,0,,,,,,,,
0,9,17,0,,,,,,,,
54,9,18,0,,,,,,,,
53,9,18,2,,,,,,,,
0,9,18,0,,,,,,,,
6,9,19,1,,,,,,,,
56,9,19,0,,,,,,,,
0,9,19,0,,,,,,,,
32,9,20,0,,,,,,,,
21,9,20,2,,,174,,,,,
0,9,20,0,,,,,,,,
16,9,21,1,,,,,1511,,,
57,9,21,0,,,,,,,,
0,9,21,0,,,,,,,,
13,9,22,0,,,,,,,,
38,9,22,2,,,,,,,,
0,9,22,0,,,,,,,,
58,9,23,1,,,,,,,,
58,9,23,0,,,,,,,,
0,9,23,0,,,,,,,,
67,9,24,0,,,,,,,,
56,9,24,2,,,,,1051,,,
0,9,24,0,,,,,,,,
57,9,25,1,,,,,,,,
34,9,25,0,,,,,,,,
0,9,25,0,,,,,,,,
59,9,26,0,,,,,,,,
5,9,26,2,123,,,,,,,
0,9,26,0,,,,,,,,
10,9,27,1,,2456,,,1480,,,
6,9,27,0,,,,,,,,
0,9,27,0,,,,,,,,
53,9,28,0,,,,,,,,
33,9,28,2,,,155,,,,,
0,9,28,0,,,,,,,,
55,9,29,1,,,,,,,,
37,9,29,0,,,,,,,,
0,9,29,0,,,,,,,,
33,9,30,0,,,,,,,,
17,9,30,2,,,,,,,,
0,9,30,0,,,,,,,,
9,9,31,1,,87,,,,,,
63,9,31,0,,,,,,,,
0,9,31,0,,,,,,,,
30,9,32,0,,,,,,,,
48,9,32,2,,,3149,193,2018,,,
0,9,32,0,,,,,,,,
29,10,1,1,898,1188,,397,1038,,,
0,10,1,0,,,,,,,,
45,10,1,0,,,,,,,,
22,10,2,0,,,,,,,,
0,10,2,0,,,,,,,,
19,10,2,2,348,1202,1138,829,180,1183,,
56,10,3,1,1188,1487,719,719,,,,
0,10,3,0,,,,,,,,
48,10,3,0,,,,,,,,
65,10,4,0,,,,,,,,
0,10,4,0,,,,,,,,
58,10,4,2,2578,4738,,,445,,,
46,10,5,1,123,,247,251,227,,,
0,10,5,0,,,,,,,,
40,10,5,0,,,,,,,,
14,10,6,0,,,,,,,,
0,10,6,0,,,,,,,,
27,10,6,2,,,,516,,,,
51,10,7,1,720,1223,714,372,89,,,
0,10,7,0,,,,,,,,
20,10,7,0,,,,,,,,
26,10,8,0,,,,,,,,
0,10,8,0,,,,,,,,
63,10,8,2,462,394,446,575,,,,
9,10,9,1,627,1137,1570,1704,2062,,,
0,10,9,0,,,,,,,,
11,10,9,0,,,,,,,,
50,10,10,0,,,,,,,,
0,10,10,0,,,,,,,,
34,10,10,2,,,,,526,,,
45,10,11,1,,286,440,154,401,,,
62,10,11,0,,,,,,,,
0,10,11,0,,,,,,,,
42,10,12,0,,,,,,,,
38,10,12,2,377,,,,90,330,,
0,10,12,0,,,,,,,,
16,10,13,1,700,,,,777,987,,
18,10,13,0,,,,,,,,
0,10,13,0,,,,,,,,
55,10,14,0,,,,,,,,
67,10,14,2,1274,1785,445,105,458,,,
0,10,14,0,,,,,,,,
42,10,15,1,303,591,,,165,,,
5,10,15,0,,,,,,,,
0,10,15,0,,,,,,,,
7,10,16,0,,,,,,,,
15,10,16,2,995,,,,,,,
0,10,16,0,,,,,,,,
61,10,17,1,1920,520,,,,,,
28,10,17,0,,,,,,,,
0,10,17,0,,,,,,,,
54,10,18,0,,,,,,,,
31,10,18,2,,2044,,1020,557,,,
0,10,18,0,,,,,,,,
55,10,19,1,611,1394,1926,944,576,,,
56,10,19,0,,,,,,,,
0,10,19,0,,,,,,,,
32,10,20,0,,,,,,,,
33,10,20,2,579,1346,1526,,,,,
0,10,20,0,,,,,,,,
25,10,21,1,2683,2721,872,1041,525,,,
57,10,21,0,,,,,,,,
0,10,21,0,,,,,,,,
13,10,22,0,,,,,,,,
66,10,22,2,1017,814,523,1452,1490,,,
0,10,22,0,,,,,,,,
40,10,23,1,,1046,499,,456,,,
58,10,23,0,,,,,,,,
0,10,23,0,,,,,,,,
67,10,24,0,,,,,,,,
37,10,24,2,1143,,,,501,,,
0,10,24,0,,,,,,,,
14,10,25,1,,,,,,,,
34,10,25,0,,,,,,,,
0,10,25,0,,,,,,,,
59,10,26,0,,,,,,,,
65,10,26,2,1402,2020,652,,,,,
0,10,26,0,,,,,,,,
36,10,27,1,3444,162,671,270,1879,,,
6,10,27,0,,,,,,,,
0,10,27,0,,,,,,,,
53,10,28,0,,,,,,,,
41,10,28,2,180,645,1578,,168,,,
0,10,28,0,,,,,,,,
44,10,29,1,164,1254,,,,,,
37,10,29,0,,,,,,,,
0,10,29,0,,,,,,,,
33,10,30,0,,,,,,,,
62,10,30,2,389,162,,403,2338,,,
0,10,30,0,,,,,,,,
60,10,31,1,1836,,,189,430,,,
63,10,31,0,,,,,,,,
0,10,31,0,,,,,,,,
30,10,32,0,,,,,,,,
26,10,32,2,1584,1010,857,1331,,,,
0,10,32,0,,,,,,,,
29,11,1,0,,,,,,,,
0,11,1,0,,,,,,,,
57,11,1,2,401,,,84,208,1122,168,
47,11,2,1,900,1446,,487,,1178,,
0,11,2,0,,,,,,,,
19,11,2,0,,,,,,,,
56,11,3,0,,,,,,,,
0,11,3,0,,,,,,,,
6,11,3,2,,,,,1541,,,
39,11,4,1,237,1195,2611,349,608,1415,,
0,11,4,0,,,,,,,,
58,11,4,0,,,,,,,,
46,11,5,0,,,,,,,,
0,11,5,0,,,,,,,,
17,11,5,2,1292,1767,,218,,,,
10,11,6,1,1148,,672,327,409,1440,,
0,11,6,0,,,,,,,,
27,11,6,0,,,,,,,,
51,11,7,0,,,,,,,,
0,11,7,0,,,,,,,,
33,11,7,2,866,436,361,357,722,,,
8,11,8,1,,154,,2581,629,,,
0,11,8,0,,,,,,,,
63,11,8,0,,,,,,,,
9,11,9,0,,,,,,,,
0,11,9,0,,,,,,,,
59,11,9,2,,,210,987,714,952,,
26,11,10,1,1736,175,,302,304,1336,,
0,11,10,0,,,,,,,,
34,11,10,0,,,,,,,,
45,11,11,0,,,,,,,,
46,11,11,2,,469,889,357,431,1494,,
0,11,11,0,,,,,,,,
68,11,12,1,,761,135,448,1209,684,,
38,11,12,0,,,,,,,,
0,11,12,0,,,,,,,,
16,11,13,0,,,,,,,,
45,11,13,2,532,,305,192,,,,
0,11,13,0,,,,,,,,
42,11,14,1,,,,677,92,1923,,
67,11,14,0,,,,,,,,
0,11,14,0,,,,,,,,
42,11,15,0,,,,,,,,
41,11,15,2,,1026,1356,145,653,1199,,
0,11,15,0,,,,,,,,
14,11,16,1,1718,,,,694,,,
15,11,16,0,,,,,,,,
0,11,16,0,,,,,,,,
61,11,17,0,,,,,,,,
21,11,17,2,393,,,220,,,,
0,11,17,0,,,,,,,,
32,11,18,1,,,1330,,130,,,
31,11,18,0,,,,,,,,
0,11,18,0,,,,,,,,
55,11,19,0,,,,,,,,
12,11,19,2,775,3026,,1107,,,,
0,11,19,0,,,,,,,,
54,11,20,1,358,218,114,337,603,,,
33,11,20,0,,,,,,,,
0,11,20,0,,,,,,,,
25,11,21,0,,,,,,,,
16,11,21,2,539,1988,502,1253,458,,,
0,11,21,0,,,,,,,,
55,11,22,1,,818,125,188,1302,,,
66,11,22,0,,,,,,,,
0,11,22,0,,,,,,,,
40,11,23,0,,,,,,,,
24,11,23,2,,111,998,585,1002,,,
0,11,23,0,,,,,,,,
62,11,24,1,176,527,851,,532,656,,
37,11,24,0,,,,,,,,
0,11,24,0,,,,,,,,
14,11,25,0,,,,,,,,
66,11,25,2,,371,,311,370,,,
0,11,25,0,,,,,,,,
48,11,26,1,749,466,128,,,,,
65,11,26,0,,,,,,,,
0,11,26,0,,,,,,,,
36,11,27,0,,,,,,,,
67,11,27,2,,,286,,531,1940,,
0,11,27,0,,,,,,,,
25,11,28,1,1025,452,446,,724,1791,,
41,11,28,0,,,,,,,,
0,11,28,0,,,,,,,,
44,11,29,0,,,,,,,,
19,11,29,2,217,1242,850,,1198,,,
0,11,29,0,,,,,,,,
31,11,30,1,558,464,143,561,339,,,
62,11,30,0,,,,,,,,
0,11,30,0,,,,,,,,
60,11,31,0,,,,,,,,
53,11,31,2,,732,299,,1242,713,,
0,11,31,0,,,,,,,,
56,11,32,1,,195,457,241,274,647,,
26,11,32,0,,,,,,,,
0,11,32,0,,,,,,,,
57,12,1,1,,113,,,1753,,,
0,12,1,0,,,,,,,,
57,12,1,0,,,,,,,,
47,12,2,0,,,,,,,,
0,12,2,0,,,,,,,,
25,12,2,2,1027,2378,,,688,,,
46,12,3,1,112,,1326,,1607,,,
0,12,3,0,,,,,,,,
6,12,3,0,,,,,,,,
39,12,4,0,,,,,,,,
0,12,4,0,,,,,,,,
23,12,4,2,147,290,655,,2939,,,
10,12,5,1,146,471,2317,,,,,
0,12,5,0,,,,,,,,
17,12,5,0,,,,,,,,
10,12,6,0,,,,,,,,
0,12,6,0,,,,,,,,
66,12,6,2,886,555,1070,1147,172,635,,
18,12,7,1,947,457,,,,,,
0,12,7,0,,,,,,,,
33,12,7,0,,,,,,,,
8,12,8,0,,,,,,,,
0,12,8,0,,,,,,,,
32,12,8,2,,,,,,,,
8,12,9,1,643,,,,1652,,,
0,12,9,0,,,,,,,,
59,12,9,0,,,,,,,,
26,12,10,0,,,,,,,,
0,12,10,0,,,,,,,,
56,12,10,2,,,,,,,,
20,12,11,1,1545,1995,1978,1188,700,,,
46,12,11,0,,,,,,,,
0,12,11,0,,,,,,,,
68,12,12,0,,,,,,,,
51,12,12,2,822,,207,121,1659,,,
0,12,12,0,,,,,,,,
49,12,13,1,579,189,,151,2626,,,
45,12,13,0,,,,,,,,
0,12,13,0,,,,,,,,
42,12,14,0,,,,,,,,
31,12,14,2,553,198,,130,,,,
0,12,14,0,,,,,,,,
7,12,15,1,292,1591,1796,3391,252,,,
41,12,15,0,,,,,,,,
0,12,15,0,,,,,,,,
14,12,16,0,,,,,,,,
67,12,16,2,627,,137,108,,,,
0,12,16,0,,,,,,,,
14,12,17,1,105,547,,,,,,
21,12,17,0,,,,,,,,
0,12,17,0,,,,,,,,
32,12,18,0,,,,,,,,
22,12,18,2,,1207,173,,417,,,
0,12,18,0,,,,,,,,
12,12,19,1,201,183,,,,,,
12,12,19,0,,,,,,,,
0,12,19,0,,,,,,,,
54,12,20,0,,,,,,,,
42,12,20,2,1448,3067,,564,836,,,
0,12,20,0,,,,,,,,
15,12,21,1,136,1792,,,2025,,,
16,12,21,0,,,,,,,,
0,12,21,0,,,,,,,,
55,12,22,0,,,,,,,,
52,12,22,2,,295,140,115,2253,,,
0,12,22,0,,,,,,,,
50,12,23,1,309,,,,,,,
24,12,23,0,,,,,,,,
0,12,23,0,,,,,,,,
62,12,24,0,,,,,,,,
43,12,24,2,272,,,1000,1429,,,
0,12,24,0,,,,,,,,
48,12,25,1,582,,531,,,,,
66,12,25,0,,,,,,,,
0,12,25,0,,,,,,,,
48,12,26,0,,,,,,,,
65,12,26,2,,,,,,,,
0,12,26,0,,,,,,,,
63,12,27,1,,837,1845,242,750,,,
67,12,27,0,,,,,,,,
0,12,27,0,,,,,,,,
25,12,28,0,,,,,,,,
54,12,28,2,474,,,2565,141,,,
0,12,28,0,,,,,,,,
13,12,29,1,1177,121,,415,,,,
19,12,29,0,,,,,,,,
0,12,29,0,,,,,,,,
31,12,30,0,,,,,,,,
41,12,30,2,106,,,,,,,
0,12,30,0,,,,,,,,
39,12,31,1,832,,,,,,,
53,12,31,0,,,,,,,,
0,12,31,0,,,,,,,,
56,12,32,0,,,,,,,,
53,12,32,2,260,1488,214,,,,,
0,12,32,0,,,,,,,,
57,13,1,0,,,,,,,,
0,13,1,0,,,,,,,,
49,13,1,2,1251,,,,,,,
16,13,2,1,1094,2157,,1089,1375,,,
0,13,2,0,,,,,,,,
25,13,2,0,,,,,,,,
46,13,3,0,,,,,,,,
0,13,3,0,,,,,,,,
12,13,3,2,311,188,,,1988,,,
58,13,4,1,1520,,,,,,,
0,13,4,0,,,,,,,,
23,13,4,0,,,,,,,,
10,13,5,0,,,,,,,,
0,13,5,0,,,,,,,,
5,13,5,2,4671,3470,,1165,2169,,,
22,13,6,1,,200,,,,,,
0,13,6,0,,,,,,,,
66,13,6,0,,,,,,,,
18,13,7,0,,,,,,,,
0,13,7,0,,,,,,,,
14,13,7,2,1223,1196,1722,924,,,,
35,13,8,1,,461,256,,,234,,
0,13,8,0,,,,,,,,
32,13,8,0,,,,,,,,
8,13,9,0,,,,,,,,
0,13,9,0,,,,,,,,
26,13,9,2,694,929,175,959,2453,,,
52,13,10,1,,,239,,,,,
0,13,10,0,,,,,,,,
56,13,10,0,,,,,,,,
20,13,11,0,,,,,,,,
54,13,11,2,2476,7674,,,853,,,
0,13,11,0,,,,,,,,
64,13,12,1,2289,1915,696,636,1388,,,
51,13,12,0,,,,,,,,
0,13,12,0,,,,,,,,
49,13,13,0,,,,,,,,
32,13,13,2,,336,,,711,,,
0,13,13,0,,,,,,,,
67,13,14,1,833,1187,1073,787,,,,
31,13,14,0,,,,,,,,
0,13,14,0,,,,,,,,
7,13,15,0,,,,,,,,
44,13,15,2,,542,640,322,719,,,
0,13,15,0,,,,,,,,
51,13,16,1,,,,,,,,
67,13,16,0,,,,,,,,
0,13,16,0,,,,,,,,
14,13,17,0,,,,,,,,
56,13,17,2,966,848,1007,324,610,,,
0,13,17,0,,,,,,,,
8,13,18,1,2101,,1979,,,,,
22,13,18,0,,,,,,,,
0,13,18,0,,,,,,,,
12,13,19,0,,,,,,,,
9,13,19,2,1277,,3320,127,,,,
0,13,19,0,,,,,,,,
66,13,20,1,4899,5890,473,420,492,,,
42,13,20,0,,,,,,,,
0,13,20,0,,,,,,,,
15,13,21,0,,,,,,,,
45,13,21,2,,,,,,,,
0,13,21,0,,,,,,,,
63,13,22,1,451,1454,,,,,,
52,13,22,0,,,,,,,,
0,13,22,0,,,,,,,,
50,13,23,0,,,,,,,,
62,13,23,2,343,553,644,335,97,,,
0,13,23,0,,,,,,,,
18,13,24,1,,,,,908,,,
43,13,24,0,,,,,,,,
0,13,24,0,,,,,,,,
48,13,25,0,,,,,,,,
34,13,25,2,558,4002,1051,1929,1240,,,
0,13,25,0,,,,,,,,
10,13,26,1,,,303,2547,597,,,
65,13,26,0,,,,,,,,
0,13,26,0,,,,,,,,
63,13,27,0,,,,,,,,
7,13,27,2,,126,,1480,2752,,,
0,13,27,0,,,,,,,,
33,13,28,1,2354,816,1139,121,1579,,,
54,13,28,0,,,,,,,,
0,13,28,0,,,,,,,,
13,13,29,0,,,,,,,,
55,13,29,2,405,732,,,,,,
0,13,29,0,,,,,,,,
20,13,30,1,448,,272,,,,,
41,13,30,0,,,,,,,,
0,13,30,0,,,,,,,,
39,13,31,0,,,,,,,,
24,13,31,2,1854,,,,,,,
0,13,31,0,,,,,,,,
57,13,32,1,,,,164,,,,
53,13,32,0,,,,,,,,
0,13,32,0,,,,,,,,
57,14,1,0,,,,,,,,
0,14,1,0,,,,,,,,
13,14,1,2,,187,768,154,,,,
8,14,2,1,1708,1210,,333,672,,,
0,14,2,0,,,,,,,,
25,14,2,0,,,,,,,,
46,14,3,0,,,,,,,,
0,14,3,0,,,,,,,,
62,14,3,2,3870,2162,238,803,,,,
11,14,4,1,568,2133,,134,708,,,
0,14,4,0,,,,,,,,
23,14,4,0,,,,,,,,
10,14,5,0,,,,,,,,
0,14,5,0,,,,,,,,
58,14,5,2,1729,4043,1027,468,87,,,
64,14,6,1,3794,2578,1160,,556,1685,,
0,14,6,0,,,,,,,,
66,14,6,0,,,,,,,,
18,14,7,0,,,,,,,,
0,14,7,0,,,,,,,,
35,14,7,2,1188,2666,482,367,967,,,
55,14,8,1,456,1548,332,,,,,
0,14,8,0,,,,,,,,
32,14,8,0,,,,,,,,
8,14,9,0,,,,,,,,
0,14,9,0,,,,,,,,
50,14,9,2,,143,977,1067,1204,,,
17,14,10,1,,1107,734,611,,,,
0,14,10,0,,,,,,,,
56,14,10,0,,,,,,,,
20,14,11,0,,,,,,,,
46,14,11,2,224,1414,480,290,,,,
0,14,11,0,,,,,,,,
39,14,12,1,1496,,,290,988,,,
51,14,12,0,,,,,,,,
0,14,12,0,,,,,,,,
49,14,13,0,,,,,,,,
26,14,13,2,221,,159,1475,2095,,,
0,14,13,0,,,,,,,,
32,14,14,1,2749,355,,216,432,,,
31,14,14,0,,,,,,,,
0,14,14,0,,,,,,,,
7,14,15,0,,,,,,,,
22,14,15,2,2128,4837,5072,2148,2492,1549,,
0,14,15,0,,,,,,,,
23,14,16,1,4294,7944,5662,,112,,,
67,14,16,0,,,,,,,,
0,14,16,0,,,,,,,,
14,14,17,0,,,,,,,,
28,14,17,2,1149,618,1520,380,1349,,,
0,14,17,0,,,,,,,,
49,14,18,1,8898,3246,2516,1637,993,,,
22,14,18,0,,,,,,,,
0,14,18,0,,,,,,,,
12,14,19,0,,,,,,,,
30,14,19,2,739,749,651,,261,,,
0,14,19,0,,,,,,,,
45,14,20,1,341,416,437,,,,,
42,14,20,0,,,,,,,,
0,14,20,0,,,,,,,,
15,14,21,0,,,,,,,,
31,14,21,2,1193,326,,586,,,,
0,14,21,0,,,,,,,,
16,14,22,1,,1294,1795,228,209,,,
52,14,22,0,,,,,,,,
0,14,22,0,,,,,,,,
50,14,23,0,,,,,,,,
61,14,23,2,4665,1259,443,,,,,
0,14,23,0,,,,,,,,
37,14,24,1,1522,855,,333,1505,,,
43,14,24,0,,,,,,,,
0,14,24,0,,,,,,,,
48,14,25,0,,,,,,,,
38,14,25,2,640,100,,755,,,,
0,14,25,0,,,,,,,,
40,14,26,1,,,,,,,,
65,14,26,0,,,,,,,,
0,14,26,0,,,,,,,,
63,14,27,0,,,,,,,,
27,14,27,2,240,473,165,,2239,,,
0,14,27,0,,,,,,,,
66,14,28,1,425,980,962,,,,,
54,14,28,0,,,,,,,,
0,14,28,0,,,,,,,,
13,14,29,0,,,,,,,,
5,14,29,2,433,2000,4317,2508,458,,,
0,14,29,0,,,,,,,,
10,14,30,1,4495,7078,108,,,,,
41,14,30,0,,,,,,,,
0,14,30,0,,,,,,,,
39,14,31,0,,,,,,,,
53,14,31,2,1710,460,2860,304,697,,,
0,14,31,0,,,,,,,,
54,14,32,1,3228,6532,,,,,,
53,14,32,0,,,,,,,,
0,14,32,0,,,,,,,,
57,15,1,0,,,,,,,,
0,15,1,0,,,,,,,,
36,15,1,2,512,931,,,1975,868,,
24,15,2,1,575,,,,,,,
0,15,2,0,,,,,,,,
25,15,2,0,,,,,,,,
46,15,3,0,,,,,,,,
0,15,3,0,,,,,,,,
14,15,3,2,,,,534,1381,1926,,
55,15,4,1,,,,,1082,,,
0,15,4,0,,,,,,,,
23,15,4,0,,,,,,,,
10,15,5,0,,,,,,,,
0,15,5,0,,,,,,,,
10,15,5,2,,,,,,,,
46,15,6,1,,,928,224,336,,,
0,15,6,0,,,,,,,,
66,15,6,0,,,,,,,,
18,15,7,0,,,,,,,,
0,15,7,0,,,,,,,,
34,15,7,2,676,275,1395,,,,,
20,15,8,1,642,1583,,,,,,
0,15,8,0,,,,,,,,
32,15,8,0,,,,,,,,
8,15,9,0,,,,,,,,
0,15,9,0,,,,,,,,
48,15,9,2,,,,,1306,,,
52,15,10,1,361,169,1074,134,,,,
0,15,10,0,,,,,,,,
56,15,10,0,,,,,,,,
20,15,11,0,,,,,,,,
56,15,11,2,560,1623,,,918,,,
0,15,11,0,,,,,,,,
44,15,12,1,,,,,877,,,
51,15,12,0,,,,,,,,
0,15,12,0,,,,,,,,
49,15,13,0,,,,,,,,
64,15,13,2,,,,,1394,,,
0,15,13,0,,,,,,,,
16,15,14,1,,,173,,,,,
31,15,14,0,,,,,,,,
0,15,14,0,,,,,,,,
7,15,15,0,,,,,,,,
28,15,15,2,274,,534,,595,,,
0,15,15,0,,,,,,,,
12,15,16,1,2543,684,1507,1183,,,,
67,15,16,0,,,,,,,,
0,15,16,0,,,,,,,,
14,15,17,0,,,,,,,,
41,15,17,2,1037,808,697,,575,,,
0,15,17,0,,,,,,,,
40,15,18,1,,,,,140,,,
22,15,18,0,,,,,,,,
0,15,18,0,,,,,,,,
12,15,19,0,,,,,,,,
7,15,19,2,,,,,,,,
0,15,19,0,,,,,,,,
62,15,20,1,,,,,,,,
42,15,20,0,,,,,,,,
0,15,20,0,,,,,,,,
15,15,21,0,,,,,,,,
51,15,21,2,,,,,,,,
0,15,21,0,,,,,,,,
38,15,22,1,,,,,,,,
52,15,22,0,,,,,,,,
0,15,22,0,,,,,,,,
50,15,23,0,,,,,,,,
13,15,23,2,613,441,,956,,,,
0,15,23,0,,,,,,,,
58,15,24,1,,,,187,1582,,,
43,15,24,0,,,,,,,,
0,15,24,0,,,,,,,,
48,15,25,0,,,,,,,,
61,15,25,2,,,,,,,,
0,15,25,0,,,,,,,,
47,15,26,1,583,,,,467,,,
65,15,26,0,,,,,,,,
0,15,26,0,,,,,,,,
63,15,27,0,,,,,,,,
9,15,27,2,,,2040,280,1355,,,
0,15,27,0,,,,,,,,
42,15,28,1,1277,,,,1753,,,
54,15,28,0,,,,,,,,
0,15,28,0,,,,,,,,
13,15,29,0,,,,,,,,
17,15,29,2,,,1124,,,,,
0,15,29,0,,,,,,,,
19,15,30,1,,2141,,,,,,
41,15,30,0,,,,,,,,
0,15,30,0,,,,,,,,
39,15,31,0,,,,,,,,
60,15,31,2,771,929,1641,1034,599,,,
0,15,31,0,,,,,,,,
39,15,32,1,,194,,,,,,
53,15,32,0,,,,,,,,
0,15,32,0,,,,,,,,
57,16,1,0,,,,,,,,
0,16,1,0,,,,,,,,
54,16,1,2,,1553,,175,185,,,
41,16,2,1,,726,1131,,,,,
0,16,2,0,,,,,,,,
25,16,2,0,,,,,,,,
46,16,3,0,,,,,,,,
0,16,3,0,,,,,,,,
33,16,3,2,,,,,1702,1975,,
63,16,4,1,,1064,372,551,116,,,
0,16,4,0,,,,,,,,
23,16,4,0,,,,,,,,
10,16,5,0,,,,,,,,
0,16,5,0,,,,,,,,
45,16,5,2,,498,1126,,,,,
62,16,6,1,,568,,421,,,,
0,16,6,0,,,,,,,,
66,16,6,0,,,,,,,,
18,16,7,0,,,,,,,,
0,16,7,0,,,,,,,,
64,16,7,2,,542,994,384,1390,,,
16,16,8,1,588,,,,,,,
0,16,8,0,,,,,,,,
32,16,8,0,,,,,,,,
8,16,9,0,,,,,,,,
0,16,9,0,,,,,,,,
14,16,9,2,,,,,1041,,,
21,16,10,1,198,,,,,,,
0,16,10,0,,,,,,,,
56,16,10,0,,,,,,,,
20,16,11,0,,,,,,,,
37,16,11,2,,,1275,,917,,,
0,16,11,0,,,,,,,,
19,16,12,1,191,,,,878,,,
51,16,12,0,,,,,,,,
0,16,12,0,,,,,,,,
49,16,13,0,,,,,,,,
44,16,13,2,,173,772,,,,,
0,16,13,0,,,,,,,,
35,16,14,1,,,,,,,,
31,16,14,0,,,,,,,,
0,16,14,0,,,,,,,,
7,16,15,0,,,,,,,,
7,16,15,2,,,,,,,,
0,16,15,0,,,,,,,,
17,16,16,1,,,,,,,,
67,16,16,0,,,,,,,,
0,16,16,0,,,,,,,,
14,16,17,0,,,,,,,,
22,16,17,2,824,,,,,,,
0,16,17,0,,,,,,,,
27,16,18,1,,,,,,,,
22,16,18,0,,,,,,,,
0,16,18,0,,,,,,,,
12,16,19,0,,,,,,,,
57,16,19,2,,256,893,1344,,,,
0,16,19,0,,,,,,,,
39,16,20,1,,874,717,,,,,
42,16,20,0,,,,,,,,
0,16,20,0,,,,,,,,
15,16,21,0,,,,,,,,
28,16,21,2,,,,,,,,
0,16,21,0,,,,,,,,
50,16,22,1,,653,1378,,,,,
52,16,22,0,,,,,,,,
0,16,22,0,,,,,,,,
50,16,23,0,,,,,,,,
52,16,23,2,,495,,,,,,
0,16,23,0,,,,,,,,
12,16,24,1,930,,,,1051,,,
43,16,24,0,,,,,,,,
0,16,24,0,,,,,,,,
48,16,25,0,,,,,,,,
11,16,25,2,,239,,,,,,
0,16,25,0,,,,,,,,
42,16,26,1,1033,234,,,,,,
65,16,26,0,,,,,,,,
0,16,26,0,,,,,,,,
63,16,27,0,,,,,,,,
56,16,27,2,,509,2406,201,,,,
0,16,27,0,,,,,,,,
13,16,28,1,,,167,,1755,,,
54,16,28,0,,,,,,,,
0,16,28,0,,,,,,,,
13,16,29,0,,,,,,,,
6,16,29,2,,,,,,,,
0,16,29,0,,,,,,,,
61,16,30,1,,703,,177,998,,,
41,16,30,0,,,,,,,,
0,16,30,0,,,,,,,,
39,16,31,0,,,,,,,,
5,16,31,2,,,402,,,,,
0,16,31,0,,,,,,,,
53,16,32,1,,705,,,,,,
53,16,32,0,,,,,,,,
0,16,32,0,,,,,,,,
57,17,1,0,,,,,,,,
0,17,1,0,,,,,,,,
35,17,1,2,755,139,,,796,,,
32,17,2,1,,137,,983,1893,,,
0,17,2,0,,,,,,,,
25,17,2,0,,,,,,,,
46,17,3,0,,,,,,,,
0,17,3,0,,,,,,,,
18,17,3,2,,,,410,444,,,
66,17,4,1,512,,,466,,,,
0,17,4,0,,,,,,,,
23,17,4,0,,,,,,,,
10,17,5,0,,,,,,,,
0,17,5,0,,,,,,,,
47,17,5,2,,,,,,,,
5,17,6,1,729,,,,191,,,
0,17,6,0,,,,,,,,
66,17,6,0,,,,,,,,
18,17,7,0,,,,,,,,
0,17,7,0,,,,,,,,
13,17,7,2,,,,99,,,,
30,17,8,1,,260,,530,520,,,
0,17,8,0,,,,,,,,
32,17,8,0,,,,,,,,
8,17,9,0,,,,,,,,
0,17,9,0,,,,,,,,
27,17,9,2,,,,667,754,,,
49,17,10,1,757,,,,,,,
0,17,10,0,,,,,,,,
56,17,10,0,,,,,,,,
20,17,11,0,,,,,,,,
15,17,11,2,209,556,,193,255,,,
0,17,11,0,,,,,,,,
12,17,12,1,332,113,251,377,,,,
51,17,12,0,,,,,,,,
0,17,12,0,,,,,,,,
49,17,13,0,,,,,,,,
44,17,13,2,,143,352,,,,,
0,17,13,0,,,,,,,,
64,17,14,1,,,,,,,,
31,17,14,0,,,,,,,,
0,17,14,0,,,,,,,,
7,17,15,0,,,,,,,,
20,17,15,2,,280,,373,,,,
0,17,15,0,,,,,,,,
41,17,16,1,,,,,,,,
67,17,16,0,,,,,,,,
0,17,16,0,,,,,,,,
14,17,17,0,,,,,,,,
51,17,17,2,340,,112,,633,,,
0,17,17,0,,,,,,,,
52,17,18,1,639,294,,313,195,,,
22,17,18,0,,,,,,,,
0,17,18,0,,,,,,,,
12,17,19,0,,,,,,,,
7,17,19,2,155,,,416,,,,
0,17,19,0,,,,,,,,
26,17,20,1,1427,634,745,501,,,,
42,17,20,0,,,,,,,,
0,17,20,0,,,,,,,,
15,17,21,0,,,,,,,,
58,17,21,2,,,,191,,,,
0,17,21,0,,,,,,,,
55,17,22,1,1213,986,246,,,,,
52,17,22,0,,,,,,,,
0,17,22,0,,,,,,,,
50,17,23,0,,,,,,,,
42,17,23,2,1447,992,358,997,178,,,
0,17,23,0,,,,,,,,
40,17,24,1,838,158,,239,704,,,
43,17,24,0,,,,,,,,
0,17,24,0,,,,,,,,
48,17,25,0,,,,,,,,
23,17,25,2,210,,,913,1597,,,
0,17,25,0,,,,,,,,
34,17,26,1,769,965,568,125,,,,
65,17,26,0,,,,,,,,
0,17,26,0,,,,,,,,
63,17,27,0,,,,,,,,
56,17,27,2,422,,,,534,,,
0,17,27,0,,,,,,,,
29,17,28,1,910,,,209,,,,
54,17,28,0,,,,,,,,
0,17,28,0,,,,,,,,
13,17,29,0,,,,,,,,
45,17,29,2,3551,1419,,,349,,,
0,17,29,0,,,,,,,,
62,17,30,1,470,,,,,,,
41,17,30,0,,,,,,,,
0,17,30,0,,,,,,,,
39,17,31,0,,,,,,,,
63,17,31,2,,,,1163,328,,,
0,17,31,0,,,,,,,,
46,17,32,1,1173,,,,,,,
53,17,32,0,,,,,,,,
0,17,32,0,,,,,,,,
