seq,subj,item,cond,R1,R2,R3,R4,R5,R6,R7,R8
0,1,1,0,,,,,,,,
0,1,1,0,,,,,,,,
35,1,1,2,1167,,,,,,,
32,1,2,1,3286,,,,,,,
0,1,2,0,,,,,,,,
0,1,2,0,,,,,,,,
0,1,3,0,,,,,,,,
0,1,3,0,,,,,,,,
18,1,3,2,,,,,1214,,,
66,1,4,1,,,,,,,,
0,1,4,0,,,,,,,,
0,1,4,0,,,,,,,,
0,1,5,0,,,,,,,,
0,1,5,0,,,,,,,,
47,1,5,2,,,,,,,,
5,1,6,1,,,,809,337,1432,,
0,1,6,0,,,,,,,,
0,1,6,0,,,,,,,,
0,1,7,0,,,,,,,,
0,1,7,0,,,,,,,,
13,1,7,2,302,,,146,,,,
30,1,8,1,,,,,,,,
0,1,8,0,,,,,,,,
0,1,8,0,,,,,,,,
0,1,9,0,,,,,,,,
0,1,9,0,,,,,,,,
27,1,9,2,,,624,,1850,,,
49,1,10,1,,,,,,,,
0,1,10,0,,,,,,,,
0,1,10,0,,,,,,,,
0,1,11,0,,,,,,,,
15,1,11,2,93,156,,,564,,,
0,1,11,0,,,,,,,,
12,1,12,1,,,,153,1300,,,
0,1,12,0,,,,,,,,
0,1,12,0,,,,,,,,
0,1,13,0,,,,,,,,
44,1,13,2,603,803,,431,3306,,,
0,1,13,0,,,,,,,,
64,1,14,1,1056,809,1250,,,,,
0,1,14,0,,,,,,,,
0,1,14,0,,,,,,,,
0,1,15,0,,,,,,,,
20,1,15,2,426,196,,,199,148,,
0,1,15,0,,,,,,,,
41,1,16,1,,,,,,,,
0,1,16,0,,,,,,,,
0,1,16,0,,,,,,,,
0,1,17,0,,,,,,,,
51,1,17,2,929,413,118,,,,,
0,1,17,0,,,,,,,,
52,1,18,1,,,,,,,,
0,1,18,0,,,,,,,,
0,1,18,0,,,,,,,,
0,1,19,0,,,,,,,,
7,1,19,2,556,,,,,,,
0,1,19,0,,,,,,,,
26,1,20,1,1918,131,,,,,,
0,1,20,0,,,,,,,,
0,1,20,0,,,,,,,,
0,1,21,0,,,,,,,,
58,1,21,2,325,,,,,,,
0,1,21,0,,,,,,,,
55,1,22,1,144,1307,,,,,,
0,1,22,0,,,,,,,,
0,1,22,0,,,,,,,,
0,1,23,0,,,,,,,,
42,1,23,2,,555,,,,,,
0,1,23,0,,,,,,,,
40,1,24,1,,,,,786,,,
0,1,24,0,,,,,,,,
0,1,24,0,,,,,,,,
0,1,25,0,,,,,,,,
23,1,25,2,,142,182,2452,2830,,,
0,1,25,0,,,,,,,,
34,1,26,1,,886,716,113,,,,
0,1,26,0,,,,,,,,
0,1,26,0,,,,,,,,
0,1,27,0,,,,,,,,
56,1,27,2,,,,105,882,,,
0,1,27,0,,,,,,,,
29,1,28,1,405,1315,775,391,293,,,
0,1,28,0,,,,,,,,
0,1,28,0,,,,,,,,
0,1,29,0,,,,,,,,
45,1,29,2,,,,,,,,
0,1,29,0,,,,,,,,
62,1,30,1,,1418,,,,,,
0,1,30,0,,,,,,,,
0,1,30,0,,,,,,,,
0,1,31,0,,,,,,,,
63,1,31,2,942,1599,2855,1667,,,,
0,1,31,0,,,,,,,,
46,1,32,1,,746,,,,,,
0,1,32,0,,,,,,,,
0,1,32,0,,,,,,,,
42,2,1,1,,342,503,,1153,,,
0,2,1,0,,,,,,,,
35,2,1,0,,,,,,,,
32,2,2,0,,,,,,,,
0,2,2,0,,,,,,,,
57,2,2,2,,,,,,,,
67,2,3,1,,317,111,,,,,
0,2,3,0,,,,,,,,
18,2,3,0,,,,,,,,
66,2,4,0,,,,,,,,
0,2,4,0,,,,,,,,
28,2,4,2,,118,,1258,190,,,
60,2,5,1,600,271,,,,,,
0,2,5,0,,,,,,,,
47,2,5,0,,,,,,,,
5,2,6,0,,,,,,,,
0,2,6,0,,,,,,,,
54,2,6,2,,188,,,147,,,
26,2,7,1,270,267,,,,,,
0,2,7,0,,,,,,,,
13,2,7,0,,,,,,,,
30,2,8,0,,,,,,,,
0,2,8,0,,,,,,,,
15,2,8,2,,,,,2050,,,
48,2,9,1,,211,,,917,,,
0,2,9,0,,,,,,,,
27,2,9,0,,,,,,,,
49,2,10,0,,,,,,,,
0,2,10,0,,,,,,,,
39,2,10,2,165,118,,,,,,
19,2,11,1,394,3471,,,693,,,
15,2,11,0,,,,,,,,
0,2,11,0,,,,,,,,
12,2,12,0,,,,,,,,
66,2,12,2,160,,1056,126,,,,
0,2,12,0,,,,,,,,
32,2,13,1,1750,836,436,,,,,
44,2,13,0,,,,,,,,
0,2,13,0,,,,,,,,
64,2,14,0,,,,,,,,
20,2,14,2,,668,469,175,,,,
0,2,14,0,,,,,,,,
44,2,15,1,,,182,158,96,,,
20,2,15,0,,,,,,,,
0,2,15,0,,,,,,,,
41,2,16,0,,,,,,,,
33,2,16,2,,146,,,,,,
0,2,16,0,,,,,,,,
38,2,17,1,278,365,341,,146,,,
51,2,17,0,,,,,,,,
0,2,17,0,,,,,,,,
52,2,18,0,,,,,,,,
63,2,18,2,,,,,,,,
0,2,18,0,,,,,,,,
41,2,19,1,,1648,,,,,,
7,2,19,0,,,,,,,,
0,2,19,0,,,,,,,,
26,2,20,0,,,,,,,,
9,2,20,2,2016,1323,381,337,796,,,
0,2,20,0,,,,,,,,
56,2,21,1,423,443,,,,,,
58,2,21,0,,,,,,,,
0,2,21,0,,,,,,,,
55,2,22,0,,,,,,,,
62,2,22,2,,,2835,1474,,,,
0,2,22,0,,,,,,,,
6,2,23,1,,507,387,915,648,,,
42,2,23,0,,,,,,,,
0,2,23,0,,,,,,,,
40,2,24,0,,,,,,,,
53,2,24,2,1065,562,381,,982,,,
0,2,24,0,,,,,,,,
14,2,25,1,330,282,251,,993,,,
23,2,25,0,,,,,,,,
0,2,25,0,,,,,,,,
34,2,26,0,,,,,,,,
59,2,26,2,,843,520,,,,,
0,2,26,0,,,,,,,,
17,2,27,1,380,428,2127,702,1399,,,
56,2,27,0,,,,,,,,
0,2,27,0,,,,,,,,
29,2,28,0,,,,,,,,
65,2,28,2,237,996,,1520,,,,
0,2,28,0,,,,,,,,
64,2,29,1,,989,750,,659,,,
45,2,29,0,,,,,,,,
0,2,29,0,,,,,,,,
62,2,30,0,,,,,,,,
11,2,30,2,752,189,86,,483,,,
0,2,30,0,,,,,,,,
30,2,31,1,,1895,,,,,,
63,2,31,0,,,,,,,,
0,2,31,0,,,,,,,,
46,2,32,0,,,,,,,,
50,2,32,2,561,1062,912,,504,,,
0,2,32,0,,,,,,,,
42,3,1,0,,,,,,,,
0,3,1,0,,,,,,,,
25,3,1,2,1538,293,,260,2300,,,
51,3,2,1,,89,,145,,,,
0,3,2,0,,,,,,,,
57,3,2,0,,,,,,,,
67,3,3,0,,,,,,,,
0,3,3,0,,,,,,,,
18,3,3,2,308,2018,200,,2011,,,
23,3,4,1,,3201,5755,738,2152,,,
0,3,4,0,,,,,,,,
28,3,4,0,,,,,,,,
60,3,5,0,,,,,,,,
0,3,5,0,,,,,,,,
7,3,5,2,740,5848,7500,,,,,
30,3,6,1,2420,132,,,153,,,
0,3,6,0,,,,,,,,
54,3,6,0,,,,,,,,
26,3,7,0,,,,,,,,
0,3,7,0,,,,,,,,
61,3,7,2,101,756,414,,,,,
44,3,8,1,,,153,,1211,,,
0,3,8,0,,,,,,,,
15,3,8,0,,,,,,,,
48,3,9,0,,,,,,,,
0,3,9,0,,,,,,,,
12,3,9,2,1061,744,,,2393,,,
47,3,10,1,,,,,,,,
0,3,10,0,,,,,,,,
39,3,10,0,,,,,,,,
19,3,11,0,,,,,,,,
40,3,11,2,1443,2106,827,251,1363,,,
0,3,11,0,,,,,,,,
59,3,12,1,607,157,,133,,,,
66,3,12,0,,,,,,,,
0,3,12,0,,,,,,,,
32,3,13,0,,,,,,,,
66,3,13,2,1789,4379,,161,1907,,,
0,3,13,0,,,,,,,,
50,3,14,1,532,1101,,,,,,
20,3,14,0,,,,,,,,
0,3,14,0,,,,,,,,
44,3,15,0,,,,,,,,
20,3,15,2,2723,137,,931,,,,
0,3,15,0,,,,,,,,
46,3,16,1,429,,,,,,,
33,3,16,0,,,,,,,,
0,3,16,0,,,,,,,,
38,3,17,0,,,,,,,,
14,3,17,2,,,,,,,,
0,3,17,0,,,,,,,,
43,3,18,1,,,,,,,,
63,3,18,0,,,,,,,,
0,3,18,0,,,,,,,,
41,3,19,0,,,,,,,,
33,3,19,2,354,1216,1165,,,,,
0,3,19,0,,,,,,,,
39,3,20,1,297,,,,,,,
9,3,20,0,,,,,,,,
0,3,20,0,,,,,,,,
56,3,21,0,,,,,,,,
9,3,21,2,286,,1138,1787,667,,,
0,3,21,0,,,,,,,,
60,3,22,1,,,,,,,,
62,3,22,0,,,,,,,,
0,3,22,0,,,,,,,,
6,3,23,0,,,,,,,,
49,3,23,2,569,690,,,1082,,,
0,3,23,0,,,,,,,,
10,3,24,1,2288,2283,1451,,1407,,,
53,3,24,0,,,,,,,,
0,3,24,0,,,,,,,,
14,3,25,0,,,,,,,,
55,3,25,2,2003,252,257,183,,,,
0,3,25,0,,,,,,,,
29,3,26,1,,,,,,,,
59,3,26,0,,,,,,,,
0,3,26,0,,,,,,,,
17,3,27,0,,,,,,,,
21,3,27,2,,,,306,2117,,,
0,3,27,0,,,,,,,,
42,3,28,1,5792,8768,171,,,,,
65,3,28,0,,,,,,,,
0,3,28,0,,,,,,,,
64,3,29,0,,,,,,,,
41,3,29,2,,,,,,,,
0,3,29,0,,,,,,,,
28,3,30,1,,,,,,,,
11,3,30,0,,,,,,,,
0,3,30,0,,,,,,,,
30,3,31,0,,,,,,,,
35,3,31,2,,97,1850,,,,,
0,3,31,0,,,,,,,,
11,3,32,1,1442,5151,,343,,,,
50,3,32,0,,,,,,,,
0,3,32,0,,,,,,,,
42,4,1,0,,,,,,,,
0,4,1,0,,,,,,,,
15,4,1,2,590,446,208,,,,,
33,4,2,1,1508,2290,,,,,,
0,4,2,0,,,,,,,,
57,4,2,0,,,,,,,,
67,4,3,0,,,,,,,,
0,4,3,0,,,,,,,,
38,4,3,2,,,,,1288,,,
51,4,4,1,658,1233,1147,,616,,,
0,4,4,0,,,,,,,,
28,4,4,0,,,,,,,,
60,4,5,0,,,,,,,,
0,4,5,0,,,,,,,,
60,4,5,2,,,,,,,,
16,4,6,1,,,,,,,,
0,4,6,0,,,,,,,,
54,4,6,0,,,,,,,,
26,4,7,0,,,,,,,,
0,4,7,0,,,,,,,,
46,4,7,2,195,197,,,,,,
9,4,8,1,466,,,,,,,
0,4,8,0,,,,,,,,
15,4,8,0,,,,,,,,
48,4,9,0,,,,,,,,
0,4,9,0,,,,,,,,
30,4,9,2,535,813,744,518,1986,,,
20,4,10,1,,,,,,,,
0,4,10,0,,,,,,,,
39,4,10,0,,,,,,,,
19,4,11,0,,,,,,,,
37,4,11,2,,,,,2793,,,
0,4,11,0,,,,,,,,
12,4,12,1,1849,1933,2001,,2514,,,
66,4,12,0,,,,,,,,
0,4,12,0,,,,,,,,
32,4,13,0,,,,,,,,
31,4,13,2,405,293,,,1418,,,
0,4,13,0,,,,,,,,
52,4,14,1,783,643,996,739,474,,,
20,4,14,0,,,,,,,,
0,4,14,0,,,,,,,,
44,4,15,0,,,,,,,,
36,4,15,2,,,,,,,,
0,4,15,0,,,,,,,,
8,4,16,1,1803,859,1364,1264,497,312,,
33,4,16,0,,,,,,,,
0,4,16,0,,,,,,,,
38,4,17,0,,,,,,,,
28,4,17,2,,,,528,883,,,
0,4,17,0,,,,,,,,
34,4,18,1,522,1295,516,1431,800,,,
63,4,18,0,,,,,,,,
0,4,18,0,,,,,,,,
41,4,19,0,,,,,,,,
50,4,19,2,,,,,,,,
0,4,19,0,,,,,,,,
10,4,20,1,,1162,,1836,831,,,
9,4,20,0,,,,,,,,
0,4,20,0,,,,,,,,
56,4,21,0,,,,,,,,
27,4,21,2,,150,355,,1658,,,
0,4,21,0,,,,,,,,
21,4,22,1,144,204,163,1353,934,,,
62,4,22,0,,,,,,,,
0,4,22,0,,,,,,,,
6,4,23,0,,,,,,,,
47,4,23,2,463,517,238,423,,,,
0,4,23,0,,,,,,,,
18,4,24,1,,,,,585,,,
53,4,24,0,,,,,,,,
0,4,24,0,,,,,,,,
14,4,25,0,,,,,,,,
49,4,25,2,,,,,1189,,,
0,4,25,0,,,,,,,,
67,4,26,1,606,,,,,,,
59,4,26,0,,,,,,,,
0,4,26,0,,,,,,,,
17,4,27,0,,,,,,,,
56,4,27,2,,,343,,725,,,
0,4,27,0,,,,,,,,
58,4,28,1,1026,545,1052,460,884,,,
65,4,28,0,,,,,,,,
0,4,28,0,,,,,,,,
64,4,29,0,,,,,,,,
61,4,29,2,,,,,,,,
0,4,29,0,,,,,,,,
26,4,30,1,414,1839,1032,,,,,
11,4,30,0,,,,,,,,
0,4,30,0,,,,,,,,
30,4,31,0,,,,,,,,
29,4,31,2,,329,,772,,,,
0,4,31,0,,,,,,,,
39,4,32,1,,,2486,,,,,
50,4,32,0,,,,,,,,
0,4,32,0,,,,,,,,
42,5,1,0,,,,,,,,
0,5,1,0,,,,,,,,
35,5,1,2,612,292,91,858,332,530,,
30,5,2,1,275,410,,,,,,
0,5,2,0,,,,,,,,
57,5,2,0,,,,,,,,
67,5,3,0,,,,,,,,
0,5,3,0,,,,,,,,
55,5,3,2,,101,,195,781,,,
17,5,4,1,207,538,,,,,,
0,5,4,0,,,,,,,,
28,5,4,0,,,,,,,,
60,5,5,0,,,,,,,,
0,5,5,0,,,,,,,,
42,5,5,2,107,,,,,,,
66,5,6,1,774,,,,544,774,,
0,5,6,0,,,,,,,,
54,5,6,0,,,,,,,,
26,5,7,0,,,,,,,,
0,5,7,0,,,,,,,,
9,5,7,2,467,559,,,508,,,
23,5,8,1,1003,1342,865,1354,1238,,,
0,5,8,0,,,,,,,,
15,5,8,0,,,,,,,,
48,5,9,0,,,,,,,,
0,5,9,0,,,,,,,,
38,5,9,2,,,,650,1015,,,
5,5,10,1,329,,,160,,,,
0,5,10,0,,,,,,,,
39,5,10,0,,,,,,,,
19,5,11,0,,,,,,,,
46,5,11,2,,930,778,150,740,,,
0,5,11,0,,,,,,,,
37,5,12,1,303,,,,685,,,
66,5,12,0,,,,,,,,
0,5,12,0,,,,,,,,
32,5,13,0,,,,,,,,
28,5,13,2,837,232,,97,1214,,,
0,5,13,0,,,,,,,,
32,5,14,1,2035,176,,163,412,,,
20,5,14,0,,,,,,,,
0,5,14,0,,,,,,,,
44,5,15,0,,,,,,,,
64,5,15,2,176,,,,,,,
0,5,15,0,,,,,,,,
58,5,16,1,,,,603,,,,
33,5,16,0,,,,,,,,
0,5,16,0,,,,,,,,
38,5,17,0,,,,,,,,
52,5,17,2,713,,414,,,,,
0,5,17,0,,,,,,,,
33,5,18,1,,172,,,,,,
63,5,18,0,,,,,,,,
0,5,18,0,,,,,,,,
41,5,19,0,,,,,,,,
20,5,19,2,562,,145,244,,,,
0,5,19,0,,,,,,,,
11,5,20,1,342,208,,,943,,,
9,5,20,0,,,,,,,,
0,5,20,0,,,,,,,,
56,5,21,0,,,,,,,,
21,5,21,2,540,,,,,,,
0,5,21,0,,,,,,,,
60,5,22,1,445,879,714,1235,,,,
62,5,22,0,,,,,,,,
0,5,22,0,,,,,,,,
6,5,23,0,,,,,,,,
40,5,23,2,,,,,,,,
0,5,23,0,,,,,,,,
19,5,24,1,1438,,,190,616,,,
53,5,24,0,,,,,,,,
0,5,24,0,,,,,,,,
14,5,25,0,,,,,,,,
49,5,25,2,,,,,,,,
0,5,25,0,,,,,,,,
48,5,26,1,162,,,,,,,
59,5,26,0,,,,,,,,
0,5,26,0,,,,,,,,
17,5,27,0,,,,,,,,
27,5,27,2,145,,,,698,,,
0,5,27,0,,,,,,,,
59,5,28,1,139,,,,,,,
65,5,28,0,,,,,,,,
0,5,28,0,,,,,,,,
64,5,29,0,,,,,,,,
53,5,29,2,,1505,1110,,,,,
0,5,29,0,,,,,,,,
51,5,30,1,,,,,,,,
11,5,30,0,,,,,,,,
0,5,30,0,,,,,,,,
30,5,31,0,,,,,,,,
56,5,31,2,719,443,620,,,,,
0,5,31,0,,,,,,,,
14,5,32,1,,1761,207,503,,,,
50,5,32,0,,,,,,,,
0,5,32,0,,,,,,,,
42,6,1,0,,,,,,,,
0,6,1,0,,,,,,,,
39,6,1,2,1356,291,,,2096,,,
11,6,2,1,913,2087,1889,,337,,,
0,6,2,0,,,,,,,,
57,6,2,0,,,,,,,,
67,6,3,0,,,,,,,,
0,6,3,0,,,,,,,,
30,6,3,2,831,2284,1062,663,1782,1589,,
5,6,4,1,586,224,2325,,,,,
0,6,4,0,,,,,,,,
28,6,4,0,,,,,,,,
60,6,5,0,,,,,,,,
0,6,5,0,,,,,,,,
9,6,5,2,1314,1028,,1052,570,,,
61,6,6,1,,,524,,459,,,
0,6,6,0,,,,,,,,
54,6,6,0,,,,,,,,
26,6,7,0,,,,,,,,
0,6,7,0,,,,,,,,
13,6,7,2,1139,315,209,,,,,
7,6,8,1,330,387,1222,,,1921,,
0,6,8,0,,,,,,,,
15,6,8,0,,,,,,,,
48,6,9,0,,,,,,,,
0,6,9,0,,,,,,,,
40,6,9,2,1126,1149,537,271,1493,,,
38,6,10,1,2758,,,615,,,,
0,6,10,0,,,,,,,,
39,6,10,0,,,,,,,,
19,6,11,0,,,,,,,,
25,6,11,2,812,2505,1333,203,1641,,,
0,6,11,0,,,,,,,,
62,6,12,1,672,464,,,816,,,
66,6,12,0,,,,,,,,
0,6,12,0,,,,,,,,
32,6,13,0,,,,,,,,
28,6,13,2,,920,948,894,1153,1852,213,
0,6,13,0,,,,,,,,
15,6,14,1,1416,2889,,357,,,,
20,6,14,0,,,,,,,,
0,6,14,0,,,,,,,,
44,6,15,0,,,,,,,,
16,6,15,2,574,666,1343,187,502,1879,,
0,6,15,0,,,,,,,,
60,6,16,1,892,605,2680,242,1193,,,
33,6,16,0,,,,,,,,
0,6,16,0,,,,,,,,
38,6,17,0,,,,,,,,
63,6,17,2,1248,737,834,371,,,,
0,6,17,0,,,,,,,,
54,6,18,1,628,1781,1519,940,644,,,
63,6,18,0,,,,,,,,
0,6,18,0,,,,,,,,
41,6,19,0,,,,,,,,
27,6,19,2,165,2354,5294,2297,2581,,,
0,6,19,0,,,,,,,,
37,6,20,1,150,3070,966,,446,,,
9,6,20,0,,,,,,,,
0,6,20,0,,,,,,,,
56,6,21,0,,,,,,,,
36,6,21,2,257,1774,,1181,1114,,,
0,6,21,0,,,,,,,,
29,6,22,1,818,475,1280,580,599,1109,,
62,6,22,0,,,,,,,,
0,6,22,0,,,,,,,,
6,6,23,0,,,,,,,,
49,6,23,2,381,148,,,,,,
0,6,23,0,,,,,,,,
26,6,24,1,,2183,1887,352,875,2141,,
53,6,24,0,,,,,,,,
0,6,24,0,,,,,,,,
14,6,25,0,,,,,,,,
51,6,25,2,2705,818,1672,324,,,,
0,6,25,0,,,,,,,,
35,6,26,1,,,578,,,,,
59,6,26,0,,,,,,,,
0,6,26,0,,,,,,,,
17,6,27,0,,,,,,,,
57,6,27,2,1015,1013,240,147,1627,,,
0,6,27,0,,,,,,,,
64,6,28,1,2858,1141,815,159,1494,,,
65,6,28,0,,,,,,,,
0,6,28,0,,,,,,,,
64,6,29,0,,,,,,,,
58,6,29,2,326,233,264,,,,,
0,6,29,0,,,,,,,,
23,6,30,1,636,3979,4610,1052,1099,,,
11,6,30,0,,,,,,,,
0,6,30,0,,,,,,,,
30,6,31,0,,,,,,,,
19,6,31,2,1045,2361,383,2235,1592,,,
0,6,31,0,,,,,,,,
33,6,32,1,,,1635,,,,,
50,6,32,0,,,,,,,,
0,6,32,0,,,,,,,,
42,7,1,0,,,,,,,,
0,7,1,0,,,,,,,,
31,7,1,2,1389,1634,2853,,,,,
20,7,2,1,677,1154,,,,,,
0,7,2,0,,,,,,,,
57,7,2,0,,,,,,,,
67,7,3,0,,,,,,,,
0,7,3,0,,,,,,,,
7,7,3,2,1989,1657,727,2056,1395,,,
8,7,4,1,680,4725,,,,,,
0,7,4,0,,,,,,,,
28,7,4,0,,,,,,,,
60,7,5,0,,,,,,,,
0,7,5,0,,,,,,,,
32,7,5,2,172,,,,,,,
22,7,6,1,,,,,,,,
0,7,6,0,,,,,,,,
54,7,6,0,,,,,,,,
26,7,7,0,,,,,,,,
0,7,7,0,,,,,,,,
58,7,7,2,3133,2620,,,,,,
62,7,8,1,157,675,,,228,,,
0,7,8,0,,,,,,,,
15,7,8,0,,,,,,,,
48,7,9,0,,,,,,,,
0,7,9,0,,,,,,,,
33,7,9,2,1081,1314,817,561,2408,,,
6,7,10,1,731,,,974,,,,
0,7,10,0,,,,,,,,
39,7,10,0,,,,,,,,
19,7,11,0,,,,,,,,
44,7,11,2,1965,1334,,,694,,,
0,7,11,0,,,,,,,,
10,7,12,1,526,,,,,,,
66,7,12,0,,,,,,,,
0,7,12,0,,,,,,,,
32,7,13,0,,,,,,,,
35,7,13,2,,1476,2937,,1641,,,
0,7,13,0,,,,,,,,
23,7,14,1,,,,94,134,490,,
20,7,14,0,,,,,,,,
0,7,14,0,,,,,,,,
44,7,15,0,,,,,,,,
29,7,15,2,175,,,149,,,,
0,7,15,0,,,,,,,,
38,7,16,1,,,,,,,,
33,7,16,0,,,,,,,,
0,7,16,0,,,,,,,,
38,7,17,0,,,,,,,,
48,7,17,2,918,1116,1841,,,,,
0,7,17,0,,,,,,,,
49,7,18,1,2228,1102,793,224,206,,,
63,7,18,0,,,,,,,,
0,7,18,0,,,,,,,,
41,7,19,0,,,,,,,,
5,7,19,2,,,2091,1318,,,,
0,7,19,0,,,,,,,,
41,7,20,1,371,1884,1449,,,,,
9,7,20,0,,,,,,,,
0,7,20,0,,,,,,,,
56,7,21,0,,,,,,,,
51,7,21,2,101,370,,171,599,,,
0,7,21,0,,,,,,,,
60,7,22,1,1690,1049,2212,895,,1083,,
62,7,22,0,,,,,,,,
0,7,22,0,,,,,,,,
6,7,23,0,,,,,,,,
30,7,23,2,,,,,,,,
0,7,23,0,,,,,,,,
42,7,24,1,,,,237,468,,,
53,7,24,0,,,,,,,,
0,7,24,0,,,,,,,,
14,7,25,0,,,,,,,,
57,7,25,2,196,,,196,196,,,
0,7,25,0,,,,,,,,
27,7,26,1,,,,,,,,
59,7,26,0,,,,,,,,
0,7,26,0,,,,,,,,
17,7,27,0,,,,,,,,
50,7,27,2,,,947,,,1881,,
0,7,27,0,,,,,,,,
25,7,28,1,,,,359,,,,
65,7,28,0,,,,,,,,
0,7,28,0,,,,,,,,
64,7,29,0,,,,,,,,
55,7,29,2,637,370,,,214,,,
0,7,29,0,,,,,,,,
36,7,30,1,,,,,,,,
11,7,30,0,,,,,,,,
0,7,30,0,,,,,,,,
30,7,31,0,,,,,,,,
40,7,31,2,3496,2831,,,,,,
0,7,31,0,,,,,,,,
43,7,32,1,,,,,,,,
50,7,32,0,,,,,,,,
0,7,32,0,,,,,,,,
42,8,1,0,,,,,,,,
0,8,1,0,,,,,,,,
36,8,1,2,505,967,1230,939,926,,,
43,8,2,1,515,785,,,386,1207,,
0,8,2,0,,,,,,,,
57,8,2,0,,,,,,,,
67,8,3,0,,,,,,,,
0,8,3,0,,,,,,,,
68,8,3,2,,2133,1315,140,,,,
7,8,4,1,,,,,,,,
0,8,4,0,,,,,,,,
28,8,4,0,,,,,,,,
60,8,5,0,,,,,,,,
0,8,5,0,,,,,,,,
58,8,5,2,681,408,,,,,,
45,8,6,1,2864,1353,149,1022,,,,
0,8,6,0,,,,,,,,
54,8,6,0,,,,,,,,
26,8,7,0,,,,,,,,
0,8,7,0,,,,,,,,
34,8,7,2,,,,,254,,,
29,8,8,1,968,,,343,1289,,,
0,8,8,0,,,,,,,,
15,8,8,0,,,,,,,,
48,8,9,0,,,,,,,,
0,8,9,0,,,,,,,,
11,8,9,2,481,223,107,,,,,
64,8,10,1,176,639,848,,153,,,
0,8,10,0,,,,,,,,
39,8,10,0,,,,,,,,
19,8,11,0,,,,,,,,
21,8,11,2,,327,,,388,,,
0,8,11,0,,,,,,,,
32,8,12,1,,,692,,,,,
66,8,12,0,,,,,,,,
0,8,12,0,,,,,,,,
32,8,13,0,,,,,,,,
23,8,13,2,1716,,,,,,,
0,8,13,0,,,,,,,,
63,8,14,1,285,,,165,871,,,
20,8,14,0,,,,,,,,
0,8,14,0,,,,,,,,
44,8,15,0,,,,,,,,
52,8,15,2,645,118,,258,,,,
0,8,15,0,,,,,,,,
16,8,16,1,,,,,,,,
33,8,16,0,,,,,,,,
0,8,16,0,,,,,,,,
38,8,17,0,,,,,,,,
56,8,17,2,,,,,466,,,
0,8,17,0,,,,,,,,
62,8,18,1,,585,415,125,355,,,
63,8,18,0,,,,,,,,
0,8,18,0,,,,,,,,
41,8,19,0,,,,,,,,
20,8,19,2,,,,,,,,
0,8,19,0,,,,,,,,
55,8,20,1,1145,457,,,,,,
9,8,20,0,,,,,,,,
0,8,20,0,,,,,,,,
56,8,21,0,,,,,,,,
67,8,21,2,321,964,149,618,323,,,
0,8,21,0,,,,,,,,
47,8,22,1,371,316,991,536,156,,,
62,8,22,0,,,,,,,,
0,8,22,0,,,,,,,,
6,8,23,0,,,,,,,,
57,8,23,2,237,413,,,,,,
0,8,23,0,,,,,,,,
18,8,24,1,,136,,,538,,,
53,8,24,0,,,,,,,,
0,8,24,0,,,,,,,,
14,8,25,0,,,,,,,,
60,8,25,2,1200,1683,350,488,451,,,
0,8,25,0,,,,,,,,
51,8,26,1,187,176,,,165,,,
59,8,26,0,,,,,,,,
0,8,26,0,,,,,,,,
17,8,27,0,,,,,,,,
15,8,27,2,3237,1796,1679,171,730,,,
0,8,27,0,,,,,,,,
33,8,28,1,1235,805,677,698,261,,,
65,8,28,0,,,,,,,,
0,8,28,0,,,,,,,,
64,8,29,0,,,,,,,,
13,8,29,2,813,,,,,,,
0,8,29,0,,,,,,,,
19,8,30,1,,1384,281,,,,,
11,8,30,0,,,,,,,,
0,8,30,0,,,,,,,,
30,8,31,0,,,,,,,,
38,8,31,2,1698,429,,,,,,
0,8,31,0,,,,,,,,
61,8,32,1,443,925,418,,,,,
50,8,32,0,,,,,,,,
0,8,32,0,,,,,,,,
42,9,1,0,,,,,,,,
0,9,1,0,,,,,,,,
48,9,1,2,,261,101,142,1498,,,
19,9,2,1,301,780,,841,,,,
0,9,2,0,,,,,,,,
57,9,2,0,,,,,,,,
67,9,3,0,,,,,,,,
0,9,3,0,,,,,,,,
12,9,3,2,,393,,608,766,,,
30,9,4,1,135,,,185,,,,
0,9,4,0,,,,,,,,
28,9,4,0,,,,,,,,
60,9,5,0,,,,,,,,
0,9,5,0,,,,,,,,
17,9,5,2,,602,,,309,,,
55,9,6,1,,,,,180,,,
0,9,6,0,,,,,,,,
54,9,6,0,,,,,,,,
26,9,7,0,,,,,,,,
0,9,7,0,,,,,,,,
64,9,7,2,1073,177,,,,,,
58,9,8,1,,,1151,,,,,
0,9,8,0,,,,,,,,
15,9,8,0,,,,,,,,
48,9,9,0,,,,,,,,
0,9,9,0,,,,,,,,
44,9,9,2,735,1784,,,1418,,,
6,9,10,1,,,,,,,,
0,9,10,0,,,,,,,,
39,9,10,0,,,,,,,,
19,9,11,0,,,,,,,,
23,9,11,2,145,1975,,995,336,,,
0,9,11,0,,,,,,,,
50,9,12,1,122,,,2104,2312,,,
66,9,12,0,,,,,,,,
0,9,12,0,,,,,,,,
32,9,13,0,,,,,,,,
32,9,13,2,,156,,,1738,,,
0,9,13,0,,,,,,,,
21,9,14,1,936,867,702,410,,,,
20,9,14,0,,,,,,,,
0,9,14,0,,,,,,,,
44,9,15,0,,,,,,,,
10,9,15,2,311,170,,,,,,
0,9,15,0,,,,,,,,
43,9,16,1,225,,703,,,,,
33,9,16,0,,,,,,,,
0,9,16,0,,,,,,,,
38,9,17,0,,,,,,,,
22,9,17,2,871,323,969,1195,,,,
0,9,17,0,,,,,,,,
41,9,18,1,,494,,,351,,,
63,9,18,0,,,,,,,,
0,9,18,0,,,,,,,,
41,9,19,0,,,,,,,,
42,9,19,2,,,131,,238,,,
0,9,19,0,,,,,,,,
40,9,20,1,617,609,1265,117,,,,
9,9,20,0,,,,,,,,
0,9,20,0,,,,,,,,
56,9,21,0,,,,,,,,
60,9,21,2,,1116,,,,,,
0,9,21,0,,,,,,,,
33,9,22,1,,166,,511,,,,
62,9,22,0,,,,,,,,
0,9,22,0,,,,,,,,
6,9,23,0,,,,,,,,
16,9,23,2,,,,162,,,,
0,9,23,0,,,,,,,,
53,9,24,1,,135,,758,404,,,
53,9,24,0,,,,,,,,
0,9,24,0,,,,,,,,
14,9,25,0,,,,,,,,
62,9,25,2,,,,,,,,
0,9,25,0,,,,,,,,
37,9,26,1,,,495,,,,,
59,9,26,0,,,,,,,,
0,9,26,0,,,,,,,,
17,9,27,0,,,,,,,,
9,9,27,2,308,,,,1294,,,
0,9,27,0,,,,,,,,
29,9,28,1,,264,94,,2241,,,
65,9,28,0,,,,,,,,
0,9,28,0,,,,,,,,
64,9,29,0,,,,,,,,
5,9,29,2,,839,,136,,,,
0,9,29,0,,,,,,,,
63,9,30,1,1249,,,,136,,,
11,9,30,0,,,,,,,,
0,9,30,0,,,,,,,,
30,9,31,0,,,,,,,,
25,9,31,2,,,,2173,287,,,
0,9,31,0,,,,,,,,
67,9,32,1,,,,,,,,
50,9,32,0,,,,,,,,
0,9,32,0,,,,,,,,
42,10,1,0,,,,,,,,
0,10,1,0,,,,,,,,
54,10,1,2,,,,,1416,,,
64,10,2,1,,210,,,1486,,,
0,10,2,0,,,,,,,,
57,10,2,0,,,,,,,,
67,10,3,0,,,,,,,,
0,10,3,0,,,,,,,,
29,10,3,2,833,128,,,1243,,,
27,10,4,1,,,,,1594,,,
0,10,4,0,,,,,,,,
28,10,4,0,,,,,,,,
60,10,5,0,,,,,,,,
0,10,5,0,,,,,,,,
58,10,5,2,,121,,,,,,
16,10,6,1,,,,,,1430,,
0,10,6,0,,,,,,,,
54,10,6,0,,,,,,,,
26,10,7,0,,,,,,,,
0,10,7,0,,,,,,,,
66,10,7,2,,193,187,200,,,,
41,10,8,1,,319,,,,3225,,
0,10,8,0,,,,,,,,
15,10,8,0,,,,,,,,
48,10,9,0,,,,,,,,
0,10,9,0,,,,,,,,
38,10,9,2,,523,,1356,1617,,,
51,10,10,1,398,133,,,,,,
0,10,10,0,,,,,,,,
39,10,10,0,,,,,,,,
19,10,11,0,,,,,,,,
50,10,11,2,,598,268,,1432,283,,
0,10,11,0,,,,,,,,
45,10,12,1,,,166,,1232,,,
66,10,12,0,,,,,,,,
0,10,12,0,,,,,,,,
32,10,13,0,,,,,,,,
31,10,13,2,,2179,,,1618,,,
0,10,13,0,,,,,,,,
44,10,14,1,138,,147,,,1312,,
20,10,14,0,,,,,,,,
0,10,14,0,,,,,,,,
44,10,15,0,,,,,,,,
56,10,15,2,,,163,,1079,1169,,
0,10,15,0,,,,,,,,
32,10,16,1,,,146,,,,,
33,10,16,0,,,,,,,,
0,10,16,0,,,,,,,,
38,10,17,0,,,,,,,,
40,10,17,2,798,803,145,,1596,,,
0,10,17,0,,,,,,,,
48,10,18,1,,,,,,,,
63,10,18,0,,,,,,,,
0,10,18,0,,,,,,,,
41,10,19,0,,,,,,,,
53,10,19,2,,,693,541,,,,
0,10,19,0,,,,,,,,
6,10,20,1,,,,,1226,,,
9,10,20,0,,,,,,,,
0,10,20,0,,,,,,,,
56,10,21,0,,,,,,,,
43,10,21,2,,,452,362,,,,
0,10,21,0,,,,,,,,
37,10,22,1,,,197,1750,,,,
62,10,22,0,,,,,,,,
0,10,22,0,,,,,,,,
6,10,23,0,,,,,,,,
60,10,23,2,,,,,1456,,,
0,10,23,0,,,,,,,,
5,10,24,1,,,,,1511,,,
53,10,24,0,,,,,,,,
0,10,24,0,,,,,,,,
14,10,25,0,,,,,,,,
61,10,25,2,1939,1172,837,5745,1780,,,
0,10,25,0,,,,,,,,
49,10,26,1,,,,,,,,
59,10,26,0,,,,,,,,
0,10,26,0,,,,,,,,
17,10,27,0,,,,,,,,
62,10,27,2,148,,,619,1359,,,
0,10,27,0,,,,,,,,
19,10,28,1,,184,214,497,1753,,,
65,10,28,0,,,,,,,,
0,10,28,0,,,,,,,,
64,10,29,0,,,,,,,,
57,10,29,2,848,93,161,,1528,,,
0,10,29,0,,,,,,,,
22,10,30,1,,,164,,,,,
11,10,30,0,,,,,,,,
0,10,30,0,,,,,,,,
30,10,31,0,,,,,,,,
18,10,31,2,,,,,,,,
0,10,31,0,,,,,,,,
46,10,32,1,216,404,,,,,,
50,10,32,0,,,,,,,,
0,10,32,0,,,,,,,,
42,11,1,0,,,,,,,,
0,11,1,0,,,,,,,,
22,11,1,2,1472,2163,1215,1065,1823,,,
12,11,2,1,2176,1436,2221,1298,,,,
0,11,2,0,,,,,,,,
57,11,2,0,,,,,,,,
67,11,3,0,,,,,,,,
0,11,3,0,,,,,,,,
26,11,3,2,3310,2244,2559,2559,2082,,,
14,11,4,1,1298,2094,2245,1632,2030,,,
0,11,4,0,,,,,,,,
28,11,4,0,,,,,,,,
60,11,5,0,,,,,,,,
0,11,5,0,,,,,,,,
43,11,5,2,1043,1303,1088,1714,974,,,
35,11,6,1,1136,2322,1546,874,785,,,
0,11,6,0,,,,,,,,
54,11,6,0,,,,,,,,
26,11,7,0,,,,,,,,
0,11,7,0,,,,,,,,
31,11,7,2,2737,3318,2690,1373,883,,,
7,11,8,1,1853,1332,1267,2489,1365,205,,
0,11,8,0,,,,,,,,
15,11,8,0,,,,,,,,
48,11,9,0,,,,,,,,
0,11,9,0,,,,,,,,
53,11,9,2,1133,1721,1017,840,1535,,,
58,11,10,1,1106,1153,904,1066,,,,
0,11,10,0,,,,,,,,
39,11,10,0,,,,,,,,
19,11,11,0,,,,,,,,
61,11,11,2,572,2196,767,,1006,,,
0,11,11,0,,,,,,,,
48,11,12,1,3491,3644,2480,1824,1341,,,
66,11,12,0,,,,,,,,
0,11,12,0,,,,,,,,
32,11,13,0,,,,,,,,
67,11,13,2,850,2500,845,,,,,
0,11,13,0,,,,,,,,
57,11,14,1,3252,464,2463,1027,742,,,
20,11,14,0,,,,,,,,
0,11,14,0,,,,,,,,
44,11,15,0,,,,,,,,
5,11,15,2,1337,1774,1051,1767,993,591,,
0,11,15,0,,,,,,,,
28,11,16,1,1715,2219,1644,1148,1312,,,
33,11,16,0,,,,,,,,
0,11,16,0,,,,,,,,
38,11,17,0,,,,,,,,
45,11,17,2,2591,2021,2265,1588,1421,,,
0,11,17,0,,,,,,,,
63,11,18,1,1911,485,330,,,,,
63,11,18,0,,,,,,,,
0,11,18,0,,,,,,,,
41,11,19,0,,,,,,,,
9,11,19,2,4259,3633,3212,3070,,,,
0,11,19,0,,,,,,,,
19,11,20,1,2722,2051,1249,1220,1303,,,
9,11,20,0,,,,,,,,
0,11,20,0,,,,,,,,
56,11,21,0,,,,,,,,
65,11,21,2,168,1493,883,452,675,,,
0,11,21,0,,,,,,,,
56,11,22,1,815,1563,113,,,,,
62,11,22,0,,,,,,,,
0,11,22,0,,,,,,,,
6,11,23,0,,,,,,,,
66,11,23,2,940,913,1237,717,708,,,
0,11,23,0,,,,,,,,
10,11,24,1,1535,936,826,1116,2590,,,
53,11,24,0,,,,,,,,
0,11,24,0,,,,,,,,
14,11,25,0,,,,,,,,
17,11,25,2,4255,1601,1472,1585,1101,,,
0,11,25,0,,,,,,,,
62,11,26,1,1036,2122,447,733,,,,
59,11,26,0,,,,,,,,
0,11,26,0,,,,,,,,
17,11,27,0,,,,,,,,
51,11,27,2,625,945,834,1772,2837,,,
0,11,27,0,,,,,,,,
38,11,28,1,1116,1141,878,2094,2080,,,
65,11,28,0,,,,,,,,
0,11,28,0,,,,,,,,
64,11,29,0,,,,,,,,
52,11,29,2,409,1034,1888,1849,256,,,
0,11,29,0,,,,,,,,
11,11,30,1,2275,691,1874,1127,1525,,,
11,11,30,0,,,,,,,,
0,11,30,0,,,,,,,,
30,11,31,0,,,,,,,,
37,11,31,2,2229,3191,3294,2375,1212,,,
0,11,31,0,,,,,,,,
16,11,32,1,3079,2443,1266,1265,772,,,
50,11,32,0,,,,,,,,
0,11,32,0,,,,,,,,
42,12,1,0,,,,,,,,
0,12,1,0,,,,,,,,
33,12,1,2,,780,3396,,1300,,,
26,12,2,1,3100,1571,,,,,,
0,12,2,0,,,,,,,,
57,12,2,0,,,,,,,,
67,12,3,0,,,,,,,,
0,12,3,0,,,,,,,,
6,12,3,2,651,1968,533,1380,133,,,
14,12,4,1,2180,2941,2800,139,,,,
0,12,4,0,,,,,,,,
28,12,4,0,,,,,,,,
60,12,5,0,,,,,,,,
0,12,5,0,,,,,,,,
54,12,5,2,,1040,,,,,,
36,12,6,1,126,1142,,321,139,1330,,
0,12,6,0,,,,,,,,
54,12,6,0,,,,,,,,
26,12,7,0,,,,,,,,
0,12,7,0,,,,,,,,
24,12,7,2,458,575,2676,2376,311,,,
38,12,8,1,122,3004,,,137,468,,
0,12,8,0,,,,,,,,
15,12,8,0,,,,,,,,
48,12,9,0,,,,,,,,
0,12,9,0,,,,,,,,
68,12,9,2,,,,,1352,,,
8,12,10,1,1128,802,118,763,119,,,
0,12,10,0,,,,,,,,
39,12,10,0,,,,,,,,
19,12,11,0,,,,,,,,
12,12,11,2,1036,1298,1078,705,,,,
0,12,11,0,,,,,,,,
66,12,12,1,,1552,,648,1239,,,
66,12,12,0,,,,,,,,
0,12,12,0,,,,,,,,
32,12,13,0,,,,,,,,
60,12,13,2,106,1209,,,,,,
0,12,13,0,,,,,,,,
62,12,14,1,492,419,,757,,,,
20,12,14,0,,,,,,,,
0,12,14,0,,,,,,,,
44,12,15,0,,,,,,,,
31,12,15,2,,,1285,,203,190,,
0,12,15,0,,,,,,,,
20,12,16,1,2325,1072,161,206,148,1496,,
33,12,16,0,,,,,,,,
0,12,16,0,,,,,,,,
38,12,17,0,,,,,,,,
61,12,17,2,,,,351,610,,,
0,12,17,0,,,,,,,,
44,12,18,1,1182,1210,,677,144,,,
63,12,18,0,,,,,,,,
0,12,18,0,,,,,,,,
41,12,19,0,,,,,,,,
67,12,19,2,1139,,,1170,,,,
0,12,19,0,,,,,,,,
49,12,20,1,751,1094,,,1787,,,
9,12,20,0,,,,,,,,
0,12,20,0,,,,,,,,
56,12,21,0,,,,,,,,
30,12,21,2,2026,,,,,,,
0,12,21,0,,,,,,,,
13,12,22,1,1461,,352,484,141,1444,,
62,12,22,0,,,,,,,,
0,12,22,0,,,,,,,,
6,12,23,0,,,,,,,,
65,12,23,2,751,334,,,,,,
0,12,23,0,,,,,,,,
48,12,24,1,1878,875,1367,,1148,,,
53,12,24,0,,,,,,,,
0,12,24,0,,,,,,,,
14,12,25,0,,,,,,,,
19,12,25,2,115,3029,,81,1558,,,
0,12,25,0,,,,,,,,
56,12,26,1,,571,,,165,,,
59,12,26,0,,,,,,,,
0,12,26,0,,,,,,,,
17,12,27,0,,,,,,,,
69,12,27,2,680,527,2718,,936,,,
0,12,27,0,,,,,,,,
47,12,28,1,2007,1062,,159,2198,,,
65,12,28,0,,,,,,,,
0,12,28,0,,,,,,,,
64,12,29,0,,,,,,,,
21,12,29,2,2415,,1503,213,,,,
0,12,29,0,,,,,,,,
71,12,30,1,1214,235,1593,,,,,
11,12,30,0,,,,,,,,
0,12,30,0,,,,,,,,
30,12,31,0,,,,,,,,
53,12,31,2,302,,167,,,,,
0,12,31,0,,,,,,,,
57,12,32,1,,227,,,,,,
50,12,32,0,,,,,,,,
0,12,32,0,,,,,,,,
42,13,1,0,,,,,,,,
0,13,1,0,,,,,,,,
38,13,1,2,,,,,1549,,,
35,13,2,1,,,,,131,,,
0,13,2,0,,,,,,,,
57,13,2,0,,,,,,,,
67,13,3,0,,,,,,,,
0,13,3,0,,,,,,,,
39,13,3,2,447,1857,,135,2839,,,
60,13,4,1,,,,217,,,,
0,13,4,0,,,,,,,,
28,13,4,0,,,,,,,,
60,13,5,0,,,,,,,,
0,13,5,0,,,,,,,,
17,13,5,2,,,,,,,,
64,13,6,1,193,,,,134,,,
0,13,6,0,,,,,,,,
54,13,6,0,,,,,,,,
26,13,7,0,,,,,,,,
0,13,7,0,,,,,,,,
59,13,7,2,,,2760,,,,,
26,13,8,1,,201,,209,,,,
0,13,8,0,,,,,,,,
15,13,8,0,,,,,,,,
48,13,9,0,,,,,,,,
0,13,9,0,,,,,,,,
8,13,9,2,674,249,257,,2520,,,
55,13,10,1,493,,,,,,,
0,13,10,0,,,,,,,,
39,13,10,0,,,,,,,,
19,13,11,0,,,,,,,,
46,13,11,2,,,,294,1833,,,
0,13,11,0,,,,,,,,
48,13,12,1,534,,,,1978,,,
66,13,12,0,,,,,,,,
0,13,12,0,,,,,,,,
32,13,13,0,,,,,,,,
44,13,13,2,242,,,,,,,
0,13,13,0,,,,,,,,
21,13,14,1,,,,113,,,,
20,13,14,0,,,,,,,,
0,13,14,0,,,,,,,,
44,13,15,0,,,,,,,,
32,13,15,2,,,,,,,,
0,13,15,0,,,,,,,,
34,13,16,1,,,,126,,,,
33,13,16,0,,,,,,,,
0,13,16,0,,,,,,,,
38,13,17,0,,,,,,,,
13,13,17,2,,,139,,,,,
0,13,17,0,,,,,,,,
53,13,18,1,576,,,,,,,
63,13,18,0,,,,,,,,
0,13,18,0,,,,,,,,
41,13,19,0,,,,,,,,
52,13,19,2,1484,,,,95,,,
0,13,19,0,,,,,,,,
6,13,20,1,,,,,,,,
9,13,20,0,,,,,,,,
0,13,20,0,,,,,,,,
56,13,21,0,,,,,,,,
23,13,21,2,1358,,,,,,,
0,13,21,0,,,,,,,,
42,13,22,1,,,,,,,,
62,13,22,0,,,,,,,,
0,13,22,0,,,,,,,,
6,13,23,0,,,,,,,,
51,13,23,2,812,,,119,,,,
0,13,23,0,,,,,,,,
36,13,24,1,,1628,,,1619,,,
53,13,24,0,,,,,,,,
0,13,24,0,,,,,,,,
14,13,25,0,,,,,,,,
56,13,25,2,,1251,,,,,,
0,13,25,0,,,,,,,,
14,13,26,1,,,,,,,,
59,13,26,0,,,,,,,,
0,13,26,0,,,,,,,,
17,13,27,0,,,,,,,,
45,13,27,2,244,,,,2363,,,
0,13,27,0,,,,,,,,
58,13,28,1,591,135,,,187,,,
65,13,28,0,,,,,,,,
0,13,28,0,,,,,,,,
64,13,29,0,,,,,,,,
62,13,29,2,786,,,,,,,
0,13,29,0,,,,,,,,
47,13,30,1,,,,,,,,
11,13,30,0,,,,,,,,
0,13,30,0,,,,,,,,
30,13,31,0,,,,,,,,
22,13,31,2,,,,,,,,
0,13,31,0,,,,,,,,
25,13,32,1,,,707,,,,,
50,13,32,0,,,,,,,,
0,13,32,0,,,,,,,,
42,14,1,0,,,,,,,,
0,14,1,0,,,,,,,,
32,14,1,2,741,,,,,,,
17,14,2,1,964,,,,137,,,
0,14,2,0,,,,,,,,
57,14,2,0,,,,,,,,
67,14,3,0,,,,,,,,
0,14,3,0,,,,,,,,
55,14,3,2,,,,,1335,,,
38,14,4,1,347,801,,151,,,,
0,14,4,0,,,,,,,,
28,14,4,0,,,,,,,,
60,14,5,0,,,,,,,,
0,14,5,0,,,,,,,,
49,14,5,2,1278,,,,,,,
25,14,6,1,,187,342,149,,,,
0,14,6,0,,,,,,,,
54,14,6,0,,,,,,,,
26,14,7,0,,,,,,,,
0,14,7,0,,,,,,,,
12,14,7,2,543,,,124,373,,,
29,14,8,1,,,,224,,,,
0,14,8,0,,,,,,,,
15,14,8,0,,,,,,,,
48,14,9,0,,,,,,,,
0,14,9,0,,,,,,,,
65,14,9,2,,798,939,168,1327,,,
8,14,10,1,473,1501,,,,,,
0,14,10,0,,,,,,,,
39,14,10,0,,,,,,,,
19,14,11,0,,,,,,,,
7,14,11,2,640,1323,328,,,,,
0,14,11,0,,,,,,,,
34,14,12,1,595,295,,,1336,,,
66,14,12,0,,,,,,,,
0,14,12,0,,,,,,,,
32,14,13,0,,,,,,,,
21,14,13,2,1086,1307,,,,,,
0,14,13,0,,,,,,,,
57,14,14,1,,,,160,,,,
20,14,14,0,,,,,,,,
0,14,14,0,,,,,,,,
44,14,15,0,,,,,,,,
46,14,15,2,,,,405,,,,
0,14,15,0,,,,,,,,
59,14,16,1,,134,,,,,,
33,14,16,0,,,,,,,,
0,14,16,0,,,,,,,,
38,14,17,0,,,,,,,,
37,14,17,2,708,124,,,,,,
0,14,17,0,,,,,,,,
48,14,18,1,,1393,,,,,,
63,14,18,0,,,,,,,,
0,14,18,0,,,,,,,,
41,14,19,0,,,,,,,,
43,14,19,2,249,,378,,,,,
0,14,19,0,,,,,,,,
54,14,20,1,,,,,,,,
9,14,20,0,,,,,,,,
0,14,20,0,,,,,,,,
56,14,21,0,,,,,,,,
44,14,21,2,,,,,,,,
0,14,21,0,,,,,,,,
36,14,22,1,,,,,,,,
62,14,22,0,,,,,,,,
0,14,22,0,,,,,,,,
6,14,23,0,,,,,,,,
61,14,23,2,,,90,,,,,
0,14,23,0,,,,,,,,
31,14,24,1,1121,751,,,1948,764,,
53,14,24,0,,,,,,,,
0,14,24,0,,,,,,,,
14,14,25,0,,,,,,,,
35,14,25,2,,,,,,,,
0,14,25,0,,,,,,,,
62,14,26,1,,,,,,,,
59,14,26,0,,,,,,,,
0,14,26,0,,,,,,,,
17,14,27,0,,,,,,,,
47,14,27,2,1775,344,202,530,1770,,,
0,14,27,0,,,,,,,,
40,14,28,1,165,148,152,155,,,,
65,14,28,0,,,,,,,,
0,14,28,0,,,,,,,,
64,14,29,0,,,,,,,,
63,14,29,2,1760,873,,,,,,
0,14,29,0,,,,,,,,
60,14,30,1,933,,,,,,,
11,14,30,0,,,,,,,,
0,14,30,0,,,,,,,,
30,14,31,0,,,,,,,,
10,14,31,2,,510,,1226,,,,
0,14,31,0,,,,,,,,
16,14,32,1,,840,,,,,,
50,14,32,0,,,,,,,,
0,14,32,0,,,,,,,,
49,15,1,1,424,1100,2039,,2006,,,
0,15,1,0,,,,,,,,
32,15,1,0,,,,,,,,
17,15,2,0,,,,,,,,
0,15,2,0,,,,,,,,
59,15,2,2,,103,,1679,593,,,
68,15,3,1,909,2625,388,948,722,,,
0,15,3,0,,,,,,,,
55,15,3,0,,,,,,,,
38,15,4,0,,,,,,,,
0,15,4,0,,,,,,,,
20,15,4,2,448,151,2373,229,1340,,,
51,15,5,1,586,,947,940,,,,
0,15,5,0,,,,,,,,
49,15,5,0,,,,,,,,
25,15,6,0,,,,,,,,
0,15,6,0,,,,,,,,
8,15,6,2,330,,169,,418,1416,,
36,15,7,1,2360,,388,,786,,,
0,15,7,0,,,,,,,,
12,15,7,0,,,,,,,,
29,15,8,0,,,,,,,,
0,15,8,0,,,,,,,,
26,15,8,2,155,,745,663,586,,,
58,15,9,1,,1043,,772,934,,,
0,15,9,0,,,,,,,,
65,15,9,0,,,,,,,,
8,15,10,0,,,,,,,,
0,15,10,0,,,,,,,,
34,15,10,2,510,609,464,868,1107,,,
61,15,11,1,,550,,1900,768,,,
7,15,11,0,,,,,,,,
0,15,11,0,,,,,,,,
34,15,12,0,,,,,,,,
41,15,12,2,,,1513,1705,,,,
0,15,12,0,,,,,,,,
39,15,13,1,,,,1305,1301,,,
21,15,13,0,,,,,,,,
0,15,13,0,,,,,,,,
57,15,14,0,,,,,,,,
38,15,14,2,,,,287,561,,,
0,15,14,0,,,,,,,,
43,15,15,1,,,2170,260,,,,
46,15,15,0,,,,,,,,
0,15,15,0,,,,,,,,
59,15,16,0,,,,,,,,
56,15,16,2,,,2736,,,,,
0,15,16,0,,,,,,,,
57,15,17,1,,294,326,145,,,,
37,15,17,0,,,,,,,,
0,15,17,0,,,,,,,,
48,15,18,0,,,,,,,,
45,15,18,2,,,,,,,,
0,15,18,0,,,,,,,,
24,15,19,1,666,1773,232,1238,,,,
43,15,19,0,,,,,,,,
0,15,19,0,,,,,,,,
54,15,20,0,,,,,,,,
15,15,20,2,1472,,,,499,,,
0,15,20,0,,,,,,,,
46,15,21,1,,,,498,2918,,,
44,15,21,0,,,,,,,,
0,15,21,0,,,,,,,,
36,15,22,0,,,,,,,,
33,15,22,2,214,,,744,193,,,
0,15,22,0,,,,,,,,
23,15,23,1,,,160,,228,,,
61,15,23,0,,,,,,,,
0,15,23,0,,,,,,,,
31,15,24,0,,,,,,,,
44,15,24,2,,3018,2008,410,1522,,,
0,15,24,0,,,,,,,,
10,15,25,1,5029,398,,205,1071,,,
35,15,25,0,,,,,,,,
0,15,25,0,,,,,,,,
62,15,26,0,,,,,,,,
7,15,26,2,963,274,,,,,,
0,15,26,0,,,,,,,,
69,15,27,1,,564,1323,1029,839,,,
47,15,27,0,,,,,,,,
0,15,27,0,,,,,,,,
40,15,28,0,,,,,,,,
28,15,28,2,,1744,,2501,,,,
0,15,28,0,,,,,,,,
53,15,29,1,313,6983,3866,2877,1303,,,
63,15,29,0,,,,,,,,
0,15,29,0,,,,,,,,
60,15,30,0,,,,,,,,
29,15,30,2,,222,2136,247,,,,
0,15,30,0,,,,,,,,
42,15,31,1,,1349,978,,,,,
10,15,31,0,,,,,,,,
0,15,31,0,,,,,,,,
16,15,32,0,,,,,,,,
40,15,32,2,,4170,4803,3751,,,,
0,15,32,0,,,,,,,,
49,16,1,0,,,,,,,,
0,16,1,0,,,,,,,,
50,16,1,2,,,,,1762,,,
16,16,2,1,770,,1199,687,386,1880,,
0,16,2,0,,,,,,,,
59,16,2,0,,,,,,,,
68,16,3,0,,,,,,,,
0,16,3,0,,,,,,,,
10,16,3,2,,1241,,,,,,
54,16,4,1,,,1340,354,890,,,
0,16,4,0,,,,,,,,
20,16,4,0,,,,,,,,
51,16,5,0,,,,,,,,
0,16,5,0,,,,,,,,
12,16,5,2,188,,1101,,,,,
33,16,6,1,,,,,137,,,
0,16,6,0,,,,,,,,
8,16,6,0,,,,,,,,
36,16,7,0,,,,,,,,
0,16,7,0,,,,,,,,
44,16,7,2,,,,,,,,
46,16,8,1,,,,,,,,
0,16,8,0,,,,,,,,
26,16,8,0,,,,,,,,
58,16,9,0,,,,,,,,
0,16,9,0,,,,,,,,
52,16,9,2,,143,215,277,,,,
17,16,10,1,,755,384,,435,,,
0,16,10,0,,,,,,,,
34,16,10,0,,,,,,,,
61,16,11,0,,,,,,,,
27,16,11,2,,1020,388,,205,,,
0,16,11,0,,,,,,,,
34,16,12,1,,,,,,,,
41,16,12,0,,,,,,,,
0,16,12,0,,,,,,,,
39,16,13,0,,,,,,,,
57,16,13,2,433,949,,,1087,,,
0,16,13,0,,,,,,,,
37,16,14,1,,,,,,,,
38,16,14,0,,,,,,,,
0,16,14,0,,,,,,,,
43,16,15,0,,,,,,,,
22,16,15,2,188,692,,,323,,,
0,16,15,0,,,,,,,,
26,16,16,1,,316,,1072,,,,
56,16,16,0,,,,,,,,
0,16,16,0,,,,,,,,
57,16,17,0,,,,,,,,
43,16,17,2,,,,,,,,
0,16,17,0,,,,,,,,
14,16,18,1,591,582,,,315,,,
45,16,18,0,,,,,,,,
0,16,18,0,,,,,,,,
24,16,19,0,,,,,,,,
42,16,19,2,,218,,729,,,,
0,16,19,0,,,,,,,,
45,16,20,1,,,,,550,,,
15,16,20,0,,,,,,,,
0,16,20,0,,,,,,,,
46,16,21,0,,,,,,,,
5,16,21,2,169,865,253,,288,,,
0,16,21,0,,,,,,,,
8,16,22,1,,,,,,,,
33,16,22,0,,,,,,,,
0,16,22,0,,,,,,,,
23,16,23,0,,,,,,,,
66,16,23,2,,,,,,,,
0,16,23,0,,,,,,,,
35,16,24,1,,,,,646,,,
44,16,24,0,,,,,,,,
0,16,24,0,,,,,,,,
10,16,25,0,,,,,,,,
40,16,25,2,,,,,,,,
0,16,25,0,,,,,,,,
32,16,26,1,,,,,,,,
7,16,26,0,,,,,,,,
0,16,26,0,,,,,,,,
69,16,27,0,,,,,,,,
9,16,27,2,120,,,168,1006,,,
0,16,27,0,,,,,,,,
25,16,28,1,732,872,,280,1369,,,
28,16,28,0,,,,,,,,
0,16,28,0,,,,,,,,
53,16,29,0,,,,,,,,
15,16,29,2,,348,1408,661,978,,,
0,16,29,0,,,,,,,,
39,16,30,1,,412,,,,,,
29,16,30,0,,,,,,,,
0,16,30,0,,,,,,,,
42,16,31,0,,,,,,,,
41,16,31,2,,,,,,,,
0,16,31,0,,,,,,,,
49,16,32,1,,,,,,,,
40,16,32,0,,,,,,,,
0,16,32,0,,,,,,,,
12,17,1,1,616,1291,200,,,1619,,
0,17,1,0,,,,,,,,
50,17,1,0,,,,,,,,
16,17,2,0,,,,,,,,
0,17,2,0,,,,,,,,
33,17,2,2,2510,1210,984,1419,538,,,
28,17,3,1,507,1253,160,759,316,,,
0,17,3,0,,,,,,,,
10,17,3,0,,,,,,,,
54,17,4,0,,,,,,,,
0,17,4,0,,,,,,,,
66,17,4,2,261,299,1045,1043,332,,,
26,17,5,1,443,,,725,333,,,
0,17,5,0,,,,,,,,
12,17,5,0,,,,,,,,
33,17,6,0,,,,,,,,
0,17,6,0,,,,,,,,
64,17,6,2,,,392,1355,644,1946,,
48,17,7,1,699,451,1387,1146,88,,,
0,17,7,0,,,,,,,,
44,17,7,0,,,,,,,,
46,17,8,0,,,,,,,,
0,17,8,0,,,,,,,,
19,17,8,2,760,557,204,,129,1349,,
41,17,9,1,,,,154,152,,,
0,17,9,0,,,,,,,,
52,17,9,0,,,,,,,,
17,17,10,0,,,,,,,,
0,17,10,0,,,,,,,,
61,17,10,2,,,,967,427,,,
36,17,11,1,,233,,379,286,,,
27,17,11,0,,,,,,,,
0,17,11,0,,,,,,,,
34,17,12,0,,,,,,,,
21,17,12,2,700,,,144,757,,,
0,17,12,0,,,,,,,,
11,17,13,1,321,1022,499,268,554,1696,,
57,17,13,0,,,,,,,,
0,17,13,0,,,,,,,,
37,17,14,0,,,,,,,,
55,17,14,2,1218,676,780,516,183,2108,,
0,17,14,0,,,,,,,,
53,17,15,1,,,,483,141,,,
22,17,15,0,,,,,,,,
0,17,15,0,,,,,,,,
26,17,16,0,,,,,,,,
38,17,16,2,,,164,702,,,,
0,17,16,0,,,,,,,,
39,17,17,1,,,,428,414,,,
43,17,17,0,,,,,,,,
0,17,17,0,,,,,,,,
14,17,18,0,,,,,,,,
68,17,18,2,884,,,490,198,,,
0,17,18,0,,,,,,,,
46,17,19,1,1246,982,2132,1130,484,,,
42,17,19,0,,,,,,,,
0,17,19,0,,,,,,,,
45,17,20,0,,,,,,,,
24,17,20,2,1622,356,971,632,,,,
0,17,20,0,,,,,,,,
63,17,21,1,,,,,641,,,
5,17,21,0,,,,,,,,
0,17,21,0,,,,,,,,
8,17,22,0,,,,,,,,
30,17,22,2,,,,,,,,
0,17,22,0,,,,,,,,
25,17,23,1,137,303,,741,584,1719,,
66,17,23,0,,,,,,,,
0,17,23,0,,,,,,,,
35,17,24,0,,,,,,,,
57,17,24,2,,,,,606,,,
0,17,24,0,,,,,,,,
37,17,25,1,128,,,,573,,,
40,17,25,0,,,,,,,,
0,17,25,0,,,,,,,,
32,17,26,0,,,,,,,,
47,17,26,2,749,1129,989,540,332,,,
0,17,26,0,,,,,,,,
60,17,27,1,1262,603,541,959,185,,,
9,17,27,0,,,,,,,,
0,17,27,0,,,,,,,,
25,17,28,0,,,,,,,,
50,17,28,2,663,85,,284,285,,,
0,17,28,0,,,,,,,,
58,17,29,1,1024,1061,923,720,351,,,
15,17,29,0,,,,,,,,
0,17,29,0,,,,,,,,
39,17,30,0,,,,,,,,
31,17,30,2,4395,,,,,,,
0,17,30,0,,,,,,,,
45,17,31,1,1266,152,,,,,,
41,17,31,0,,,,,,,,
0,17,31,0,,,,,,,,
49,17,32,0,,,,,,,,
35,17,32,2,389,256,,,132,557,,
0,17,32,0,,,,,,,,
12,18,1,0,,,,,,,,
0,18,1,0,,,,,,,,
34,18,1,2,,753,4082,2788,1322,,,
50,18,2,1,237,3292,3644,,,,,
0,18,2,0,,,,,,,,
33,18,2,0,,,,,,,,
28,18,3,0,,,,,,,,
0,18,3,0,,,,,,,,
7,18,3,2,1110,795,,1657,670,,,
47,18,4,1,14308,,1325,710,594,,,
0,18,4,0,,,,,,,,
66,18,4,0,,,,,,,,
26,18,5,0,,,,,,,,
0,18,5,0,,,,,,,,
32,18,5,2,,,1348,771,,,,
25,18,6,1,1217,145,353,1024,918,,,
0,18,6,0,,,,,,,,
64,18,6,0,,,,,,,,
48,18,7,0,,,,,,,,
0,18,7,0,,,,,,,,
49,18,7,2,2691,3495,4000,2770,661,,,
38,18,8,1,344,2058,2057,1039,933,,,
0,18,8,0,,,,,,,,
19,18,8,0,,,,,,,,
41,18,9,0,,,,,,,,
0,18,9,0,,,,,,,,
21,18,9,2,858,1910,2098,1835,1405,,,
9,18,10,1,1407,625,1042,214,1113,,,
0,18,10,0,,,,,,,,
61,18,10,0,,,,,,,,
36,18,11,0,,,,,,,,
42,18,11,2,1230,1432,1622,353,537,,,
0,18,11,0,,,,,,,,
30,18,12,1,642,476,776,745,197,,,
21,18,12,0,,,,,,,,
0,18,12,0,,,,,,,,
11,18,13,0,,,,,,,,
56,18,13,2,169,352,2156,292,597,,,
0,18,13,0,,,,,,,,
40,18,14,1,1413,1403,1512,480,196,,,
55,18,14,0,,,,,,,,
0,18,14,0,,,,,,,,
53,18,15,0,,,,,,,,
16,18,15,2,,2206,800,833,674,,,
0,18,15,0,,,,,,,,
59,18,16,1,1553,989,1415,860,895,,,
38,18,16,0,,,,,,,,
0,18,16,0,,,,,,,,
39,18,17,0,,,,,,,,
12,18,17,2,568,141,4606,3433,179,,,
0,18,17,0,,,,,,,,
11,18,18,1,,,404,632,469,,,
68,18,18,0,,,,,,,,
0,18,18,0,,,,,,,,
46,18,19,0,,,,,,,,
20,18,19,2,9419,431,1723,254,,,,
0,18,19,0,,,,,,,,
62,18,20,1,,,454,2119,553,,,
24,18,20,0,,,,,,,,
0,18,20,0,,,,,,,,
63,18,21,0,,,,,,,,
53,18,21,2,1045,346,432,579,1258,,,
0,18,21,0,,,,,,,,
57,18,22,1,536,196,841,1260,994,,,
30,18,22,0,,,,,,,,
0,18,22,0,,,,,,,,
25,18,23,0,,,,,,,,
5,18,23,2,532,,1238,,643,,,
0,18,23,0,,,,,,,,
60,18,24,1,1912,341,822,624,280,,,
57,18,24,0,,,,,,,,
0,18,24,0,,,,,,,,
37,18,25,0,,,,,,,,
6,18,25,2,1139,3019,730,1117,,,,
0,18,25,0,,,,,,,,
55,18,26,1,,243,1577,209,581,,,
47,18,26,0,,,,,,,,
0,18,26,0,,,,,,,,
60,18,27,0,,,,,,,,
23,18,27,2,356,,2718,625,155,,,
0,18,27,0,,,,,,,,
37,18,28,1,1635,2268,709,,284,,,
50,18,28,0,,,,,,,,
0,18,28,0,,,,,,,,
58,18,29,0,,,,,,,,
58,18,29,2,1622,2546,1263,2252,812,,,
0,18,29,0,,,,,,,,
41,18,30,1,128,984,811,861,1502,,,
31,18,30,0,,,,,,,,
0,18,30,0,,,,,,,,
45,18,31,0,,,,,,,,
27,18,31,2,2066,2461,3235,2985,1405,,,
0,18,31,0,,,,,,,,
31,18,32,1,473,1545,501,657,650,,,
35,18,32,0,,,,,,,,
0,18,32,0,,,,,,,,
23,19,1,1,1612,988,950,1523,1135,,,
0,19,1,0,,,,,,,,
34,19,1,0,,,,,,,,
50,19,2,0,,,,,,,,
0,19,2,0,,,,,,,,
40,19,2,2,,420,,327,973,,,
56,19,3,1,1001,,1017,834,2141,,,
0,19,3,0,,,,,,,,
7,19,3,0,,,,,,,,
47,19,4,0,,,,,,,,
0,19,4,0,,,,,,,,
21,19,4,2,1651,1456,1049,1408,330,,,
30,19,5,1,,322,263,,183,,,
0,19,5,0,,,,,,,,
32,19,5,0,,,,,,,,
25,19,6,0,,,,,,,,
0,19,6,0,,,,,,,,
15,19,6,2,631,,179,,566,,,
7,19,7,1,2471,1166,434,334,1006,,,
0,19,7,0,,,,,,,,
49,19,7,0,,,,,,,,
38,19,8,0,,,,,,,,
0,19,8,0,,,,,,,,
19,19,8,2,,240,,720,1624,,,
25,19,9,1,,,,470,740,,,
0,19,9,0,,,,,,,,
21,19,9,0,,,,,,,,
9,19,10,0,,,,,,,,
0,19,10,0,,,,,,,,
37,19,10,2,429,,,,200,,,
17,19,11,1,,,118,1075,1677,,,
42,19,11,0,,,,,,,,
0,19,11,0,,,,,,,,
30,19,12,0,,,,,,,,
59,19,12,2,805,,166,513,1659,,,
0,19,12,0,,,,,,,,
32,19,13,1,513,,,,994,,,
56,19,13,0,,,,,,,,
0,19,13,0,,,,,,,,
40,19,14,0,,,,,,,,
67,19,14,2,2322,670,2246,803,,,,
0,19,14,0,,,,,,,,
63,19,15,1,572,1049,1234,1915,942,152,,
16,19,15,0,,,,,,,,
0,19,15,0,,,,,,,,
59,19,16,0,,,,,,,,
66,19,16,2,490,815,1418,,,,,
0,19,16,0,,,,,,,,
10,19,17,1,,353,,,157,,,
12,19,17,0,,,,,,,,
0,19,17,0,,,,,,,,
11,19,18,0,,,,,,,,
44,19,18,2,,,,117,137,,,
0,19,18,0,,,,,,,,
36,19,19,1,,,,1304,,,,
20,19,19,0,,,,,,,,
0,19,19,0,,,,,,,,
62,19,20,0,,,,,,,,
28,19,20,2,,,160,1870,607,,,
0,19,20,0,,,,,,,,
49,19,21,1,,,,1236,,,,
53,19,21,0,,,,,,,,
0,19,21,0,,,,,,,,
57,19,22,0,,,,,,,,
5,19,22,2,2205,1427,992,729,1099,,,
0,19,22,0,,,,,,,,
35,19,23,1,,,,299,484,,,
5,19,23,0,,,,,,,,
0,19,23,0,,,,,,,,
60,19,24,0,,,,,,,,
51,19,24,2,,796,702,878,1673,,,
0,19,24,0,,,,,,,,
52,19,25,1,2521,773,975,443,,,,
6,19,25,0,,,,,,,,
0,19,25,0,,,,,,,,
55,19,26,0,,,,,,,,
18,19,26,2,214,171,1032,,877,,,
0,19,26,0,,,,,,,,
58,19,27,1,,,85,1661,1658,,,
23,19,27,0,,,,,,,,
0,19,27,0,,,,,,,,
37,19,28,0,,,,,,,,
45,19,28,2,294,193,,272,644,,,
0,19,28,0,,,,,,,,
42,19,29,1,,,,558,830,,,
58,19,29,0,,,,,,,,
0,19,29,0,,,,,,,,
41,19,30,0,,,,,,,,
39,19,30,2,785,1659,487,764,428,,,
0,19,30,0,,,,,,,,
12,19,31,1,,174,117,,181,,,
27,19,31,0,,,,,,,,
0,19,31,0,,,,,,,,
31,19,32,0,,,,,,,,
27,19,32,2,1408,445,833,501,,,,
0,19,32,0,,,,,,,,
23,20,1,0,,,,,,,,
0,20,1,0,,,,,,,,
39,20,1,2,,1011,,264,1080,,,
60,20,2,1,,354,,,,,,
0,20,2,0,,,,,,,,
40,20,2,0,,,,,,,,
56,20,3,0,,,,,,,,
0,20,3,0,,,,,,,,
20,20,3,2,,1910,,111,1154,2245,,
5,20,4,1,795,406,1451,,384,,,
0,20,4,0,,,,,,,,
21,20,4,0,,,,,,,,
30,20,5,0,,,,,,,,
0,20,5,0,,,,,,,,
16,20,5,2,,339,275,,738,,,
32,20,6,1,,2783,,,,,,
0,20,6,0,,,,,,,,
15,20,6,0,,,,,,,,
7,20,7,0,,,,,,,,
0,20,7,0,,,,,,,,
49,20,7,2,759,,154,,,,,
23,20,8,1,,,200,,291,,,
0,20,8,0,,,,,,,,
19,20,8,0,,,,,,,,
25,20,9,0,,,,,,,,
0,20,9,0,,,,,,,,
63,20,9,2,,,,620,1517,,,
26,20,10,1,1417,740,,,,,,
0,20,10,0,,,,,,,,
37,20,10,0,,,,,,,,
17,20,11,0,,,,,,,,
47,20,11,2,,306,,,789,,,
0,20,11,0,,,,,,,,
22,20,12,1,949,2789,3115,,,,,
59,20,12,0,,,,,,,,
0,20,12,0,,,,,,,,
32,20,13,0,,,,,,,,
37,20,13,2,,1745,,166,1520,,,
0,20,13,0,,,,,,,,
33,20,14,1,358,4041,730,,,,,
67,20,14,0,,,,,,,,
0,20,14,0,,,,,,,,
63,20,15,0,,,,,,,,
55,20,15,2,,134,560,1011,140,,,
0,20,15,0,,,,,,,,
18,20,16,1,909,415,,,,,,
66,20,16,0,,,,,,,,
0,20,16,0,,,,,,,,
10,20,17,0,,,,,,,,
31,20,17,2,228,558,836,,,,,
0,20,17,0,,,,,,,,
36,20,18,1,1947,4817,7359,,311,,,
44,20,18,0,,,,,,,,
0,20,18,0,,,,,,,,
36,20,19,0,,,,,,,,
53,20,19,2,,867,812,974,,,,
0,20,19,0,,,,,,,,
38,20,20,1,,305,,,,,,
28,20,20,0,,,,,,,,
0,20,20,0,,,,,,,,
49,20,21,0,,,,,,,,
25,20,21,2,953,2524,540,,,,,
0,20,21,0,,,,,,,,
35,20,22,1,339,227,806,620,,,,
5,20,22,0,,,,,,,,
0,20,22,0,,,,,,,,
35,20,23,0,,,,,,,,
7,20,23,2,1478,,,,,,,
0,20,23,0,,,,,,,,
27,20,24,1,812,632,,923,928,,,
51,20,24,0,,,,,,,,
0,20,24,0,,,,,,,,
52,20,25,0,,,,,,,,
19,20,25,2,564,1585,127,2541,,,,
0,20,25,0,,,,,,,,
10,20,26,1,,455,,,,,,
18,20,26,0,,,,,,,,
0,20,26,0,,,,,,,,
58,20,27,0,,,,,,,,
56,20,27,2,429,,1710,263,1071,1932,,
0,20,27,0,,,,,,,,
15,20,28,1,1211,1114,,,,,,
45,20,28,0,,,,,,,,
0,20,28,0,,,,,,,,
42,20,29,0,,,,,,,,
40,20,29,2,,,,,,2853,,
0,20,29,0,,,,,,,,
42,20,30,1,218,184,2495,,,,,
39,20,30,0,,,,,,,,
0,20,30,0,,,,,,,,
12,20,31,0,,,,,,,,
59,20,31,2,,1164,,199,646,,,
0,20,31,0,,,,,,,,
13,20,32,1,1122,2411,2758,,,,,
27,20,32,0,,,,,,,,
0,20,32,0,,,,,,,,
