seq,subj,item,cond,R1,R2,R3,R4,R5,R6,R7,R8
0,1,1,0,,,,,,,,
0,1,1,0,,,,,,,,
35,1,1,2,3424,3321,646,921,1045,838,,
32,1,2,1,4858,1657,2074,809,1027,2279,,
0,1,2,0,,,,,,,,
0,1,2,0,,,,,,,,
0,1,3,0,,,,,,,,
0,1,3,0,,,,,,,,
18,1,3,2,1657,1775,1950,2312,1214,2067,,
66,1,4,1,1218,1429,1288,939,801,1078,,
0,1,4,0,,,,,,,,
0,1,4,0,,,,,,,,
0,1,5,0,,,,,,,,
0,1,5,0,,,,,,,,
47,1,5,2,1303,994,1000,884,910,765,,
5,1,6,1,3682,2787,1732,3536,2062,1432,,
0,1,6,0,,,,,,,,
0,1,6,0,,,,,,,,
0,1,7,0,,,,,,,,
0,1,7,0,,,,,,,,
13,1,7,2,1851,711,1995,1423,1010,1150,,
30,1,8,1,1306,1092,1715,887,1011,1916,,
0,1,8,0,,,,,,,,
0,1,8,0,,,,,,,,
0,1,9,0,,,,,,,,
0,1,9,0,,,,,,,,
27,1,9,2,1341,1806,2687,1451,2101,1248,,
49,1,10,1,3632,1265,947,885,1192,1162,,
0,1,10,0,,,,,,,,
0,1,10,0,,,,,,,,
0,1,11,0,,,,,,,,
15,1,11,2,2513,1597,1555,668,564,1055,,
0,1,11,0,,,,,,,,
12,1,12,1,1370,1802,1396,1131,1300,896,,
0,1,12,0,,,,,,,,
0,1,12,0,,,,,,,,
0,1,13,0,,,,,,,,
44,1,13,2,2459,1851,3068,3409,3306,572,,
0,1,13,0,,,,,,,,
64,1,14,1,1056,809,1250,1518,787,598,,
0,1,14,0,,,,,,,,
0,1,14,0,,,,,,,,
0,1,15,0,,,,,,,,
20,1,15,2,1754,2115,1112,1056,1476,1187,,
0,1,15,0,,,,,,,,
41,1,16,1,1654,1913,2659,850,677,951,,
0,1,16,0,,,,,,,,
0,1,16,0,,,,,,,,
0,1,17,0,,,,,,,,
51,1,17,2,2464,1981,2156,1613,861,841,,
0,1,17,0,,,,,,,,
52,1,18,1,1129,908,2051,2828,917,1201,,
0,1,18,0,,,,,,,,
0,1,18,0,,,,,,,,
0,1,19,0,,,,,,,,
7,1,19,2,2910,2245,2904,1002,1395,1717,,
0,1,19,0,,,,,,,,
26,1,20,1,5031,2295,1906,1186,735,962,,
0,1,20,0,,,,,,,,
0,1,20,0,,,,,,,,
0,1,21,0,,,,,,,,
58,1,21,2,2368,1073,848,729,1038,592,,
0,1,21,0,,,,,,,,
55,1,22,1,1058,2369,1713,936,1337,665,,
0,1,22,0,,,,,,,,
0,1,22,0,,,,,,,,
0,1,23,0,,,,,,,,
42,1,23,2,1871,1684,1734,902,837,1047,,
0,1,23,0,,,,,,,,
40,1,24,1,1850,988,930,821,786,1151,,
0,1,24,0,,,,,,,,
0,1,24,0,,,,,,,,
0,1,25,0,,,,,,,,
23,1,25,2,2102,2244,1881,4496,2830,2065,,
0,1,25,0,,,,,,,,
34,1,26,1,2343,2386,1671,1029,928,832,,
0,1,26,0,,,,,,,,
0,1,26,0,,,,,,,,
0,1,27,0,,,,,,,,
56,1,27,2,1494,854,857,1242,1013,744,,
0,1,27,0,,,,,,,,
29,1,28,1,1937,2798,2307,1499,1473,3381,,
0,1,28,0,,,,,,,,
0,1,28,0,,,,,,,,
0,1,29,0,,,,,,,,
45,1,29,2,2113,1327,1111,1116,1208,1045,,
0,1,29,0,,,,,,,,
62,1,30,1,3056,2968,2209,767,1506,766,,
0,1,30,0,,,,,,,,
0,1,30,0,,,,,,,,
0,1,31,0,,,,,,,,
63,1,31,2,2099,3007,4145,3684,1298,951,,
0,1,31,0,,,,,,,,
46,1,32,1,1163,1917,1541,635,871,633,,
0,1,32,0,,,,,,,,
0,1,32,0,,,,,,,,
42,2,1,1,1985,5206,1398,1320,1153,1648,,
0,2,1,0,,,,,,,,
35,2,1,0,,,,,,,,
32,2,2,0,,,,,,,,
0,2,2,0,,,,,,,,
57,2,2,2,2538,1358,2241,1434,1204,3282,,
67,2,3,1,2383,1013,1183,2047,1208,1453,,
0,2,3,0,,,,,,,,
18,2,3,0,,,,,,,,
66,2,4,0,,,,,,,,
0,2,4,0,,,,,,,,
28,2,4,2,2464,2777,1392,1258,1694,1340,,
60,2,5,1,2924,3229,1457,717,661,987,,
0,2,5,0,,,,,,,,
47,2,5,0,,,,,,,,
5,2,6,0,,,,,,,,
0,2,6,0,,,,,,,,
54,2,6,2,1657,1734,1308,1536,865,1219,,
26,2,7,1,3151,2626,2450,1673,893,1394,,
0,2,7,0,,,,,,,,
13,2,7,0,,,,,,,,
30,2,8,0,,,,,,,,
0,2,8,0,,,,,,,,
15,2,8,2,1734,2347,1027,1592,2050,2329,,
48,2,9,1,1762,1709,1296,864,1060,1174,,
0,2,9,0,,,,,,,,
27,2,9,0,,,,,,,,
49,2,10,0,,,,,,,,
0,2,10,0,,,,,,,,
39,2,10,2,2107,2128,2357,1412,1263,1338,,
19,2,11,1,3197,5076,1980,648,693,1405,,
15,2,11,0,,,,,,,,
0,2,11,0,,,,,,,,
12,2,12,0,,,,,,,,
66,2,12,2,1369,2202,1480,1886,1820,739,,
0,2,12,0,,,,,,,,
32,2,13,1,2707,2930,2934,1959,1758,898,,
44,2,13,0,,,,,,,,
0,2,13,0,,,,,,,,
64,2,14,0,,,,,,,,
20,2,14,2,1559,1602,2112,1481,1080,1263,,
0,2,14,0,,,,,,,,
44,2,15,1,1437,1716,1208,1153,713,1614,,
20,2,15,0,,,,,,,,
0,2,15,0,,,,,,,,
41,2,16,0,,,,,,,,
33,2,16,2,2211,1981,2156,798,750,775,,
0,2,16,0,,,,,,,,
38,2,17,1,2958,2433,2412,771,1008,1144,,
51,2,17,0,,,,,,,,
0,2,17,0,,,,,,,,
52,2,18,0,,,,,,,,
63,2,18,2,3815,2468,2079,972,1104,1805,,
0,2,18,0,,,,,,,,
41,2,19,1,1851,1879,2495,1688,1266,2425,,
7,2,19,0,,,,,,,,
0,2,19,0,,,,,,,,
26,2,20,0,,,,,,,,
9,2,20,2,2359,1458,1242,1860,2302,3901,,
0,2,20,0,,,,,,,,
56,2,21,1,2657,1167,762,1136,1086,1769,,
58,2,21,0,,,,,,,,
0,2,21,0,,,,,,,,
55,2,22,0,,,,,,,,
62,2,22,2,2358,668,3067,3026,1717,701,,
0,2,22,0,,,,,,,,
6,2,23,1,2607,507,2083,2914,1376,4583,,
42,2,23,0,,,,,,,,
0,2,23,0,,,,,,,,
40,2,24,0,,,,,,,,
53,2,24,2,3613,2489,1940,1321,982,1647,,
0,2,24,0,,,,,,,,
14,2,25,1,2883,2231,3114,2032,993,1435,,
23,2,25,0,,,,,,,,
0,2,25,0,,,,,,,,
34,2,26,0,,,,,,,,
59,2,26,2,2650,1026,3307,1201,986,1124,,
0,2,26,0,,,,,,,,
17,2,27,1,3163,2675,2332,1903,1740,1587,,
56,2,27,0,,,,,,,,
0,2,27,0,,,,,,,,
29,2,28,0,,,,,,,,
65,2,28,2,2475,3158,2003,1771,1461,2107,,
0,2,28,0,,,,,,,,
64,2,29,1,2937,989,1433,1897,792,1817,,
45,2,29,0,,,,,,,,
0,2,29,0,,,,,,,,
62,2,30,0,,,,,,,,
11,2,30,2,5609,1636,1405,1884,1593,4447,,
0,2,30,0,,,,,,,,
30,2,31,1,2371,2455,2599,1233,871,2001,,
63,2,31,0,,,,,,,,
0,2,31,0,,,,,,,,
46,2,32,0,,,,,,,,
50,2,32,2,3614,3250,2356,1559,1525,800,,
0,2,32,0,,,,,,,,
42,3,1,0,,,,,,,,
0,3,1,0,,,,,,,,
25,3,1,2,11873,4548,2015,4260,2300,3153,,
51,3,2,1,4169,2631,2999,2965,3148,1907,,
0,3,2,0,,,,,,,,
57,3,2,0,,,,,,,,
67,3,3,0,,,,,,,,
0,3,3,0,,,,,,,,
18,3,3,2,7992,5862,7802,3642,2011,3116,,
23,3,4,1,3200,7532,5755,7295,6380,3273,,
0,3,4,0,,,,,,,,
28,3,4,0,,,,,,,,
60,3,5,0,,,,,,,,
0,3,5,0,,,,,,,,
7,3,5,2,5546,6072,2378,5677,2580,1895,,
30,3,6,1,2729,2889,3709,4229,2423,1735,,
0,3,6,0,,,,,,,,
54,3,6,0,,,,,,,,
26,3,7,0,,,,,,,,
0,3,7,0,,,,,,,,
61,3,7,2,3727,4451,4210,6351,3407,2614,,
44,3,8,1,5990,3363,1613,1663,4314,5376,,
0,3,8,0,,,,,,,,
15,3,8,0,,,,,,,,
48,3,9,0,,,,,,,,
0,3,9,0,,,,,,,,
12,3,9,2,4019,4794,3126,2136,2393,1900,,
47,3,10,1,2536,2189,2665,2786,2071,1421,,
0,3,10,0,,,,,,,,
39,3,10,0,,,,,,,,
19,3,11,0,,,,,,,,
40,3,11,2,3709,7460,5390,5084,1786,1326,,
0,3,11,0,,,,,,,,
59,3,12,1,2527,3483,2805,3695,2332,2187,,
66,3,12,0,,,,,,,,
0,3,12,0,,,,,,,,
32,3,13,0,,,,,,,,
66,3,13,2,5089,6136,3908,3507,4479,2567,,
0,3,13,0,,,,,,,,
50,3,14,1,2874,302,2950,1767,2286,1372,,
20,3,14,0,,,,,,,,
0,3,14,0,,,,,,,,
44,3,15,0,,,,,,,,
20,3,15,2,9273,3147,2507,2661,4380,1963,,
0,3,15,0,,,,,,,,
46,3,16,1,4760,4973,2685,1654,1590,2473,,
33,3,16,0,,,,,,,,
0,3,16,0,,,,,,,,
38,3,17,0,,,,,,,,
14,3,17,2,3392,4244,3753,2966,2449,4552,,
0,3,17,0,,,,,,,,
43,3,18,1,2094,3247,2397,2465,1349,1699,,
63,3,18,0,,,,,,,,
0,3,18,0,,,,,,,,
41,3,19,0,,,,,,,,
33,3,19,2,4252,5126,6250,2751,2692,2834,,
0,3,19,0,,,,,,,,
39,3,20,1,3679,3485,3873,5009,1989,2089,,
9,3,20,0,,,,,,,,
0,3,20,0,,,,,,,,
56,3,21,0,,,,,,,,
9,3,21,2,5714,4168,4418,4015,1738,2674,,
0,3,21,0,,,,,,,,
60,3,22,1,2428,2481,2312,1584,1812,1303,,
62,3,22,0,,,,,,,,
0,3,22,0,,,,,,,,
6,3,23,0,,,,,,,,
49,3,23,2,4183,6122,4823,2404,2698,2717,,
0,3,23,0,,,,,,,,
10,3,24,1,8789,5291,6369,5375,1407,2511,,
53,3,24,0,,,,,,,,
0,3,24,0,,,,,,,,
14,3,25,0,,,,,,,,
55,3,25,2,2998,6059,3348,5813,1848,2002,,
0,3,25,0,,,,,,,,
29,3,26,1,6674,3141,3750,2815,2073,2133,,
59,3,26,0,,,,,,,,
0,3,26,0,,,,,,,,
17,3,27,0,,,,,,,,
21,3,27,2,3137,2829,5293,2939,2683,3304,,
0,3,27,0,,,,,,,,
42,3,28,1,14366,9094,4100,2027,1836,4523,,
65,3,28,0,,,,,,,,
0,3,28,0,,,,,,,,
64,3,29,0,,,,,,,,
41,3,29,2,3147,3723,3792,2739,2334,3202,,
0,3,29,0,,,,,,,,
28,3,30,1,5888,4872,4291,3783,2077,4689,,
11,3,30,0,,,,,,,,
0,3,30,0,,,,,,,,
30,3,31,0,,,,,,,,
35,3,31,2,2704,3496,3290,4984,2312,2121,,
0,3,31,0,,,,,,,,
11,3,32,1,5365,7610,5115,4308,1471,1528,,
50,3,32,0,,,,,,,,
0,3,32,0,,,,,,,,
42,4,1,0,,,,,,,,
0,4,1,0,,,,,,,,
15,4,1,2,1932,2367,1641,1886,1172,649,,
33,4,2,1,2841,3644,3247,2046,966,870,,
0,4,2,0,,,,,,,,
57,4,2,0,,,,,,,,
67,4,3,0,,,,,,,,
0,4,3,0,,,,,,,,
38,4,3,2,1173,781,1595,1444,1288,2806,,
51,4,4,1,2954,3292,3085,2874,2404,1301,,
0,4,4,0,,,,,,,,
28,4,4,0,,,,,,,,
60,4,5,0,,,,,,,,
0,4,5,0,,,,,,,,
60,4,5,2,1466,842,1161,673,701,659,,
16,4,6,1,1390,1212,954,902,839,940,,
0,4,6,0,,,,,,,,
54,4,6,0,,,,,,,,
26,4,7,0,,,,,,,,
0,4,7,0,,,,,,,,
46,4,7,2,1506,1928,1718,822,1159,1005,,
9,4,8,1,2745,1332,1633,1081,1147,1417,,
0,4,8,0,,,,,,,,
15,4,8,0,,,,,,,,
48,4,9,0,,,,,,,,
0,4,9,0,,,,,,,,
30,4,9,2,1575,1872,1717,1587,1986,1578,,
20,4,10,1,1458,1141,2335,1046,1849,1479,,
0,4,10,0,,,,,,,,
39,4,10,0,,,,,,,,
19,4,11,0,,,,,,,,
37,4,11,2,860,694,1357,1072,2793,1201,,
0,4,11,0,,,,,,,,
12,4,12,1,3120,3519,2104,1730,2514,1954,,
66,4,12,0,,,,,,,,
0,4,12,0,,,,,,,,
32,4,13,0,,,,,,,,
31,4,13,2,2197,2001,883,816,1418,666,,
0,4,13,0,,,,,,,,
52,4,14,1,3372,1743,2075,2348,1962,1058,,
20,4,14,0,,,,,,,,
0,4,14,0,,,,,,,,
44,4,15,0,,,,,,,,
36,4,15,2,847,677,653,697,761,1325,,
0,4,15,0,,,,,,,,
8,4,16,1,2862,2583,3276,3105,1582,2059,139,
33,4,16,0,,,,,,,,
0,4,16,0,,,,,,,,
38,4,17,0,,,,,,,,
28,4,17,2,1115,1047,971,1581,3010,3178,,
0,4,17,0,,,,,,,,
34,4,18,1,2355,3271,2798,3356,2394,1019,,
63,4,18,0,,,,,,,,
0,4,18,0,,,,,,,,
41,4,19,0,,,,,,,,
50,4,19,2,1390,920,925,749,949,1676,,
0,4,19,0,,,,,,,,
10,4,20,1,3215,3500,1024,3358,2034,1328,,
9,4,20,0,,,,,,,,
0,4,20,0,,,,,,,,
56,4,21,0,,,,,,,,
27,4,21,2,1986,1072,1705,3117,1658,886,,
0,4,21,0,,,,,,,,
21,4,22,1,3847,1238,1163,2181,2562,1817,,
62,4,22,0,,,,,,,,
0,4,22,0,,,,,,,,
6,4,23,0,,,,,,,,
47,4,23,2,2371,2548,1551,1444,651,856,,
0,4,23,0,,,,,,,,
18,4,24,1,1576,904,1166,698,585,1345,,
53,4,24,0,,,,,,,,
0,4,24,0,,,,,,,,
14,4,25,0,,,,,,,,
49,4,25,2,2861,1005,982,2665,1189,1467,,
0,4,25,0,,,,,,,,
67,4,26,1,3523,2285,1214,913,823,476,,
59,4,26,0,,,,,,,,
0,4,26,0,,,,,,,,
17,4,27,0,,,,,,,,
56,4,27,2,1346,1291,1729,874,864,901,,
0,4,27,0,,,,,,,,
58,4,28,1,5054,2173,2487,1562,1042,3134,,
65,4,28,0,,,,,,,,
0,4,28,0,,,,,,,,
64,4,29,0,,,,,,,,
61,4,29,2,2977,914,1239,1039,2417,2678,,
0,4,29,0,,,,,,,,
26,4,30,1,2339,4268,2418,2252,1798,1194,,
11,4,30,0,,,,,,,,
0,4,30,0,,,,,,,,
30,4,31,0,,,,,,,,
29,4,31,2,1457,1892,1001,1878,1049,961,,
0,4,31,0,,,,,,,,
39,4,32,1,1808,965,3794,1563,1265,619,,
50,4,32,0,,,,,,,,
0,4,32,0,,,,,,,,
42,5,1,0,,,,,,,,
0,5,1,0,,,,,,,,
35,5,1,2,4256,2523,872,2146,1053,530,161,
30,5,2,1,2405,2129,1878,1546,1082,789,,
0,5,2,0,,,,,,,,
57,5,2,0,,,,,,,,
67,5,3,0,,,,,,,,
0,5,3,0,,,,,,,,
55,5,3,2,1477,1845,1321,1806,781,1836,,
17,5,4,1,3748,2946,2363,1125,943,835,,
0,5,4,0,,,,,,,,
28,5,4,0,,,,,,,,
60,5,5,0,,,,,,,,
0,5,5,0,,,,,,,,
42,5,5,2,1394,2002,1281,748,938,681,,
66,5,6,1,2375,1105,1565,1342,1547,1235,,
0,5,6,0,,,,,,,,
54,5,6,0,,,,,,,,
26,5,7,0,,,,,,,,
0,5,7,0,,,,,,,,
9,5,7,2,2339,2387,2647,1659,1915,2254,,
23,5,8,1,2264,2660,1749,2760,1691,2096,,
0,5,8,0,,,,,,,,
15,5,8,0,,,,,,,,
48,5,9,0,,,,,,,,
0,5,9,0,,,,,,,,
38,5,9,2,1252,1292,1224,1569,1155,1282,,
5,5,10,1,2643,2012,1435,1357,1717,1042,,
0,5,10,0,,,,,,,,
39,5,10,0,,,,,,,,
19,5,11,0,,,,,,,,
46,5,11,2,2199,2019,864,1450,931,997,,
0,5,11,0,,,,,,,,
37,5,12,1,2278,2211,991,1493,685,678,,
66,5,12,0,,,,,,,,
0,5,12,0,,,,,,,,
32,5,13,0,,,,,,,,
28,5,13,2,2545,2154,1691,1642,1214,961,,
0,5,13,0,,,,,,,,
32,5,14,1,6123,1521,1184,630,1081,194,,
20,5,14,0,,,,,,,,
0,5,14,0,,,,,,,,
44,5,15,0,,,,,,,,
64,5,15,2,1426,1672,1326,901,1206,1523,,
0,5,15,0,,,,,,,,
58,5,16,1,1432,1641,1323,603,990,687,,
33,5,16,0,,,,,,,,
0,5,16,0,,,,,,,,
38,5,17,0,,,,,,,,
52,5,17,2,2779,2501,2301,1587,952,1556,,
0,5,17,0,,,,,,,,
33,5,18,1,2805,2221,1139,1186,742,784,,
63,5,18,0,,,,,,,,
0,5,18,0,,,,,,,,
41,5,19,0,,,,,,,,
20,5,19,2,2606,2219,2786,1006,743,1227,,
0,5,19,0,,,,,,,,
11,5,20,1,2354,3066,1611,1787,943,1242,,
9,5,20,0,,,,,,,,
0,5,20,0,,,,,,,,
56,5,21,0,,,,,,,,
21,5,21,2,3146,1759,707,1388,1104,1176,,
0,5,21,0,,,,,,,,
60,5,22,1,1531,1897,2240,1657,2034,1571,,
62,5,22,0,,,,,,,,
0,5,22,0,,,,,,,,
6,5,23,0,,,,,,,,
40,5,23,2,1417,1808,1173,1023,962,1066,,
0,5,23,0,,,,,,,,
19,5,24,1,3936,2902,956,707,616,1049,,
53,5,24,0,,,,,,,,
0,5,24,0,,,,,,,,
14,5,25,0,,,,,,,,
49,5,25,2,1390,1564,984,1166,764,1353,,
0,5,25,0,,,,,,,,
48,5,26,1,1374,898,1155,813,598,972,,
59,5,26,0,,,,,,,,
0,5,26,0,,,,,,,,
17,5,27,0,,,,,,,,
27,5,27,2,1558,1351,1738,921,930,1455,,
0,5,27,0,,,,,,,,
59,5,28,1,1869,772,1707,884,1251,1853,,
65,5,28,0,,,,,,,,
0,5,28,0,,,,,,,,
64,5,29,0,,,,,,,,
53,5,29,2,2654,1505,1235,1919,1489,766,,
0,5,29,0,,,,,,,,
51,5,30,1,2021,1684,2601,1328,1121,967,,
11,5,30,0,,,,,,,,
0,5,30,0,,,,,,,,
30,5,31,0,,,,,,,,
56,5,31,2,2184,1985,2237,2088,1149,1006,,
0,5,31,0,,,,,,,,
14,5,32,1,1221,3668,1910,1409,1193,664,,
50,5,32,0,,,,,,,,
0,5,32,0,,,,,,,,
42,6,1,0,,,,,,,,
0,6,1,0,,,,,,,,
39,6,1,2,3862,2449,1446,1352,2096,1099,,
11,6,2,1,3907,5579,3080,4155,1490,2410,,
0,6,2,0,,,,,,,,
57,6,2,0,,,,,,,,
67,6,3,0,,,,,,,,
0,6,3,0,,,,,,,,
30,6,3,2,1625,3742,3753,2697,1782,2012,,
5,6,4,1,2035,3783,2496,1948,2315,2072,,
0,6,4,0,,,,,,,,
28,6,4,0,,,,,,,,
60,6,5,0,,,,,,,,
0,6,5,0,,,,,,,,
9,6,5,2,7564,4556,2134,1733,2254,1949,,
61,6,6,1,2099,1770,2102,1409,2066,4370,,
0,6,6,0,,,,,,,,
54,6,6,0,,,,,,,,
26,6,7,0,,,,,,,,
0,6,7,0,,,,,,,,
13,6,7,2,2990,1702,1946,1797,1695,838,,
7,6,8,1,2967,3199,1844,1744,1830,2353,,
0,6,8,0,,,,,,,,
15,6,8,0,,,,,,,,
48,6,9,0,,,,,,,,
0,6,9,0,,,,,,,,
40,6,9,2,2781,2678,2173,1820,1493,1889,,
38,6,10,1,5582,2276,1484,1536,1341,1464,,
0,6,10,0,,,,,,,,
39,6,10,0,,,,,,,,
19,6,11,0,,,,,,,,
25,6,11,2,1992,4098,1879,2072,1641,2837,,
0,6,11,0,,,,,,,,
62,6,12,1,3900,4434,1075,1749,816,1020,,
66,6,12,0,,,,,,,,
0,6,12,0,,,,,,,,
32,6,13,0,,,,,,,,
28,6,13,2,1377,1578,4354,1984,1602,2522,213,
0,6,13,0,,,,,,,,
15,6,14,1,3440,2889,1852,1603,1550,1632,,
20,6,14,0,,,,,,,,
0,6,14,0,,,,,,,,
44,6,15,0,,,,,,,,
16,6,15,2,1302,2480,1591,2264,2057,2196,,
0,6,15,0,,,,,,,,
60,6,16,1,4442,2739,2680,1413,1548,1181,,
33,6,16,0,,,,,,,,
0,6,16,0,,,,,,,,
38,6,17,0,,,,,,,,
63,6,17,2,6861,2384,2482,2616,1894,2106,,
0,6,17,0,,,,,,,,
54,6,18,1,2746,3957,3556,3967,2114,1837,,
63,6,18,0,,,,,,,,
0,6,18,0,,,,,,,,
41,6,19,0,,,,,,,,
27,6,19,2,1128,4150,7562,2991,5485,5535,,
0,6,19,0,,,,,,,,
37,6,20,1,1144,4068,2249,2328,446,2894,,
9,6,20,0,,,,,,,,
0,6,20,0,,,,,,,,
56,6,21,0,,,,,,,,
36,6,21,2,1397,2864,1842,1415,1312,4359,,
0,6,21,0,,,,,,,,
29,6,22,1,3830,2211,1280,1173,1246,1427,,
62,6,22,0,,,,,,,,
0,6,22,0,,,,,,,,
6,6,23,0,,,,,,,,
49,6,23,2,2872,1902,2630,880,1748,1587,,
0,6,23,0,,,,,,,,
26,6,24,1,689,4707,2913,1561,1396,2849,197,
53,6,24,0,,,,,,,,
0,6,24,0,,,,,,,,
14,6,25,0,,,,,,,,
51,6,25,2,3109,2349,3243,2861,1779,1473,,
0,6,25,0,,,,,,,,
35,6,26,1,794,2061,2592,639,1603,1989,,
59,6,26,0,,,,,,,,
0,6,26,0,,,,,,,,
17,6,27,0,,,,,,,,
57,6,27,2,3365,2700,3746,2108,2224,2348,,
0,6,27,0,,,,,,,,
64,6,28,1,7054,1911,2438,1722,1805,3043,,
65,6,28,0,,,,,,,,
0,6,28,0,,,,,,,,
64,6,29,0,,,,,,,,
58,6,29,2,4052,2130,1969,1659,1694,2091,,
0,6,29,0,,,,,,,,
23,6,30,1,3767,5736,5511,2796,1868,2297,,
11,6,30,0,,,,,,,,
0,6,30,0,,,,,,,,
30,6,31,0,,,,,,,,
19,6,31,2,1406,4005,4317,3383,2046,2010,,
0,6,31,0,,,,,,,,
33,6,32,1,1575,2771,1635,1852,1720,1236,,
50,6,32,0,,,,,,,,
0,6,32,0,,,,,,,,
42,7,1,0,,,,,,,,
0,7,1,0,,,,,,,,
31,7,1,2,3398,2214,3025,1716,702,600,,
20,7,2,1,3043,2812,1950,1253,944,633,,
0,7,2,0,,,,,,,,
57,7,2,0,,,,,,,,
67,7,3,0,,,,,,,,
0,7,3,0,,,,,,,,
7,7,3,2,4378,1657,2699,2341,1493,1416,,
8,7,4,1,3070,8092,5088,1034,866,1042,,
0,7,4,0,,,,,,,,
28,7,4,0,,,,,,,,
60,7,5,0,,,,,,,,
0,7,5,0,,,,,,,,
32,7,5,2,1728,627,1504,997,703,918,,
22,7,6,1,1548,1204,1513,1392,1092,951,,
0,7,6,0,,,,,,,,
54,7,6,0,,,,,,,,
26,7,7,0,,,,,,,,
0,7,7,0,,,,,,,,
58,7,7,2,5168,4310,1274,1197,233,1848,,
62,7,8,1,1318,675,1452,542,929,1346,,
0,7,8,0,,,,,,,,
15,7,8,0,,,,,,,,
48,7,9,0,,,,,,,,
0,7,9,0,,,,,,,,
33,7,9,2,2610,2850,2071,1823,2408,1134,,
6,7,10,1,3885,2343,1525,2278,3602,1615,,
0,7,10,0,,,,,,,,
39,7,10,0,,,,,,,,
19,7,11,0,,,,,,,,
44,7,11,2,3536,1910,1644,500,870,777,,
0,7,11,0,,,,,,,,
10,7,12,1,2098,2626,1910,1224,1600,544,,
66,7,12,0,,,,,,,,
0,7,12,0,,,,,,,,
32,7,13,0,,,,,,,,
35,7,13,2,1550,1476,3661,1518,1641,652,,
0,7,13,0,,,,,,,,
23,7,14,1,1289,860,837,185,1212,490,136,
20,7,14,0,,,,,,,,
0,7,14,0,,,,,,,,
44,7,15,0,,,,,,,,
29,7,15,2,1654,1957,2541,983,846,945,,
0,7,15,0,,,,,,,,
38,7,16,1,1732,1695,1272,1023,687,548,,
33,7,16,0,,,,,,,,
0,7,16,0,,,,,,,,
38,7,17,0,,,,,,,,
48,7,17,2,2024,1587,2112,1284,911,1662,,
0,7,17,0,,,,,,,,
49,7,18,1,3829,4676,1798,2166,1067,1310,,
63,7,18,0,,,,,,,,
0,7,18,0,,,,,,,,
41,7,19,0,,,,,,,,
5,7,19,2,2715,1481,3191,2891,1741,1359,,
0,7,19,0,,,,,,,,
41,7,20,1,1893,2564,2666,1807,821,938,,
9,7,20,0,,,,,,,,
0,7,20,0,,,,,,,,
56,7,21,0,,,,,,,,
51,7,21,2,895,1058,1895,1166,743,3370,,
0,7,21,0,,,,,,,,
60,7,22,1,3105,3689,3830,2245,2109,2162,,
62,7,22,0,,,,,,,,
0,7,22,0,,,,,,,,
6,7,23,0,,,,,,,,
30,7,23,2,1631,1324,2141,1410,1208,1064,,
0,7,23,0,,,,,,,,
42,7,24,1,2240,1231,1018,1241,468,1571,,
53,7,24,0,,,,,,,,
0,7,24,0,,,,,,,,
14,7,25,0,,,,,,,,
57,7,25,2,1625,1843,1207,2092,1350,964,,
0,7,25,0,,,,,,,,
27,7,26,1,2580,1416,1478,1518,936,866,,
59,7,26,0,,,,,,,,
0,7,26,0,,,,,,,,
17,7,27,0,,,,,,,,
50,7,27,2,1263,539,2154,2353,342,2426,,
0,7,27,0,,,,,,,,
25,7,28,1,3426,1202,1824,2720,1365,2141,,
65,7,28,0,,,,,,,,
0,7,28,0,,,,,,,,
64,7,29,0,,,,,,,,
55,7,29,2,2598,577,2966,1040,344,2182,,
0,7,29,0,,,,,,,,
36,7,30,1,3152,1521,1285,1720,1105,1497,,
11,7,30,0,,,,,,,,
0,7,30,0,,,,,,,,
30,7,31,0,,,,,,,,
40,7,31,2,4760,7636,1975,1674,876,1216,,
0,7,31,0,,,,,,,,
43,7,32,1,1541,2003,1227,539,924,503,,
50,7,32,0,,,,,,,,
0,7,32,0,,,,,,,,
42,8,1,0,,,,,,,,
0,8,1,0,,,,,,,,
36,8,1,2,3488,1692,2937,1731,1161,1062,,
43,8,2,1,2138,1349,2083,1270,583,1515,163,
0,8,2,0,,,,,,,,
57,8,2,0,,,,,,,,
67,8,3,0,,,,,,,,
0,8,3,0,,,,,,,,
68,8,3,2,1828,2133,2101,1475,660,1402,,
7,8,4,1,1751,2237,1880,770,673,1100,,
0,8,4,0,,,,,,,,
28,8,4,0,,,,,,,,
60,8,5,0,,,,,,,,
0,8,5,0,,,,,,,,
58,8,5,2,4028,2680,2356,872,480,868,,
45,8,6,1,4536,3339,3554,1151,1112,809,,
0,8,6,0,,,,,,,,
54,8,6,0,,,,,,,,
26,8,7,0,,,,,,,,
0,8,7,0,,,,,,,,
34,8,7,2,2348,1301,1779,756,1109,406,,
29,8,8,1,2027,1379,1675,977,2265,1118,,
0,8,8,0,,,,,,,,
15,8,8,0,,,,,,,,
48,8,9,0,,,,,,,,
0,8,9,0,,,,,,,,
11,8,9,2,1758,1410,1835,782,722,1080,,
64,8,10,1,1221,639,1546,741,850,688,,
0,8,10,0,,,,,,,,
39,8,10,0,,,,,,,,
19,8,11,0,,,,,,,,
21,8,11,2,1840,1425,1127,730,388,867,,
0,8,11,0,,,,,,,,
32,8,12,1,1324,1569,865,1239,671,1362,,
66,8,12,0,,,,,,,,
0,8,12,0,,,,,,,,
32,8,13,0,,,,,,,,
23,8,13,2,2383,1550,2063,1251,1122,359,,
0,8,13,0,,,,,,,,
63,8,14,1,1439,1024,1630,568,1036,1195,,
20,8,14,0,,,,,,,,
0,8,14,0,,,,,,,,
44,8,15,0,,,,,,,,
52,8,15,2,1620,1162,1738,258,972,1590,,
0,8,15,0,,,,,,,,
16,8,16,1,2017,1672,955,609,438,627,,
33,8,16,0,,,,,,,,
0,8,16,0,,,,,,,,
38,8,17,0,,,,,,,,
56,8,17,2,1874,1783,950,947,1006,701,,
0,8,17,0,,,,,,,,
62,8,18,1,1365,2066,2385,1506,997,743,,
63,8,18,0,,,,,,,,
0,8,18,0,,,,,,,,
41,8,19,0,,,,,,,,
20,8,19,2,2084,1292,1285,863,1097,1881,,
0,8,19,0,,,,,,,,
55,8,20,1,3263,2482,1928,974,993,1255,,
9,8,20,0,,,,,,,,
0,8,20,0,,,,,,,,
56,8,21,0,,,,,,,,
67,8,21,2,2325,1102,1130,945,1032,568,,
0,8,21,0,,,,,,,,
47,8,22,1,1413,1943,1506,1672,824,708,,
62,8,22,0,,,,,,,,
0,8,22,0,,,,,,,,
6,8,23,0,,,,,,,,
57,8,23,2,1653,1386,888,1003,570,939,,
0,8,23,0,,,,,,,,
18,8,24,1,1721,1259,1154,516,538,1122,,
53,8,24,0,,,,,,,,
0,8,24,0,,,,,,,,
14,8,25,0,,,,,,,,
60,8,25,2,2892,1891,1987,1484,1114,861,,
0,8,25,0,,,,,,,,
51,8,26,1,1562,1754,1321,1132,811,286,,
59,8,26,0,,,,,,,,
0,8,26,0,,,,,,,,
17,8,27,0,,,,,,,,
15,8,27,2,4703,3898,3980,834,1031,1222,,
0,8,27,0,,,,,,,,
33,8,28,1,4418,2271,2014,1610,1621,1544,,
65,8,28,0,,,,,,,,
0,8,28,0,,,,,,,,
64,8,29,0,,,,,,,,
13,8,29,2,2950,1790,1244,1004,708,738,,
0,8,29,0,,,,,,,,
19,8,30,1,2565,2224,2192,1236,1128,1115,,
11,8,30,0,,,,,,,,
0,8,30,0,,,,,,,,
30,8,31,0,,,,,,,,
38,8,31,2,5080,1674,1626,947,638,952,,
0,8,31,0,,,,,,,,
61,8,32,1,2019,1380,1651,899,584,452,,
50,8,32,0,,,,,,,,
0,8,32,0,,,,,,,,
42,9,1,0,,,,,,,,
0,9,1,0,,,,,,,,
48,9,1,2,1864,3515,1535,7719,1498,1295,,
19,9,2,1,2761,2647,3850,3305,1850,1058,,
0,9,2,0,,,,,,,,
57,9,2,0,,,,,,,,
67,9,3,0,,,,,,,,
0,9,3,0,,,,,,,,
12,9,3,2,1790,2085,1855,3248,766,1676,,
30,9,4,1,2262,2550,2595,1927,1765,901,,
0,9,4,0,,,,,,,,
28,9,4,0,,,,,,,,
60,9,5,0,,,,,,,,
0,9,5,0,,,,,,,,
17,9,5,2,1947,2386,2723,1624,1632,1345,,
55,9,6,1,1762,1907,2321,2046,1714,1003,,
0,9,6,0,,,,,,,,
54,9,6,0,,,,,,,,
26,9,7,0,,,,,,,,
0,9,7,0,,,,,,,,
64,9,7,2,5419,1665,2388,2336,3642,1320,,
58,9,8,1,1757,1241,3019,2236,1671,1834,,
0,9,8,0,,,,,,,,
15,9,8,0,,,,,,,,
48,9,9,0,,,,,,,,
0,9,9,0,,,,,,,,
44,9,9,2,2891,3855,1693,988,1664,1508,,
6,9,10,1,1447,1566,1083,2099,1093,922,,
0,9,10,0,,,,,,,,
39,9,10,0,,,,,,,,
19,9,11,0,,,,,,,,
23,9,11,2,2565,4214,5443,2966,588,1260,,
0,9,11,0,,,,,,,,
50,9,12,1,1748,2988,2491,4460,2312,1460,,
66,9,12,0,,,,,,,,
0,9,12,0,,,,,,,,
32,9,13,0,,,,,,,,
32,9,13,2,3381,2506,2930,2502,1738,1383,,
0,9,13,0,,,,,,,,
21,9,14,1,3279,2258,2769,2027,1365,926,,
20,9,14,0,,,,,,,,
0,9,14,0,,,,,,,,
44,9,15,0,,,,,,,,
10,9,15,2,1614,2380,2055,1629,1532,1703,,
0,9,15,0,,,,,,,,
43,9,16,1,2371,1797,3079,2351,,775,,
33,9,16,0,,,,,,,,
0,9,16,0,,,,,,,,
38,9,17,0,,,,,,,,
22,9,17,2,2538,1640,3257,2888,884,1372,,
0,9,17,0,,,,,,,,
41,9,18,1,3514,3787,2464,2642,1694,1488,,
63,9,18,0,,,,,,,,
0,9,18,0,,,,,,,,
41,9,19,0,,,,,,,,
42,9,19,2,2722,2322,3292,1949,1899,1439,,
0,9,19,0,,,,,,,,
40,9,20,1,3621,2333,4019,3681,1593,1364,,
9,9,20,0,,,,,,,,
0,9,20,0,,,,,,,,
56,9,21,0,,,,,,,,
60,9,21,2,2435,2509,1578,2076,1735,1337,,
0,9,21,0,,,,,,,,
33,9,22,1,1895,1424,1340,2320,1921,1406,,
62,9,22,0,,,,,,,,
0,9,22,0,,,,,,,,
6,9,23,0,,,,,,,,
16,9,23,2,1119,2075,1876,2642,975,951,,
0,9,23,0,,,,,,,,
53,9,24,1,2272,1808,956,2938,404,2274,,
53,9,24,0,,,,,,,,
0,9,24,0,,,,,,,,
14,9,25,0,,,,,,,,
62,9,25,2,2757,2186,1397,1975,1398,1292,,
0,9,25,0,,,,,,,,
37,9,26,1,2567,1831,2301,1686,1443,782,,
59,9,26,0,,,,,,,,
0,9,26,0,,,,,,,,
17,9,27,0,,,,,,,,
9,9,27,2,2557,3012,2559,1701,1884,1921,,
0,9,27,0,,,,,,,,
29,9,28,1,3534,1757,2091,2238,2410,3406,,
65,9,28,0,,,,,,,,
0,9,28,0,,,,,,,,
64,9,29,0,,,,,,,,
5,9,29,2,2411,2605,2554,2474,2099,1623,,
0,9,29,0,,,,,,,,
63,9,30,1,5908,1714,2101,2298,1614,1228,,
11,9,30,0,,,,,,,,
0,9,30,0,,,,,,,,
30,9,31,0,,,,,,,,
25,9,31,2,2988,1972,1741,4934,1724,1264,,
0,9,31,0,,,,,,,,
67,9,32,1,2138,2535,2371,1373,1456,741,,
50,9,32,0,,,,,,,,
0,9,32,0,,,,,,,,
42,10,1,0,,,,,,,,
0,10,1,0,,,,,,,,
54,10,1,2,3336,2360,1633,3659,1416,1509,,
64,10,2,1,3546,3320,3766,1933,1486,1257,,
0,10,2,0,,,,,,,,
57,10,2,0,,,,,,,,
67,10,3,0,,,,,,,,
0,10,3,0,,,,,,,,
29,10,3,2,3886,2436,2017,2851,1243,2103,,
27,10,4,1,2827,2810,2750,1713,1820,1606,,
0,10,4,0,,,,,,,,
28,10,4,0,,,,,,,,
60,10,5,0,,,,,,,,
0,10,5,0,,,,,,,,
58,10,5,2,2037,1489,7046,1661,1224,1198,,
16,10,6,1,1818,2365,2116,2197,1885,1914,,
0,10,6,0,,,,,,,,
54,10,6,0,,,,,,,,
26,10,7,0,,,,,,,,
0,10,7,0,,,,,,,,
66,10,7,2,3040,4351,2817,2130,2076,2147,,
41,10,8,1,2042,1999,1937,1893,2401,3593,,
0,10,8,0,,,,,,,,
15,10,8,0,,,,,,,,
48,10,9,0,,,,,,,,
0,10,9,0,,,,,,,,
38,10,9,2,1950,2729,1644,1718,1896,2017,,
51,10,10,1,2451,1924,2888,1348,2831,1300,,
0,10,10,0,,,,,,,,
39,10,10,0,,,,,,,,
19,10,11,0,,,,,,,,
50,10,11,2,2855,2941,2237,1359,1682,1967,,
0,10,11,0,,,,,,,,
45,10,12,1,2478,2685,2845,2309,1232,1496,,
66,10,12,0,,,,,,,,
0,10,12,0,,,,,,,,
32,10,13,0,,,,,,,,
31,10,13,2,3238,2179,2944,1789,1618,1458,,
0,10,13,0,,,,,,,,
44,10,14,1,1885,2019,2176,1514,1545,1312,139,
20,10,14,0,,,,,,,,
0,10,14,0,,,,,,,,
44,10,15,0,,,,,,,,
56,10,15,2,1416,1254,3712,1751,1681,1509,198,
0,10,15,0,,,,,,,,
32,10,16,1,2669,2140,3415,2456,1129,1439,,
33,10,16,0,,,,,,,,
0,10,16,0,,,,,,,,
38,10,17,0,,,,,,,,
40,10,17,2,3441,5313,2442,2115,1840,1394,,
0,10,17,0,,,,,,,,
48,10,18,1,2212,3115,1813,2243,1255,2365,,
63,10,18,0,,,,,,,,
0,10,18,0,,,,,,,,
41,10,19,0,,,,,,,,
53,10,19,2,2636,2888,3895,2407,2108,2617,,
0,10,19,0,,,,,,,,
6,10,20,1,3461,2180,2131,2436,1226,2174,,
9,10,20,0,,,,,,,,
0,10,20,0,,,,,,,,
56,10,21,0,,,,,,,,
43,10,21,2,2939,2732,2165,4510,1403,2234,,
0,10,21,0,,,,,,,,
37,10,22,1,2649,2047,1982,2998,3988,1797,,
62,10,22,0,,,,,,,,
0,10,22,0,,,,,,,,
6,10,23,0,,,,,,,,
60,10,23,2,1747,1805,2673,1496,1456,1711,,
0,10,23,0,,,,,,,,
5,10,24,1,3258,2648,2289,1701,1511,2384,,
53,10,24,0,,,,,,,,
0,10,24,0,,,,,,,,
14,10,25,0,,,,,,,,
61,10,25,2,4011,4232,3330,7576,2358,2007,,
0,10,25,0,,,,,,,,
49,10,26,1,3710,1788,2585,1837,1714,2602,,
59,10,26,0,,,,,,,,
0,10,26,0,,,,,,,,
17,10,27,0,,,,,,,,
62,10,27,2,2844,2795,2742,2371,1732,2693,,
0,10,27,0,,,,,,,,
19,10,28,1,3586,2468,3827,2862,1753,4378,,
65,10,28,0,,,,,,,,
0,10,28,0,,,,,,,,
64,10,29,0,,,,,,,,
57,10,29,2,3311,2466,3364,2219,1905,2387,,
0,10,29,0,,,,,,,,
22,10,30,1,3367,2190,2995,2313,2008,1984,,
11,10,30,0,,,,,,,,
0,10,30,0,,,,,,,,
30,10,31,0,,,,,,,,
18,10,31,2,3282,2113,2563,2548,1813,1488,,
0,10,31,0,,,,,,,,
46,10,32,1,1930,3311,1853,1448,2095,1057,,
50,10,32,0,,,,,,,,
0,10,32,0,,,,,,,,
42,11,1,0,,,,,,,,
0,11,1,0,,,,,,,,
22,11,1,2,3026,3865,2094,2170,1823,1513,,
12,11,2,1,3823,2993,3889,3206,1877,140,,
0,11,2,0,,,,,,,,
57,11,2,0,,,,,,,,
67,11,3,0,,,,,,,,
0,11,3,0,,,,,,,,
26,11,3,2,5089,3433,4011,3853,2082,2437,,
14,11,4,1,3952,4050,3640,2976,3354,1380,,
0,11,4,0,,,,,,,,
28,11,4,0,,,,,,,,
60,11,5,0,,,,,,,,
0,11,5,0,,,,,,,,
43,11,5,2,4176,2100,2601,2632,2007,1648,,
35,11,6,1,2224,3640,3205,1859,1607,1559,,
0,11,6,0,,,,,,,,
54,11,6,0,,,,,,,,
26,11,7,0,,,,,,,,
0,11,7,0,,,,,,,,
31,11,7,2,4740,4375,4450,2287,2081,1890,,
7,11,8,1,3442,2327,2482,3524,2472,2616,,
0,11,8,0,,,,,,,,
15,11,8,0,,,,,,,,
48,11,9,0,,,,,,,,
0,11,9,0,,,,,,,,
53,11,9,2,2324,2959,2272,2817,1725,1301,,
58,11,10,1,2573,2296,2049,2378,1477,820,,
0,11,10,0,,,,,,,,
39,11,10,0,,,,,,,,
19,11,11,0,,,,,,,,
61,11,11,2,2233,3778,2257,704,1210,862,,
0,11,11,0,,,,,,,,
48,11,12,1,3491,5538,4080,3604,2405,966,,
66,11,12,0,,,,,,,,
0,11,12,0,,,,,,,,
32,11,13,0,,,,,,,,
67,11,13,2,2351,4511,1690,1848,1470,665,,
0,11,13,0,,,,,,,,
57,11,14,1,5174,1250,3470,2084,2091,871,,
20,11,14,0,,,,,,,,
0,11,14,0,,,,,,,,
44,11,15,0,,,,,,,,
5,11,15,2,2984,3468,2296,3145,2355,1429,,
0,11,15,0,,,,,,,,
28,11,16,1,4216,3384,2873,2205,2176,1991,,
33,11,16,0,,,,,,,,
0,11,16,0,,,,,,,,
38,11,17,0,,,,,,,,
45,11,17,2,4314,3297,3920,2888,2499,2397,,
0,11,17,0,,,,,,,,
63,11,18,1,3177,2112,2614,499,831,1164,,
63,11,18,0,,,,,,,,
0,11,18,0,,,,,,,,
41,11,19,0,,,,,,,,
9,11,19,2,6343,4725,3212,3070,1307,1256,,
0,11,19,0,,,,,,,,
19,11,20,1,4616,3694,2638,2363,2556,1657,,
9,11,20,0,,,,,,,,
0,11,20,0,,,,,,,,
56,11,21,0,,,,,,,,
65,11,21,2,1587,2877,2279,1597,1746,1760,,
0,11,21,0,,,,,,,,
56,11,22,1,1928,2568,1324,1235,1280,898,,
62,11,22,0,,,,,,,,
0,11,22,0,,,,,,,,
6,11,23,0,,,,,,,,
66,11,23,2,2367,2930,3169,2805,2058,993,,
0,11,23,0,,,,,,,,
10,11,24,1,3747,2223,2409,2164,2590,2990,,
53,11,24,0,,,,,,,,
0,11,24,0,,,,,,,,
14,11,25,0,,,,,,,,
17,11,25,2,5906,3164,2804,2961,2004,1594,,
0,11,25,0,,,,,,,,
62,11,26,1,2344,3454,1714,1719,892,727,,
59,11,26,0,,,,,,,,
0,11,26,0,,,,,,,,
17,11,27,0,,,,,,,,
51,11,27,2,2411,2037,2311,2874,3001,2199,,
0,11,27,0,,,,,,,,
38,11,28,1,2995,2628,2365,3046,3101,3095,,
65,11,28,0,,,,,,,,
0,11,28,0,,,,,,,,
64,11,29,0,,,,,,,,
52,11,29,2,1898,1975,3449,2884,1800,1629,,
0,11,29,0,,,,,,,,
11,11,30,1,4092,1987,3565,2336,2475,1200,,
11,11,30,0,,,,,,,,
0,11,30,0,,,,,,,,
30,11,31,0,,,,,,,,
37,11,31,2,3438,4583,5063,4735,2029,1237,,
0,11,31,0,,,,,,,,
16,11,32,1,3079,4316,3372,1896,1972,592,,
50,11,32,0,,,,,,,,
0,11,32,0,,,,,,,,
42,12,1,0,,,,,,,,
0,12,1,0,,,,,,,,
33,12,1,2,311,3781,3973,1639,1300,974,,
26,12,2,1,3370,3164,2163,1784,1335,1238,,
0,12,2,0,,,,,,,,
57,12,2,0,,,,,,,,
67,12,3,0,,,,,,,,
0,12,3,0,,,,,,,,
6,12,3,2,3402,1968,2911,1516,317,3492,,
14,12,4,1,2492,4437,3098,1495,1385,2395,,
0,12,4,0,,,,,,,,
28,12,4,0,,,,,,,,
60,12,5,0,,,,,,,,
0,12,5,0,,,,,,,,
54,12,5,2,329,2651,3656,2807,1209,1458,,
36,12,6,1,126,2650,1989,1823,1352,1330,,
0,12,6,0,,,,,,,,
54,12,6,0,,,,,,,,
26,12,7,0,,,,,,,,
0,12,7,0,,,,,,,,
24,12,7,2,1432,575,4770,2979,2076,2511,,
38,12,8,1,402,4358,2293,2021,1528,2025,,
0,12,8,0,,,,,,,,
15,12,8,0,,,,,,,,
48,12,9,0,,,,,,,,
0,12,9,0,,,,,,,,
68,12,9,2,337,1456,3858,1350,1497,1556,,
8,12,10,1,3437,4669,2196,3169,600,4287,,
0,12,10,0,,,,,,,,
39,12,10,0,,,,,,,,
19,12,11,0,,,,,,,,
12,12,11,2,4956,2702,3957,1101,389,2965,,
0,12,11,0,,,,,,,,
66,12,12,1,1660,2761,2460,2701,1239,1471,,
66,12,12,0,,,,,,,,
0,12,12,0,,,,,,,,
32,12,13,0,,,,,,,,
60,12,13,2,581,2939,3222,1522,2139,1193,,
0,12,13,0,,,,,,,,
62,12,14,1,1263,1828,2023,2329,1056,1195,,
20,12,14,0,,,,,,,,
0,12,14,0,,,,,,,,
44,12,15,0,,,,,,,,
31,12,15,2,1580,1065,1285,1476,1886,1254,,
0,12,15,0,,,,,,,,
20,12,16,1,2988,5832,2431,2071,1277,1496,116,
33,12,16,0,,,,,,,,
0,12,16,0,,,,,,,,
38,12,17,0,,,,,,,,
61,12,17,2,435,1824,5539,1978,2234,1066,,
0,12,17,0,,,,,,,,
44,12,18,1,1470,2135,1978,2850,2584,1368,,
63,12,18,0,,,,,,,,
0,12,18,0,,,,,,,,
41,12,19,0,,,,,,,,
67,12,19,2,1572,2603,4935,1170,2636,1952,,
0,12,19,0,,,,,,,,
49,12,20,1,1078,2341,2510,2508,1787,1266,,
9,12,20,0,,,,,,,,
0,12,20,0,,,,,,,,
56,12,21,0,,,,,,,,
30,12,21,2,2269,2168,1027,1602,1184,1158,,
0,12,21,0,,,,,,,,
13,12,22,1,4226,2350,1711,991,954,2010,,
62,12,22,0,,,,,,,,
0,12,22,0,,,,,,,,
6,12,23,0,,,,,,,,
65,12,23,2,1432,1592,2339,1000,999,1295,,
0,12,23,0,,,,,,,,
48,12,24,1,2193,2982,1901,2509,1148,2135,,
53,12,24,0,,,,,,,,
0,12,24,0,,,,,,,,
14,12,25,0,,,,,,,,
19,12,25,2,3079,3342,2538,2155,1558,1304,,
0,12,25,0,,,,,,,,
56,12,26,1,1231,2010,5085,2685,1942,1267,,
59,12,26,0,,,,,,,,
0,12,26,0,,,,,,,,
17,12,27,0,,,,,,,,
69,12,27,2,1027,952,3574,1650,1304,1460,,
0,12,27,0,,,,,,,,
47,12,28,1,2341,2240,2661,1964,2592,2952,,
65,12,28,0,,,,,,,,
0,12,28,0,,,,,,,,
64,12,29,0,,,,,,,,
21,12,29,2,3047,3554,1843,2192,1658,1255,,
0,12,29,0,,,,,,,,
71,12,30,1,1582,575,2857,2070,1150,937,,
11,12,30,0,,,,,,,,
0,12,30,0,,,,,,,,
30,12,31,0,,,,,,,,
53,12,31,2,578,1919,2689,3296,944,1417,,
0,12,31,0,,,,,,,,
57,12,32,1,454,2688,2050,2792,1360,1421,,
50,12,32,0,,,,,,,,
0,12,32,0,,,,,,,,
42,13,1,0,,,,,,,,
0,13,1,0,,,,,,,,
38,13,1,2,3514,3753,2650,3278,1549,2038,,
35,13,2,1,2480,2356,2040,2495,2270,1822,,
0,13,2,0,,,,,,,,
57,13,2,0,,,,,,,,
67,13,3,0,,,,,,,,
0,13,3,0,,,,,,,,
39,13,3,2,3399,1857,2222,2131,2839,3154,,
60,13,4,1,2081,2984,1970,2921,2242,1742,,
0,13,4,0,,,,,,,,
28,13,4,0,,,,,,,,
60,13,5,0,,,,,,,,
0,13,5,0,,,,,,,,
17,13,5,2,2178,2809,3558,1949,1428,1696,,
64,13,6,1,2828,1832,1751,2078,1898,1761,,
0,13,6,0,,,,,,,,
54,13,6,0,,,,,,,,
26,13,7,0,,,,,,,,
0,13,7,0,,,,,,,,
59,13,7,2,2404,2639,2760,3807,2206,2233,,
26,13,8,1,805,2389,2234,1605,1561,3599,,
0,13,8,0,,,,,,,,
15,13,8,0,,,,,,,,
48,13,9,0,,,,,,,,
0,13,9,0,,,,,,,,
8,13,9,2,2349,2797,3130,2475,2520,3194,,
55,13,10,1,1444,2567,2343,2341,2505,2042,,
0,13,10,0,,,,,,,,
39,13,10,0,,,,,,,,
19,13,11,0,,,,,,,,
46,13,11,2,1615,4027,2766,1981,2469,3100,,
0,13,11,0,,,,,,,,
48,13,12,1,1520,3670,1916,2806,1978,1515,,
66,13,12,0,,,,,,,,
0,13,12,0,,,,,,,,
32,13,13,0,,,,,,,,
44,13,13,2,1973,2376,2732,2362,1893,1307,,
0,13,13,0,,,,,,,,
21,13,14,1,3029,1563,2208,1804,1715,1654,,
20,13,14,0,,,,,,,,
0,13,14,0,,,,,,,,
44,13,15,0,,,,,,,,
32,13,15,2,1556,1653,2218,1941,1862,1936,,
0,13,15,0,,,,,,,,
34,13,16,1,2098,2206,2388,2397,2020,1451,,
33,13,16,0,,,,,,,,
0,13,16,0,,,,,,,,
38,13,17,0,,,,,,,,
13,13,17,2,2175,2478,2690,2270,1943,3051,,
0,13,17,0,,,,,,,,
53,13,18,1,1674,2309,1840,1685,1583,1596,,
63,13,18,0,,,,,,,,
0,13,18,0,,,,,,,,
41,13,19,0,,,,,,,,
52,13,19,2,2389,3595,3133,1852,1945,2681,,
0,13,19,0,,,,,,,,
6,13,20,1,2751,2637,2632,2513,1717,2935,,
9,13,20,0,,,,,,,,
0,13,20,0,,,,,,,,
56,13,21,0,,,,,,,,
23,13,21,2,3095,2597,2037,4458,1477,2762,,
0,13,21,0,,,,,,,,
42,13,22,1,1126,2338,2132,2969,2457,1882,,
62,13,22,0,,,,,,,,
0,13,22,0,,,,,,,,
6,13,23,0,,,,,,,,
51,13,23,2,1940,2324,2821,2722,1657,2173,,
0,13,23,0,,,,,,,,
36,13,24,1,2233,1628,2494,3523,1619,2397,,
53,13,24,0,,,,,,,,
0,13,24,0,,,,,,,,
14,13,25,0,,,,,,,,
56,13,25,2,2409,3727,1840,2470,2234,2040,,
0,13,25,0,,,,,,,,
14,13,26,1,2126,1661,2619,2495,2044,2102,,
59,13,26,0,,,,,,,,
0,13,26,0,,,,,,,,
17,13,27,0,,,,,,,,
45,13,27,2,1371,3433,2446,1747,2868,2342,,
0,13,27,0,,,,,,,,
58,13,28,1,2585,1537,2803,1960,2401,2941,,
65,13,28,0,,,,,,,,
0,13,28,0,,,,,,,,
64,13,29,0,,,,,,,,
62,13,29,2,2224,2725,3836,2271,2613,3028,,
0,13,29,0,,,,,,,,
47,13,30,1,2647,2277,2680,2840,2196,3578,,
11,13,30,0,,,,,,,,
0,13,30,0,,,,,,,,
30,13,31,0,,,,,,,,
22,13,31,2,2456,1901,2051,3120,1716,1944,,
0,13,31,0,,,,,,,,
25,13,32,1,2398,3755,3218,3617,1583,1284,,
50,13,32,0,,,,,,,,
0,13,32,0,,,,,,,,
42,14,1,0,,,,,,,,
0,14,1,0,,,,,,,,
32,14,1,2,2478,2611,1982,1708,927,1095,,
17,14,2,1,3254,1905,2385,2060,1534,2278,,
0,14,2,0,,,,,,,,
57,14,2,0,,,,,,,,
67,14,3,0,,,,,,,,
0,14,3,0,,,,,,,,
55,14,3,2,1932,1116,1355,1856,1335,1762,,
38,14,4,1,2011,2879,2220,2039,1663,1341,,
0,14,4,0,,,,,,,,
28,14,4,0,,,,,,,,
60,14,5,0,,,,,,,,
0,14,5,0,,,,,,,,
49,14,5,2,3230,1825,2980,1225,1190,1063,,
25,14,6,1,1706,1481,2005,1932,1645,1743,,
0,14,6,0,,,,,,,,
54,14,6,0,,,,,,,,
26,14,7,0,,,,,,,,
0,14,7,0,,,,,,,,
12,14,7,2,2316,2010,1755,1840,2004,1905,,
29,14,8,1,1285,1446,1628,1501,1142,2109,,
0,14,8,0,,,,,,,,
15,14,8,0,,,,,,,,
48,14,9,0,,,,,,,,
0,14,9,0,,,,,,,,
65,14,9,2,1417,2562,2481,1627,1327,1613,,
8,14,10,1,2632,3139,2292,1329,970,1201,,
0,14,10,0,,,,,,,,
39,14,10,0,,,,,,,,
19,14,11,0,,,,,,,,
7,14,11,2,2697,2994,1874,1730,1829,1099,,
0,14,11,0,,,,,,,,
34,14,12,1,1836,2490,2090,2239,1336,1376,,
66,14,12,0,,,,,,,,
0,14,12,0,,,,,,,,
32,14,13,0,,,,,,,,
21,14,13,2,3611,2666,1820,2209,2020,1206,,
0,14,13,0,,,,,,,,
57,14,14,1,1403,845,1384,1978,1342,1069,,
20,14,14,0,,,,,,,,
0,14,14,0,,,,,,,,
44,14,15,0,,,,,,,,
46,14,15,2,1383,1799,1642,1385,2190,1155,,
0,14,15,0,,,,,,,,
59,14,16,1,1731,1999,1569,1270,806,934,,
33,14,16,0,,,,,,,,
0,14,16,0,,,,,,,,
38,14,17,0,,,,,,,,
37,14,17,2,2364,2121,2040,1842,2113,1527,,
0,14,17,0,,,,,,,,
48,14,18,1,1676,2725,1963,1326,1839,1312,,
63,14,18,0,,,,,,,,
0,14,18,0,,,,,,,,
41,14,19,0,,,,,,,,
43,14,19,2,2201,1746,2838,1400,1568,2163,,
0,14,19,0,,,,,,,,
54,14,20,1,1705,2325,1798,1864,1289,1456,,
9,14,20,0,,,,,,,,
0,14,20,0,,,,,,,,
56,14,21,0,,,,,,,,
44,14,21,2,1651,1156,1169,1866,1433,1299,,
0,14,21,0,,,,,,,,
36,14,22,1,1255,2282,1429,2310,1599,1513,,
62,14,22,0,,,,,,,,
0,14,22,0,,,,,,,,
6,14,23,0,,,,,,,,
61,14,23,2,1370,1594,1940,1985,1111,1955,,
0,14,23,0,,,,,,,,
31,14,24,1,3953,2286,1489,1617,1948,1362,,
53,14,24,0,,,,,,,,
0,14,24,0,,,,,,,,
14,14,25,0,,,,,,,,
35,14,25,2,1582,1494,1943,2681,1374,1236,,
0,14,25,0,,,,,,,,
62,14,26,1,1909,1491,1228,1747,2205,1058,,
59,14,26,0,,,,,,,,
0,14,26,0,,,,,,,,
17,14,27,0,,,,,,,,
47,14,27,2,3601,2002,2852,2076,2023,1825,,
0,14,27,0,,,,,,,,
40,14,28,1,2683,2216,1970,2075,2021,3008,,
65,14,28,0,,,,,,,,
0,14,28,0,,,,,,,,
64,14,29,0,,,,,,,,
63,14,29,2,3473,3260,2349,1867,1742,2218,,
0,14,29,0,,,,,,,,
60,14,30,1,1902,2153,2312,1957,1390,3047,,
11,14,30,0,,,,,,,,
0,14,30,0,,,,,,,,
30,14,31,0,,,,,,,,
10,14,31,2,1730,2307,2074,4071,1084,1534,,
0,14,31,0,,,,,,,,
16,14,32,1,1210,2814,1414,1271,1013,935,,
50,14,32,0,,,,,,,,
0,14,32,0,,,,,,,,
49,15,1,1,964,2045,3882,1678,2220,1480,,
0,15,1,0,,,,,,,,
32,15,1,0,,,,,,,,
17,15,2,0,,,,,,,,
0,15,2,0,,,,,,,,
59,15,2,2,518,2542,3506,3417,1581,465,,
68,15,3,1,1424,4681,4541,3411,2107,1241,,
0,15,3,0,,,,,,,,
55,15,3,0,,,,,,,,
38,15,4,0,,,,,,,,
0,15,4,0,,,,,,,,
20,15,4,2,1533,1975,4002,2997,1533,2392,,
51,15,5,1,1102,2110,3272,1505,2266,1913,,
0,15,5,0,,,,,,,,
49,15,5,0,,,,,,,,
25,15,6,0,,,,,,,,
0,15,6,0,,,,,,,,
8,15,6,2,5483,1408,2600,1567,1439,1416,,
36,15,7,1,3025,2266,610,2616,2121,670,,
0,15,7,0,,,,,,,,
12,15,7,0,,,,,,,,
29,15,8,0,,,,,,,,
0,15,8,0,,,,,,,,
26,15,8,2,866,2814,2605,1780,2535,3540,,
58,15,9,1,492,3341,4232,2087,1200,1043,,
0,15,9,0,,,,,,,,
65,15,9,0,,,,,,,,
8,15,10,0,,,,,,,,
0,15,10,0,,,,,,,,
34,15,10,2,1042,2707,1558,2224,2109,341,,
61,15,11,1,542,2912,5076,3252,2033,362,,
7,15,11,0,,,,,,,,
0,15,11,0,,,,,,,,
34,15,12,0,,,,,,,,
41,15,12,2,529,3079,3096,2517,1607,919,,
0,15,12,0,,,,,,,,
39,15,13,1,593,1737,1776,3497,2042,1507,,
21,15,13,0,,,,,,,,
0,15,13,0,,,,,,,,
57,15,14,0,,,,,,,,
38,15,14,2,562,1053,1985,3283,2387,1498,,
0,15,14,0,,,,,,,,
43,15,15,1,,2400,3572,2474,1393,1151,,
46,15,15,0,,,,,,,,
0,15,15,0,,,,,,,,
59,15,16,0,,,,,,,,
56,15,16,2,585,2754,5317,5840,1961,1078,,
0,15,16,0,,,,,,,,
57,15,17,1,288,396,8656,2829,838,1107,,
37,15,17,0,,,,,,,,
0,15,17,0,,,,,,,,
48,15,18,0,,,,,,,,
45,15,18,2,488,3413,3843,1469,1374,1449,,
0,15,18,0,,,,,,,,
24,15,19,1,1517,3815,3142,1238,1621,2094,,
43,15,19,0,,,,,,,,
0,15,19,0,,,,,,,,
54,15,20,0,,,,,,,,
15,15,20,2,2373,2524,2556,1684,499,2934,,
0,15,20,0,,,,,,,,
46,15,21,1,640,2435,4009,1975,2918,2049,,
44,15,21,0,,,,,,,,
0,15,21,0,,,,,,,,
36,15,22,0,,,,,,,,
33,15,22,2,3575,1129,1606,2229,2469,934,,
0,15,22,0,,,,,,,,
23,15,23,1,723,3492,2293,1212,1301,2065,,
61,15,23,0,,,,,,,,
0,15,23,0,,,,,,,,
31,15,24,0,,,,,,,,
44,15,24,2,260,4933,2439,1861,1522,1483,,
0,15,24,0,,,,,,,,
10,15,25,1,6997,904,3035,2080,1071,1615,,
35,15,25,0,,,,,,,,
0,15,25,0,,,,,,,,
62,15,26,0,,,,,,,,
7,15,26,2,3071,1911,2083,3340,2090,1120,,
0,15,26,0,,,,,,,,
69,15,27,1,549,3846,6325,4088,2652,738,,
47,15,27,0,,,,,,,,
0,15,27,0,,,,,,,,
40,15,28,0,,,,,,,,
28,15,28,2,411,3688,2848,3010,2164,3060,,
0,15,28,0,,,,,,,,
53,15,29,1,754,6983,4088,2877,1303,1243,,
63,15,29,0,,,,,,,,
0,15,29,0,,,,,,,,
60,15,30,0,,,,,,,,
29,15,30,2,455,4401,2136,4266,1301,1950,,
0,15,30,0,,,,,,,,
42,15,31,1,618,4302,1783,1535,1125,1347,,
10,15,31,0,,,,,,,,
0,15,31,0,,,,,,,,
16,15,32,0,,,,,,,,
40,15,32,2,623,6735,5058,6905,1648,621,,
0,15,32,0,,,,,,,,
49,16,1,0,,,,,,,,
0,16,1,0,,,,,,,,
50,16,1,2,4182,2268,831,941,1762,347,,
16,16,2,1,1821,1447,2154,1453,1521,2141,365,
0,16,2,0,,,,,,,,
59,16,2,0,,,,,,,,
68,16,3,0,,,,,,,,
0,16,3,0,,,,,,,,
10,16,3,2,2260,1241,1836,1021,1140,2171,,
54,16,4,1,2915,2621,1340,1808,1047,1557,,
0,16,4,0,,,,,,,,
20,16,4,0,,,,,,,,
51,16,5,0,,,,,,,,
0,16,5,0,,,,,,,,
12,16,5,2,2475,2978,3385,964,756,626,,
33,16,6,1,2409,1690,1148,1050,912,1053,,
0,16,6,0,,,,,,,,
8,16,6,0,,,,,,,,
36,16,7,0,,,,,,,,
0,16,7,0,,,,,,,,
44,16,7,2,2480,1503,1848,1681,1326,779,,
46,16,8,1,1054,1020,1280,631,1170,1131,,
0,16,8,0,,,,,,,,
26,16,8,0,,,,,,,,
58,16,9,0,,,,,,,,
0,16,9,0,,,,,,,,
52,16,9,2,1481,1625,903,1194,551,705,,
17,16,10,1,1140,890,1646,1382,1243,1901,,
0,16,10,0,,,,,,,,
34,16,10,0,,,,,,,,
61,16,11,0,,,,,,,,
27,16,11,2,311,2199,1215,1315,371,2258,,
0,16,11,0,,,,,,,,
34,16,12,1,1119,2267,1263,999,910,1312,,
41,16,12,0,,,,,,,,
0,16,12,0,,,,,,,,
39,16,13,0,,,,,,,,
57,16,13,2,1407,1239,1521,1130,1087,1001,,
0,16,13,0,,,,,,,,
37,16,14,1,2045,806,922,777,1080,711,,
38,16,14,0,,,,,,,,
0,16,14,0,,,,,,,,
43,16,15,0,,,,,,,,
22,16,15,2,1557,1124,1968,1089,1156,1564,,
0,16,15,0,,,,,,,,
26,16,16,1,1067,1900,2071,1072,1363,855,,
56,16,16,0,,,,,,,,
0,16,16,0,,,,,,,,
57,16,17,0,,,,,,,,
43,16,17,2,1591,1233,1533,1430,913,787,,
0,16,17,0,,,,,,,,
14,16,18,1,1430,3404,1943,1435,1290,2055,,
45,16,18,0,,,,,,,,
0,16,18,0,,,,,,,,
24,16,19,0,,,,,,,,
42,16,19,2,1664,2021,2368,729,1113,1251,,
0,16,19,0,,,,,,,,
45,16,20,1,2115,1348,1309,893,550,791,,
15,16,20,0,,,,,,,,
0,16,20,0,,,,,,,,
46,16,21,0,,,,,,,,
5,16,21,2,3067,1860,1285,1524,1562,833,,
0,16,21,0,,,,,,,,
8,16,22,1,4364,1806,1552,1096,1910,1670,,
33,16,22,0,,,,,,,,
0,16,22,0,,,,,,,,
23,16,23,0,,,,,,,,
66,16,23,2,1090,1110,1165,1175,1025,1102,,
0,16,23,0,,,,,,,,
35,16,24,1,2010,991,509,671,646,1423,,
44,16,24,0,,,,,,,,
0,16,24,0,,,,,,,,
10,16,25,0,,,,,,,,
40,16,25,2,1617,1232,1760,1175,762,853,,
0,16,25,0,,,,,,,,
32,16,26,1,2077,1299,1396,1073,760,792,,
7,16,26,0,,,,,,,,
0,16,26,0,,,,,,,,
69,16,27,0,,,,,,,,
9,16,27,2,2056,1669,2366,1637,2341,1409,,
0,16,27,0,,,,,,,,
25,16,28,1,2807,872,1707,1056,1529,2063,,
28,16,28,0,,,,,,,,
0,16,28,0,,,,,,,,
53,16,29,0,,,,,,,,
15,16,29,2,1188,2207,2138,1239,1143,2489,,
0,16,29,0,,,,,,,,
39,16,30,1,2487,1806,2160,1790,964,1108,,
29,16,30,0,,,,,,,,
0,16,30,0,,,,,,,,
42,16,31,0,,,,,,,,
41,16,31,2,1260,1509,1362,1085,888,1120,,
0,16,31,0,,,,,,,,
49,16,32,1,1731,1659,1417,641,991,982,,
40,16,32,0,,,,,,,,
0,16,32,0,,,,,,,,
12,17,1,1,1841,3592,1218,852,920,3180,149,
0,17,1,0,,,,,,,,
50,17,1,0,,,,,,,,
16,17,2,0,,,,,,,,
0,17,2,0,,,,,,,,
33,17,2,2,5243,2471,2729,2224,1594,1061,,
28,17,3,1,1721,1253,1004,1038,464,1476,,
0,17,3,0,,,,,,,,
10,17,3,0,,,,,,,,
54,17,4,0,,,,,,,,
0,17,4,0,,,,,,,,
66,17,4,2,1246,2086,1045,1216,611,1454,,
26,17,5,1,2173,1191,884,879,461,1536,,
0,17,5,0,,,,,,,,
12,17,5,0,,,,,,,,
33,17,6,0,,,,,,,,
0,17,6,0,,,,,,,,
64,17,6,2,1257,845,2374,1355,903,2570,,
48,17,7,1,2326,1336,2922,1710,638,3745,,
0,17,7,0,,,,,,,,
44,17,7,0,,,,,,,,
46,17,8,0,,,,,,,,
0,17,8,0,,,,,,,,
19,17,8,2,3152,1801,995,482,743,2023,,
41,17,9,1,1174,1067,1249,519,304,1227,,
0,17,9,0,,,,,,,,
52,17,9,0,,,,,,,,
17,17,10,0,,,,,,,,
0,17,10,0,,,,,,,,
61,17,10,2,1209,802,1157,967,579,1188,,
36,17,11,1,1244,962,1063,479,430,1141,,
27,17,11,0,,,,,,,,
0,17,11,0,,,,,,,,
34,17,12,0,,,,,,,,
21,17,12,2,2528,2165,881,853,757,762,,
0,17,12,0,,,,,,,,
11,17,13,1,1189,1430,2117,1212,1060,1958,408,
57,17,13,0,,,,,,,,
0,17,13,0,,,,,,,,
37,17,14,0,,,,,,,,
55,17,14,2,2939,1528,1603,1437,486,2108,433,
0,17,14,0,,,,,,,,
53,17,15,1,1104,623,844,700,568,1201,,
22,17,15,0,,,,,,,,
0,17,15,0,,,,,,,,
26,17,16,0,,,,,,,,
38,17,16,2,1342,1306,1200,888,747,860,,
0,17,16,0,,,,,,,,
39,17,17,1,1457,1732,1554,428,551,1511,,
43,17,17,0,,,,,,,,
0,17,17,0,,,,,,,,
14,17,18,0,,,,,,,,
68,17,18,2,3710,2020,1410,490,666,1739,,
0,17,18,0,,,,,,,,
46,17,19,1,3094,3644,2132,1243,889,2372,,
42,17,19,0,,,,,,,,
0,17,19,0,,,,,,,,
45,17,20,0,,,,,,,,
24,17,20,2,3001,1937,1674,1648,719,1361,,
0,17,20,0,,,,,,,,
63,17,21,1,1702,932,1073,1015,641,921,,
5,17,21,0,,,,,,,,
0,17,21,0,,,,,,,,
8,17,22,0,,,,,,,,
30,17,22,2,1399,1548,1175,717,946,930,,
0,17,22,0,,,,,,,,
25,17,23,1,1448,964,1625,741,1048,2662,334,
66,17,23,0,,,,,,,,
0,17,23,0,,,,,,,,
35,17,24,0,,,,,,,,
57,17,24,2,2231,622,874,507,606,1506,,
0,17,24,0,,,,,,,,
37,17,25,1,1702,1152,817,777,573,985,,
40,17,25,0,,,,,,,,
0,17,25,0,,,,,,,,
32,17,26,0,,,,,,,,
47,17,26,2,2967,2905,2767,989,1111,3160,,
0,17,26,0,,,,,,,,
60,17,27,1,2277,2074,1800,959,505,2326,,
9,17,27,0,,,,,,,,
0,17,27,0,,,,,,,,
25,17,28,0,,,,,,,,
50,17,28,2,2615,1017,1182,1085,792,2010,,
0,17,28,0,,,,,,,,
58,17,29,1,3180,1842,1680,860,615,1254,,
15,17,29,0,,,,,,,,
0,17,29,0,,,,,,,,
39,17,30,0,,,,,,,,
31,17,30,2,4503,2954,1014,995,1053,1200,,
0,17,30,0,,,,,,,,
45,17,31,1,3814,1616,1658,,733,1596,,
41,17,31,0,,,,,,,,
0,17,31,0,,,,,,,,
49,17,32,0,,,,,,,,
35,17,32,2,1855,1865,1203,662,293,889,147,
0,17,32,0,,,,,,,,
12,18,1,0,,,,,,,,
0,18,1,0,,,,,,,,
34,18,1,2,5094,4633,4814,3228,2559,1104,,
50,18,2,1,2016,4171,8563,827,1024,1371,,
0,18,2,0,,,,,,,,
33,18,2,0,,,,,,,,
28,18,3,0,,,,,,,,
0,18,3,0,,,,,,,,
7,18,3,2,2802,2574,2210,3080,1372,1451,,
47,18,4,1,15977,2920,3312,900,594,921,,
0,18,4,0,,,,,,,,
66,18,4,0,,,,,,,,
26,18,5,0,,,,,,,,
0,18,5,0,,,,,,,,
32,18,5,2,3022,2282,2549,1652,1056,811,,
25,18,6,1,3238,1985,1106,1566,1597,2126,,
0,18,6,0,,,,,,,,
64,18,6,0,,,,,,,,
48,18,7,0,,,,,,,,
0,18,7,0,,,,,,,,
49,18,7,2,3782,5002,6073,3502,1158,1053,,
38,18,8,1,1523,2275,5084,1607,1653,2955,,
0,18,8,0,,,,,,,,
19,18,8,0,,,,,,,,
41,18,9,0,,,,,,,,
0,18,9,0,,,,,,,,
21,18,9,2,2829,3725,7727,3256,1896,1528,,
9,18,10,1,2760,3404,1924,2331,2076,653,,
0,18,10,0,,,,,,,,
61,18,10,0,,,,,,,,
36,18,11,0,,,,,,,,
42,18,11,2,6854,5397,2880,642,1272,896,,
0,18,11,0,,,,,,,,
30,18,12,1,2727,1355,4726,1429,651,850,,
21,18,12,0,,,,,,,,
0,18,12,0,,,,,,,,
11,18,13,0,,,,,,,,
56,18,13,2,538,1583,3685,1561,1305,1800,,
0,18,13,0,,,,,,,,
40,18,14,1,2259,1988,3796,1224,814,1277,,
55,18,14,0,,,,,,,,
0,18,14,0,,,,,,,,
53,18,15,0,,,,,,,,
16,18,15,2,1083,2967,2533,1573,849,802,,
0,18,15,0,,,,,,,,
59,18,16,1,4172,2628,3881,2232,1491,1375,,
38,18,16,0,,,,,,,,
0,18,16,0,,,,,,,,
39,18,17,0,,,,,,,,
12,18,17,2,9351,4572,6291,5019,2193,1673,,
0,18,17,0,,,,,,,,
11,18,18,1,2011,1868,2890,1746,1396,1151,,
68,18,18,0,,,,,,,,
0,18,18,0,,,,,,,,
46,18,19,0,,,,,,,,
20,18,19,2,11242,4899,2988,1185,685,2929,,
0,18,19,0,,,,,,,,
62,18,20,1,7824,1073,1459,2343,1470,893,,
24,18,20,0,,,,,,,,
0,18,20,0,,,,,,,,
63,18,21,0,,,,,,,,
53,18,21,2,2308,2631,1330,1600,1258,2524,,
0,18,21,0,,,,,,,,
57,18,22,1,1435,1156,1034,3517,2291,424,,
30,18,22,0,,,,,,,,
0,18,22,0,,,,,,,,
25,18,23,0,,,,,,,,
5,18,23,2,3966,3433,3095,2855,1469,1146,,
0,18,23,0,,,,,,,,
60,18,24,1,2719,7342,1084,2854,280,2272,171,
57,18,24,0,,,,,,,,
0,18,24,0,,,,,,,,
37,18,25,0,,,,,,,,
6,18,25,2,3969,3273,2592,2489,631,1304,,
0,18,25,0,,,,,,,,
55,18,26,1,1255,693,3058,1054,1164,1009,,
47,18,26,0,,,,,,,,
0,18,26,0,,,,,,,,
60,18,27,0,,,,,,,,
23,18,27,2,2378,3632,3217,2294,1365,647,,
0,18,27,0,,,,,,,,
37,18,28,1,2758,4005,3259,1034,943,2297,,
50,18,28,0,,,,,,,,
0,18,28,0,,,,,,,,
58,18,29,0,,,,,,,,
58,18,29,2,3439,3070,2422,2874,1498,4222,,
0,18,29,0,,,,,,,,
41,18,30,1,651,3641,2339,3424,2583,1349,,
31,18,30,0,,,,,,,,
0,18,30,0,,,,,,,,
45,18,31,0,,,,,,,,
27,18,31,2,2802,3095,4048,3575,1886,1162,,
0,18,31,0,,,,,,,,
31,18,32,1,2060,2580,1414,1814,1083,455,,
35,18,32,0,,,,,,,,
0,18,32,0,,,,,,,,
23,19,1,1,4349,2642,2820,2119,1135,554,,
0,19,1,0,,,,,,,,
34,19,1,0,,,,,,,,
50,19,2,0,,,,,,,,
0,19,2,0,,,,,,,,
40,19,2,2,2322,2332,2179,1892,1845,394,,
56,19,3,1,3687,1681,1470,1989,2141,1313,,
0,19,3,0,,,,,,,,
7,19,3,0,,,,,,,,
47,19,4,0,,,,,,,,
0,19,4,0,,,,,,,,
21,19,4,2,4156,5708,3381,3025,2857,248,,
30,19,5,1,1736,1437,1652,1879,882,127,,
0,19,5,0,,,,,,,,
32,19,5,0,,,,,,,,
25,19,6,0,,,,,,,,
0,19,6,0,,,,,,,,
15,19,6,2,2654,3016,2018,1044,1767,209,,
7,19,7,1,5415,4712,2511,1695,2002,614,,
0,19,7,0,,,,,,,,
49,19,7,0,,,,,,,,
38,19,8,0,,,,,,,,
0,19,8,0,,,,,,,,
19,19,8,2,1658,1859,1134,1580,3314,1953,,
25,19,9,1,2160,1818,1272,1551,930,690,,
0,19,9,0,,,,,,,,
21,19,9,0,,,,,,,,
9,19,10,0,,,,,,,,
0,19,10,0,,,,,,,,
37,19,10,2,1853,1177,1172,1699,1232,1045,,
17,19,11,1,2763,2147,1590,1580,2674,1890,,
42,19,11,0,,,,,,,,
0,19,11,0,,,,,,,,
30,19,12,0,,,,,,,,
59,19,12,2,2136,2371,2306,1655,1659,196,,
0,19,12,0,,,,,,,,
32,19,13,1,3771,1211,1843,1828,2290,2156,,
56,19,13,0,,,,,,,,
0,19,13,0,,,,,,,,
40,19,14,0,,,,,,,,
67,19,14,2,4348,2215,2751,2973,1295,,,
0,19,14,0,,,,,,,,
63,19,15,1,1717,1898,1836,3086,1720,471,,
16,19,15,0,,,,,,,,
0,19,15,0,,,,,,,,
59,19,16,0,,,,,,,,
66,19,16,2,2869,2447,2978,1049,1790,,,
0,19,16,0,,,,,,,,
10,19,17,1,6042,1834,2993,1488,1784,894,,
12,19,17,0,,,,,,,,
0,19,17,0,,,,,,,,
11,19,18,0,,,,,,,,
44,19,18,2,1298,1785,1236,1344,1425,710,,
0,19,18,0,,,,,,,,
36,19,19,1,2002,2151,1205,1304,1490,1762,,
20,19,19,0,,,,,,,,
0,19,19,0,,,,,,,,
62,19,20,0,,,,,,,,
28,19,20,2,2582,1123,2066,2717,2726,1152,,
0,19,20,0,,,,,,,,
49,19,21,1,1794,2555,1760,2574,2143,1155,,
53,19,21,0,,,,,,,,
0,19,21,0,,,,,,,,
57,19,22,0,,,,,,,,
5,19,22,2,4728,3712,3196,2035,2540,1643,,
0,19,22,0,,,,,,,,
35,19,23,1,1568,1241,933,1249,1346,1517,,
5,19,23,0,,,,,,,,
0,19,23,0,,,,,,,,
60,19,24,0,,,,,,,,
51,19,24,2,2901,1005,2304,1239,1673,1178,,
0,19,24,0,,,,,,,,
52,19,25,1,6070,1967,1720,3210,2256,365,,
6,19,25,0,,,,,,,,
0,19,25,0,,,,,,,,
55,19,26,0,,,,,,,,
18,19,26,2,3030,2651,1805,1818,2279,570,,
0,19,26,0,,,,,,,,
58,19,27,1,3665,1162,1035,2758,1842,1068,,
23,19,27,0,,,,,,,,
0,19,27,0,,,,,,,,
37,19,28,0,,,,,,,,
45,19,28,2,5263,2605,2708,1814,3237,1643,,
0,19,28,0,,,,,,,,
42,19,29,1,7264,1981,1667,1933,2852,98,,
58,19,29,0,,,,,,,,
0,19,29,0,,,,,,,,
41,19,30,0,,,,,,,,
39,19,30,2,3403,3694,1505,2807,2773,706,,
0,19,30,0,,,,,,,,
12,19,31,1,1729,1740,2088,1100,1444,1237,,
27,19,31,0,,,,,,,,
0,19,31,0,,,,,,,,
31,19,32,0,,,,,,,,
27,19,32,2,2988,3558,2950,2208,2034,448,,
0,19,32,0,,,,,,,,
23,20,1,0,,,,,,,,
0,20,1,0,,,,,,,,
39,20,1,2,1310,5253,1739,2496,1080,1083,,
60,20,2,1,1396,3227,1784,1677,1605,1048,,
0,20,2,0,,,,,,,,
40,20,2,0,,,,,,,,
56,20,3,0,,,,,,,,
0,20,3,0,,,,,,,,
20,20,3,2,2572,2162,2490,1275,1154,2245,,
5,20,4,1,2357,2367,1734,1510,1523,2324,,
0,20,4,0,,,,,,,,
21,20,4,0,,,,,,,,
30,20,5,0,,,,,,,,
0,20,5,0,,,,,,,,
16,20,5,2,2632,3047,3009,1189,900,1150,,
32,20,6,1,2148,3483,1920,1569,1400,1216,,
0,20,6,0,,,,,,,,
15,20,6,0,,,,,,,,
7,20,7,0,,,,,,,,
0,20,7,0,,,,,,,,
49,20,7,2,1661,1933,1910,698,1584,1134,,
23,20,8,1,1559,1832,1503,832,1731,2696,,
0,20,8,0,,,,,,,,
19,20,8,0,,,,,,,,
25,20,9,0,,,,,,,,
0,20,9,0,,,,,,,,
63,20,9,2,649,2589,1195,1260,1517,1145,,
26,20,10,1,2199,3687,3625,1266,876,1223,,
0,20,10,0,,,,,,,,
37,20,10,0,,,,,,,,
17,20,11,0,,,,,,,,
47,20,11,2,1177,1996,1764,622,789,1340,,
0,20,11,0,,,,,,,,
22,20,12,1,2329,6182,4275,3364,855,1371,,
59,20,12,0,,,,,,,,
0,20,12,0,,,,,,,,
32,20,13,0,,,,,,,,
37,20,13,2,1798,2640,4065,1259,1520,1632,,
0,20,13,0,,,,,,,,
33,20,14,1,1287,4649,3687,2450,1193,870,,
67,20,14,0,,,,,,,,
0,20,14,0,,,,,,,,
63,20,15,0,,,,,,,,
55,20,15,2,794,1148,1978,1543,1386,1921,,
0,20,15,0,,,,,,,,
18,20,16,1,1774,2082,1861,782,827,997,,
66,20,16,0,,,,,,,,
0,20,16,0,,,,,,,,
10,20,17,0,,,,,,,,
31,20,17,2,1187,2013,3152,1419,1122,2026,,
0,20,17,0,,,,,,,,
36,20,18,1,4501,7712,10584,4202,1338,1481,,
44,20,18,0,,,,,,,,
0,20,18,0,,,,,,,,
36,20,19,0,,,,,,,,
53,20,19,2,804,5414,3329,1126,1996,1380,,
0,20,19,0,,,,,,,,
38,20,20,1,1703,3824,2316,863,900,1250,,
28,20,20,0,,,,,,,,
0,20,20,0,,,,,,,,
49,20,21,0,,,,,,,,
25,20,21,2,1767,3561,1793,1047,1063,1323,,
0,20,21,0,,,,,,,,
35,20,22,1,1106,2519,971,1195,1663,1923,,
5,20,22,0,,,,,,,,
0,20,22,0,,,,,,,,
35,20,23,0,,,,,,,,
7,20,23,2,2853,3343,1456,1164,907,1237,,
0,20,23,0,,,,,,,,
27,20,24,1,1665,4682,781,1467,928,1687,,
51,20,24,0,,,,,,,,
0,20,24,0,,,,,,,,
52,20,25,0,,,,,,,,
19,20,25,2,1685,2154,3748,2541,930,1354,,
0,20,25,0,,,,,,,,
10,20,26,1,2893,2471,2270,1331,1993,1705,,
18,20,26,0,,,,,,,,
0,20,26,0,,,,,,,,
58,20,27,0,,,,,,,,
56,20,27,2,790,1737,2309,1070,1231,2076,,
0,20,27,0,,,,,,,,
15,20,28,1,4958,2807,3703,1539,1036,2554,,
45,20,28,0,,,,,,,,
0,20,28,0,,,,,,,,
42,20,29,0,,,,,,,,
40,20,29,2,744,3550,1022,1959,1872,2853,234,
0,20,29,0,,,,,,,,
42,20,30,1,967,3418,3070,2103,1030,3367,,
39,20,30,0,,,,,,,,
0,20,30,0,,,,,,,,
12,20,31,0,,,,,,,,
59,20,31,2,861,1649,2324,1214,1669,1819,,
0,20,31,0,,,,,,,,
13,20,32,1,2239,4120,3796,923,889,1297,,
27,20,32,0,,,,,,,,
0,20,32,0,,,,,,,,
