seq,subj,item,cond,R1,R2,R3,R4,R5,R6,R7,R8
26,1,1,1,2247,1700,1633,1308,1003,2111,,
0,1,1,0,,,,,,,,
0,1,1,0,,,,,,,,
0,1,2,0,,,,,,,,
0,1,2,0,,,,,,,,
49,1,2,2,2400,2780,1346,1013,1441,1201,,
23,1,3,1,2393,1190,1281,1788,1280,1390,,
0,1,3,0,,,,,,,,
0,1,3,0,,,,,,,,
0,1,4,0,,,,,,,,
0,1,4,0,,,,,,,,
13,1,4,2,2739,1632,2152,814,1783,2258,,
21,1,5,1,5554,1112,1093,701,1327,1053,,
0,1,5,0,,,,,,,,
0,1,5,0,,,,,,,,
0,1,6,0,,,,,,,,
0,1,6,0,,,,,,,,
11,1,6,2,1871,1728,2046,1501,1108,3152,,
66,1,7,1,2005,1900,2749,1450,1646,1275,,
0,1,7,0,,,,,,,,
0,1,7,0,,,,,,,,
0,1,8,0,,,,,,,,
0,1,8,0,,,,,,,,
36,1,8,2,1617,2752,1803,1901,1623,2297,,
17,1,9,1,1310,1464,854,1336,1224,1234,,
0,1,9,0,,,,,,,,
0,1,9,0,,,,,,,,
0,1,10,0,,,,,,,,
0,1,10,0,,,,,,,,
5,1,10,2,3299,1477,1919,2425,2780,1652,,
16,1,11,1,2163,1102,1291,1173,1261,1160,,
0,1,11,0,,,,,,,,
0,1,11,0,,,,,,,,
0,1,12,0,,,,,,,,
29,1,12,2,1506,2190,3009,1855,1494,1193,,
0,1,12,0,,,,,,,,
30,1,13,1,3981,1004,2439,1577,1624,1707,,
0,1,13,0,,,,,,,,
0,1,13,0,,,,,,,,
0,1,14,0,,,,,,,,
15,1,14,2,3166,1000,1707,1227,1526,1266,,
0,1,14,0,,,,,,,,
19,1,15,1,1332,1934,942,1145,1192,1163,,
0,1,15,0,,,,,,,,
0,1,15,0,,,,,,,,
0,1,16,0,,,,,,,,
38,1,16,2,3079,1655,1639,1024,931,1009,,
0,1,16,0,,,,,,,,
32,1,17,1,2216,2180,1421,1331,2390,2018,,
0,1,17,0,,,,,,,,
0,1,17,0,,,,,,,,
0,1,18,0,,,,,,,,
28,1,18,2,1764,1817,1865,1709,2114,1331,,
0,1,18,0,,,,,,,,
53,1,19,1,1829,2301,3017,1423,1409,1743,,
0,1,19,0,,,,,,,,
0,1,19,0,,,,,,,,
0,1,20,0,,,,,,,,
8,1,20,2,3526,1406,1421,1628,1124,2411,,
0,1,20,0,,,,,,,,
39,1,21,1,1653,3167,2105,2603,1881,2164,,
0,1,21,0,,,,,,,,
0,1,21,0,,,,,,,,
0,1,22,0,,,,,,,,
44,1,22,2,849,1779,1237,1194,1485,2266,,
0,1,22,0,,,,,,,,
51,1,23,1,1485,2236,2253,1146,1632,1672,,
0,1,23,0,,,,,,,,
0,1,23,0,,,,,,,,
0,1,24,0,,,,,,,,
31,1,24,2,2578,1591,2183,1566,1739,1977,,
0,1,24,0,,,,,,,,
62,1,25,1,785,1889,2582,2157,663,1562,,
0,1,25,0,,,,,,,,
0,1,25,0,,,,,,,,
0,1,26,0,,,,,,,,
40,1,26,2,1894,1613,1838,2146,2009,864,,
0,1,26,0,,,,,,,,
61,1,27,1,2654,1048,1920,2708,1376,1839,,
0,1,27,0,,,,,,,,
0,1,27,0,,,,,,,,
0,1,28,0,,,,,,,,
48,1,28,2,4870,1993,2167,1075,1458,2062,,
0,1,28,0,,,,,,,,
10,1,29,1,3299,1371,1650,2220,2233,2118,,
0,1,29,0,,,,,,,,
0,1,29,0,,,,,,,,
0,1,30,0,,,,,,,,
33,1,30,2,2128,2459,2461,2004,1435,2055,,
0,1,30,0,,,,,,,,
56,1,31,1,1402,2031,1152,1367,1198,1582,,
0,1,31,0,,,,,,,,
0,1,31,0,,,,,,,,
0,1,32,0,,,,,,,,
52,1,32,2,1105,1655,2085,1612,1690,877,,
0,1,32,0,,,,,,,,
22,2,1,1,2029,2190,1827,2344,1813,1828,,
0,2,1,0,,,,,,,,
0,2,1,0,,,,,,,,
0,2,2,0,,,,,,,,
0,2,2,0,,,,,,,,
43,2,2,2,2551,1669,2951,2008,2433,1391,,
12,2,3,1,1801,1668,2702,1737,1802,2028,,
0,2,3,0,,,,,,,,
0,2,3,0,,,,,,,,
0,2,4,0,,,,,,,,
0,2,4,0,,,,,,,,
38,2,4,2,1748,3740,2062,1763,1623,1541,,
25,2,5,1,2367,1592,1916,1803,1543,1455,,
0,2,5,0,,,,,,,,
0,2,5,0,,,,,,,,
0,2,6,0,,,,,,,,
0,2,6,0,,,,,,,,
55,2,6,2,1748,1677,2235,1516,2112,1057,,
50,2,7,1,2763,1399,1912,1523,1006,1903,,
0,2,7,0,,,,,,,,
0,2,7,0,,,,,,,,
0,2,8,0,,,,,,,,
0,2,8,0,,,,,,,,
64,2,8,2,2260,2019,1599,1335,1549,2295,,
18,2,9,1,1334,2595,1348,1367,1424,1972,,
0,2,9,0,,,,,,,,
0,2,9,0,,,,,,,,
0,2,10,0,,,,,,,,
0,2,10,0,,,,,,,,
31,2,10,2,1886,1428,1660,1305,1646,2303,,
45,2,11,1,2078,3290,2420,2201,1869,2209,,
0,2,11,0,,,,,,,,
0,2,11,0,,,,,,,,
0,2,12,0,,,,,,,,
49,2,12,2,1461,2659,1350,1645,1587,1269,,
0,2,12,0,,,,,,,,
8,2,13,1,3630,1844,2552,3101,2157,2544,,
0,2,13,0,,,,,,,,
0,2,13,0,,,,,,,,
0,2,14,0,,,,,,,,
15,2,14,2,1635,2250,2635,2320,1752,833,,
0,2,14,0,,,,,,,,
53,2,15,1,1627,1889,673,1237,1877,1414,,
0,2,15,0,,,,,,,,
0,2,15,0,,,,,,,,
0,2,16,0,,,,,,,,
28,2,16,2,1250,2809,3231,1903,1168,1414,,
0,2,16,0,,,,,,,,
39,2,17,1,1480,1593,2279,1313,1169,2206,,
0,2,17,0,,,,,,,,
0,2,17,0,,,,,,,,
0,2,18,0,,,,,,,,
61,2,18,2,2277,2778,2963,2714,1317,1788,,
0,2,18,0,,,,,,,,
5,2,19,1,3733,2489,2886,1464,1592,2026,,
0,2,19,0,,,,,,,,
0,2,19,0,,,,,,,,
0,2,20,0,,,,,,,,
48,2,20,2,2059,2074,1935,1783,1614,819,,
0,2,20,0,,,,,,,,
9,2,21,1,2621,1809,3340,2400,1366,2295,,
0,2,21,0,,,,,,,,
0,2,21,0,,,,,,,,
0,2,22,0,,,,,,,,
44,2,22,2,1892,1606,1880,1663,1775,2806,,
0,2,22,0,,,,,,,,
32,2,23,1,1212,1277,1564,1316,1270,1617,,
0,2,23,0,,,,,,,,
0,2,23,0,,,,,,,,
0,2,24,0,,,,,,,,
16,2,24,2,3653,1990,1838,2358,1851,2680,,
0,2,24,0,,,,,,,,
14,2,25,1,1598,2490,3508,3174,1426,1354,,
0,2,25,0,,,,,,,,
0,2,25,0,,,,,,,,
0,2,26,0,,,,,,,,
10,2,26,2,1947,1181,3215,3057,1810,1499,,
0,2,26,0,,,,,,,,
56,2,27,1,1639,2102,2321,1475,1236,2020,,
0,2,27,0,,,,,,,,
0,2,27,0,,,,,,,,
0,2,28,0,,,,,,,,
20,2,28,2,1671,2191,2108,1885,2735,1986,,
0,2,28,0,,,,,,,,
52,2,29,1,2317,1372,1837,1420,1986,1173,,
0,2,29,0,,,,,,,,
0,2,29,0,,,,,,,,
0,2,30,0,,,,,,,,
40,2,30,2,2086,1883,2234,2332,2715,2267,,
0,2,30,0,,,,,,,,
30,2,31,1,1929,1340,2178,2230,1356,1562,,
0,2,31,0,,,,,,,,
0,2,31,0,,,,,,,,
0,2,32,0,,,,,,,,
33,2,32,2,1681,2436,1877,1643,1184,1173,,
0,2,32,0,,,,,,,,
43,3,1,1,2217,2374,1889,980,1742,1406,145,
0,3,1,0,,,,,,,,
0,3,1,0,,,,,,,,
0,3,2,0,,,,,,,,
0,3,2,0,,,,,,,,
45,3,2,2,2362,3030,2887,2942,1793,1577,767,
14,3,3,1,2334,1839,924,1833,687,3736,,
0,3,3,0,,,,,,,,
0,3,3,0,,,,,,,,
0,3,4,0,,,,,,,,
0,3,4,0,,,,,,,,
33,3,4,2,3554,4548,808,2426,1486,3200,,
54,3,5,1,948,2107,912,583,1009,1563,,
0,3,5,0,,,,,,,,
0,3,5,0,,,,,,,,
0,3,6,0,,,,,,,,
0,3,6,0,,,,,,,,
49,3,6,2,1497,336,2243,1656,392,1760,145,
19,3,7,1,2825,1700,3628,1994,1111,2340,,
0,3,7,0,,,,,,,,
0,3,7,0,,,,,,,,
0,3,8,0,,,,,,,,
0,3,8,0,,,,,,,,
38,3,8,2,1223,1529,3834,1211,314,3004,,
65,3,9,1,1760,2521,984,1502,912,1924,220,
0,3,9,0,,,,,,,,
0,3,9,0,,,,,,,,
0,3,10,0,,,,,,,,
0,3,10,0,,,,,,,,
56,3,10,2,825,3093,1435,1971,916,2667,142,
64,3,11,1,1999,3916,4153,1972,871,1568,,
0,3,11,0,,,,,,,,
0,3,11,0,,,,,,,,
0,3,12,0,,,,,,,,
8,3,12,2,3220,5683,2212,1976,1433,1454,416,
0,3,12,0,,,,,,,,
31,3,13,1,2719,2284,1586,1323,430,2151,413,
0,3,13,0,,,,,,,,
0,3,13,0,,,,,,,,
0,3,14,0,,,,,,,,
62,3,14,2,1600,1238,2141,1113,650,2070,596,
0,3,14,0,,,,,,,,
6,3,15,1,1859,930,1315,1949,2240,1372,,
0,3,15,0,,,,,,,,
0,3,15,0,,,,,,,,
0,3,16,0,,,,,,,,
36,3,16,2,2754,2360,1364,2057,1682,2467,,
0,3,16,0,,,,,,,,
48,3,17,1,1471,272,739,1544,830,3030,,
0,3,17,0,,,,,,,,
0,3,17,0,,,,,,,,
0,3,18,0,,,,,,,,
7,3,18,2,1506,1714,2153,1326,1511,2747,,
0,3,18,0,,,,,,,,
67,3,19,1,1099,1332,1962,1810,1583,2327,,
0,3,19,0,,,,,,,,
0,3,19,0,,,,,,,,
0,3,20,0,,,,,,,,
58,3,20,2,1717,1206,898,2057,1097,2239,,
0,3,20,0,,,,,,,,
23,3,21,1,1496,1736,1387,960,972,2235,,
0,3,21,0,,,,,,,,
0,3,21,0,,,,,,,,
0,3,22,0,,,,,,,,
63,3,22,2,1439,1193,996,1080,1320,3581,,
0,3,22,0,,,,,,,,
17,3,23,1,2931,2320,2798,2866,1357,1433,,
0,3,23,0,,,,,,,,
0,3,23,0,,,,,,,,
0,3,24,0,,,,,,,,
30,3,24,2,1912,676,1111,1142,215,2137,,
0,3,24,0,,,,,,,,
59,3,25,1,2170,1557,868,1513,1047,1957,,
0,3,25,0,,,,,,,,
0,3,25,0,,,,,,,,
0,3,26,0,,,,,,,,
47,3,26,2,1559,1160,554,1076,1190,1994,,
0,3,26,0,,,,,,,,
42,3,27,1,1830,722,644,1439,936,3474,,
0,3,27,0,,,,,,,,
0,3,27,0,,,,,,,,
0,3,28,0,,,,,,,,
35,3,28,2,2512,1106,2357,3338,2569,4532,,
0,3,28,0,,,,,,,,
12,3,29,1,3767,1302,5325,1273,1468,1453,133,
0,3,29,0,,,,,,,,
0,3,29,0,,,,,,,,
0,3,30,0,,,,,,,,
25,3,30,2,1993,3721,1661,1317,1303,3836,,
0,3,30,0,,,,,,,,
16,3,31,1,4009,3278,2751,583,1054,2410,,
0,3,31,0,,,,,,,,
0,3,31,0,,,,,,,,
0,3,32,0,,,,,,,,
18,3,32,2,1625,1650,1704,960,915,1935,326,
0,3,32,0,,,,,,,,
47,4,1,1,3208,4165,1836,1307,2044,1810,,
0,4,1,0,,,,,,,,
0,4,1,0,,,,,,,,
0,4,2,0,,,,,,,,
0,4,2,0,,,,,,,,
54,4,2,2,2039,1761,3058,1447,1662,1189,,
56,4,3,1,1567,1106,1868,1344,692,2360,,
0,4,3,0,,,,,,,,
0,4,3,0,,,,,,,,
0,4,4,0,,,,,,,,
0,4,4,0,,,,,,,,
27,4,4,2,2633,3681,1402,1430,1438,1938,,
13,4,5,1,4016,2648,1144,1763,1260,1809,,
0,4,5,0,,,,,,,,
0,4,5,0,,,,,,,,
0,4,6,0,,,,,,,,
0,4,6,0,,,,,,,,
64,4,6,2,827,2779,341,3687,1495,1961,162,
31,4,7,1,2784,2060,2052,1836,1515,1500,,
0,4,7,0,,,,,,,,
0,4,7,0,,,,,,,,
0,4,8,0,,,,,,,,
0,4,8,0,,,,,,,,
40,4,8,2,2119,2621,1599,1212,1106,2362,,
44,4,9,1,1176,2413,1138,1062,1369,2265,,
0,4,9,0,,,,,,,,
0,4,9,0,,,,,,,,
0,4,10,0,,,,,,,,
0,4,10,0,,,,,,,,
58,4,10,2,1004,787,1220,1199,1427,1962,,
15,4,11,1,4801,3243,2696,720,1523,2175,,
0,4,11,0,,,,,,,,
0,4,11,0,,,,,,,,
0,4,12,0,,,,,,,,
36,4,12,2,2885,4444,4370,2838,1386,2135,,
0,4,12,0,,,,,,,,
7,4,13,1,2619,3221,2031,1994,1609,1970,,
0,4,13,0,,,,,,,,
0,4,13,0,,,,,,,,
0,4,14,0,,,,,,,,
49,4,14,2,1372,1855,1253,990,781,2688,,
0,4,14,0,,,,,,,,
37,4,15,1,1509,1718,1413,1154,1520,1939,,
0,4,15,0,,,,,,,,
0,4,15,0,,,,,,,,
0,4,16,0,,,,,,,,
35,4,16,2,5028,2815,2285,2005,781,1953,,
0,4,16,0,,,,,,,,
30,4,17,1,7091,3486,2344,956,2403,1695,,
0,4,17,0,,,,,,,,
0,4,17,0,,,,,,,,
0,4,18,0,,,,,,,,
52,4,18,2,1742,4387,3849,2785,781,2158,,
0,4,18,0,,,,,,,,
46,4,19,1,1156,3848,3629,2913,813,2930,,
0,4,19,0,,,,,,,,
0,4,19,0,,,,,,,,
0,4,20,0,,,,,,,,
50,4,20,2,2398,1335,2668,2983,1280,1752,,
0,4,20,0,,,,,,,,
53,4,21,1,2705,1777,2075,3399,1185,1752,,
0,4,21,0,,,,,,,,
0,4,21,0,,,,,,,,
0,4,22,0,,,,,,,,
5,4,22,2,1602,1582,2300,1776,3776,1416,,
0,4,22,0,,,,,,,,
33,4,23,1,2984,2602,4002,1616,1270,2241,,
0,4,23,0,,,,,,,,
0,4,23,0,,,,,,,,
0,4,24,0,,,,,,,,
62,4,24,2,1394,3449,1903,1587,890,1433,,
0,4,24,0,,,,,,,,
6,4,25,1,2453,2572,2634,2444,1463,2096,,
0,4,25,0,,,,,,,,
0,4,25,0,,,,,,,,
0,4,26,0,,,,,,,,
18,4,26,2,4100,4119,3845,3810,2872,1601,,
0,4,26,0,,,,,,,,
17,4,27,1,1725,1432,2060,1676,1526,2043,,
0,4,27,0,,,,,,,,
0,4,27,0,,,,,,,,
0,4,28,0,,,,,,,,
42,4,28,2,3308,3080,3516,3064,2582,2933,,
0,4,28,0,,,,,,,,
43,4,29,1,2002,2712,1889,1223,1616,2789,,
0,4,29,0,,,,,,,,
0,4,29,0,,,,,,,,
0,4,30,0,,,,,,,,
16,4,30,2,3452,2109,2015,1444,1721,2575,,
0,4,30,0,,,,,,,,
29,4,31,1,5266,6169,2315,1349,1115,2373,,
0,4,31,0,,,,,,,,
0,4,31,0,,,,,,,,
0,4,32,0,,,,,,,,
63,4,32,2,2181,3201,3119,1118,1054,1814,,
0,4,32,0,,,,,,,,
67,5,1,1,1641,2562,1314,1966,633,902,,
0,5,1,0,,,,,,,,
0,5,1,0,,,,,,,,
0,5,2,0,,,,,,,,
0,5,2,0,,,,,,,,
35,5,2,2,2390,2248,2349,2578,1727,1040,,
60,5,3,1,2573,1641,1370,934,1182,911,,
0,5,3,0,,,,,,,,
0,5,3,0,,,,,,,,
0,5,4,0,,,,,,,,
0,5,4,0,,,,,,,,
6,5,4,2,3369,4278,3201,1314,2808,1371,,
52,5,5,1,1445,2604,730,1251,1182,1411,,
0,5,5,0,,,,,,,,
0,5,5,0,,,,,,,,
0,5,6,0,,,,,,,,
0,5,6,0,,,,,,,,
43,5,6,2,1166,1399,1015,1022,879,793,,
17,5,7,1,2861,1047,2082,2259,869,973,,
0,5,7,0,,,,,,,,
0,5,7,0,,,,,,,,
0,5,8,0,,,,,,,,
0,5,8,0,,,,,,,,
9,5,8,2,2105,2082,1008,1718,1283,1909,,
64,5,9,1,1993,2480,1716,935,654,953,,
0,5,9,0,,,,,,,,
0,5,9,0,,,,,,,,
0,5,10,0,,,,,,,,
0,5,10,0,,,,,,,,
26,5,10,2,1561,1168,4301,1388,752,863,,
14,5,11,1,3238,1703,1793,548,1093,923,,
0,5,11,0,,,,,,,,
0,5,11,0,,,,,,,,
0,5,12,0,,,,,,,,
42,5,12,2,2872,4927,1352,1520,907,775,,
0,5,12,0,,,,,,,,
57,5,13,1,2211,1143,1641,1766,1902,660,,
0,5,13,0,,,,,,,,
0,5,13,0,,,,,,,,
0,5,14,0,,,,,,,,
66,5,14,2,959,1011,1450,2463,2228,822,,
0,5,14,0,,,,,,,,
19,5,15,1,2243,3136,1523,1092,1321,1216,,
0,5,15,0,,,,,,,,
0,5,15,0,,,,,,,,
0,5,16,0,,,,,,,,
39,5,16,2,2459,1951,2228,3954,642,889,,
0,5,16,0,,,,,,,,
45,5,17,1,3625,2798,2867,821,1511,1436,,
0,5,17,0,,,,,,,,
0,5,17,0,,,,,,,,
0,5,18,0,,,,,,,,
62,5,18,2,1287,1824,1186,831,769,1092,,
0,5,18,0,,,,,,,,
38,5,19,1,1846,3670,2498,1374,1569,1538,,
0,5,19,0,,,,,,,,
0,5,19,0,,,,,,,,
0,5,20,0,,,,,,,,
33,5,20,2,2719,1348,1313,840,1269,1803,,
0,5,20,0,,,,,,,,
59,5,21,1,2298,1442,1766,885,1570,796,,
0,5,21,0,,,,,,,,
0,5,21,0,,,,,,,,
0,5,22,0,,,,,,,,
25,5,22,2,2699,1533,1581,1372,1710,683,,
0,5,22,0,,,,,,,,
50,5,23,1,2127,1670,1109,1025,955,1017,,
0,5,23,0,,,,,,,,
0,5,23,0,,,,,,,,
0,5,24,0,,,,,,,,
11,5,24,2,4754,4107,3080,1521,771,1866,,
0,5,24,0,,,,,,,,
51,5,25,1,1691,1225,1040,1750,923,1475,,
0,5,25,0,,,,,,,,
0,5,25,0,,,,,,,,
0,5,26,0,,,,,,,,
41,5,26,2,2649,2205,2123,1585,1582,994,,
0,5,26,0,,,,,,,,
48,5,27,1,1449,2111,1198,2504,2492,1122,,
0,5,27,0,,,,,,,,
0,5,27,0,,,,,,,,
0,5,28,0,,,,,,,,
34,5,28,2,2342,930,2283,1444,1027,2300,,
0,5,28,0,,,,,,,,
56,5,29,1,2309,2649,1892,1117,1230,1041,,
0,5,29,0,,,,,,,,
0,5,29,0,,,,,,,,
0,5,30,0,,,,,,,,
49,5,30,2,1742,1488,1855,1642,1338,1061,,
0,5,30,0,,,,,,,,
20,5,31,1,1980,1690,1292,1097,1041,1227,,
0,5,31,0,,,,,,,,
0,5,31,0,,,,,,,,
0,5,32,0,,,,,,,,
28,5,32,2,1582,1868,1075,765,1448,373,,
0,5,32,0,,,,,,,,
44,6,1,1,2815,3606,2307,1319,1034,1605,,
0,6,1,0,,,,,,,,
0,6,1,0,,,,,,,,
0,6,2,0,,,,,,,,
0,6,2,0,,,,,,,,
26,6,2,2,4563,3810,2695,1228,1536,928,,
32,6,3,1,2512,2515,1691,1229,1201,1166,,
0,6,3,0,,,,,,,,
0,6,3,0,,,,,,,,
0,6,4,0,,,,,,,,
0,6,4,0,,,,,,,,
34,6,4,2,4019,3389,1359,1666,785,640,,
25,6,5,1,1595,1232,1514,1817,1379,1178,,
0,6,5,0,,,,,,,,
0,6,5,0,,,,,,,,
0,6,6,0,,,,,,,,
0,6,6,0,,,,,,,,
51,6,6,2,2781,1589,2440,2262,1995,1178,,
18,6,7,1,2988,3132,3669,2884,1949,1929,,
0,6,7,0,,,,,,,,
0,6,7,0,,,,,,,,
0,6,8,0,,,,,,,,
0,6,8,0,,,,,,,,
55,6,8,2,1500,2388,2311,1980,2099,1048,,
6,6,9,1,10911,1962,3086,1643,2959,2724,,
0,6,9,0,,,,,,,,
0,6,9,0,,,,,,,,
0,6,10,0,,,,,,,,
0,6,10,0,,,,,,,,
64,6,10,2,1116,2697,4109,1507,1222,1222,,
14,6,11,1,1794,2470,1923,1272,1920,1047,,
0,6,11,0,,,,,,,,
0,6,11,0,,,,,,,,
0,6,12,0,,,,,,,,
19,6,12,2,3735,11113,5282,3071,1716,686,,
0,6,12,0,,,,,,,,
41,6,13,1,4164,2397,1623,1361,1772,503,,
0,6,13,0,,,,,,,,
0,6,13,0,,,,,,,,
0,6,14,0,,,,,,,,
11,6,14,2,4134,2556,4905,3115,2966,648,,
0,6,14,0,,,,,,,,
56,6,15,1,3124,3458,2473,1622,1454,1189,,
0,6,15,0,,,,,,,,
0,6,15,0,,,,,,,,
0,6,16,0,,,,,,,,
60,6,16,2,2882,2259,2195,1191,1346,625,,
0,6,16,0,,,,,,,,
7,6,17,1,3021,1682,2408,1566,1018,1010,,
0,6,17,0,,,,,,,,
0,6,17,0,,,,,,,,
0,6,18,0,,,,,,,,
5,6,18,2,2365,1447,1599,1378,1484,1240,,
0,6,18,0,,,,,,,,
31,6,19,1,1874,3462,2700,2633,1466,1284,,
0,6,19,0,,,,,,,,
0,6,19,0,,,,,,,,
0,6,20,0,,,,,,,,
12,6,20,2,4133,4970,2230,1199,655,911,,
0,6,20,0,,,,,,,,
42,6,21,1,2982,2640,2005,1687,1424,1041,,
0,6,21,0,,,,,,,,
0,6,21,0,,,,,,,,
0,6,22,0,,,,,,,,
30,6,22,2,1639,1952,1926,1406,2295,1191,,
0,6,22,0,,,,,,,,
39,6,23,1,2546,2105,1016,1242,1184,820,,
0,6,23,0,,,,,,,,
0,6,23,0,,,,,,,,
0,6,24,0,,,,,,,,
36,6,24,2,3292,1476,2068,940,738,1202,,
0,6,24,0,,,,,,,,
53,6,25,1,3451,3891,1304,2081,667,899,,
0,6,25,0,,,,,,,,
0,6,25,0,,,,,,,,
0,6,26,0,,,,,,,,
66,6,26,2,3240,2277,1190,1291,1298,807,,
0,6,26,0,,,,,,,,
16,6,27,1,2376,2260,2219,3239,1570,1213,,
0,6,27,0,,,,,,,,
0,6,27,0,,,,,,,,
0,6,28,0,,,,,,,,
40,6,28,2,5179,2770,5378,3265,2619,2065,,
0,6,28,0,,,,,,,,
43,6,29,1,2030,3116,3110,2662,2055,947,,
0,6,29,0,,,,,,,,
0,6,29,0,,,,,,,,
0,6,30,0,,,,,,,,
15,6,30,2,3254,3910,2856,2222,1433,972,,
0,6,30,0,,,,,,,,
28,6,31,1,2936,3270,3596,3086,1922,1601,,
0,6,31,0,,,,,,,,
0,6,31,0,,,,,,,,
0,6,32,0,,,,,,,,
24,6,32,2,2273,1967,3189,2120,2101,818,,
0,6,32,0,,,,,,,,
59,7,1,1,1844,3108,2527,956,1023,1231,,
0,7,1,0,,,,,,,,
0,7,1,0,,,,,,,,
0,7,2,0,,,,,,,,
0,7,2,0,,,,,,,,
53,7,2,2,1952,3637,1811,2730,1772,1172,,
62,7,3,1,1900,791,2471,1000,992,1044,,
0,7,3,0,,,,,,,,
0,7,3,0,,,,,,,,
0,7,4,0,,,,,,,,
0,7,4,0,,,,,,,,
10,7,4,2,1737,3572,1953,2559,1543,2231,,
57,7,5,1,905,2569,1635,1470,737,1122,,
0,7,5,0,,,,,,,,
0,7,5,0,,,,,,,,
0,7,6,0,,,,,,,,
0,7,6,0,,,,,,,,
17,7,6,2,2696,1608,754,1139,1505,1074,,
21,7,7,1,982,2104,1414,933,883,1752,,
0,7,7,0,,,,,,,,
0,7,7,0,,,,,,,,
0,7,8,0,,,,,,,,
0,7,8,0,,,,,,,,
32,7,8,2,1094,2377,1646,294,1003,3293,,
12,7,9,1,3011,3642,2211,1882,1407,2635,,
0,7,9,0,,,,,,,,
0,7,9,0,,,,,,,,
0,7,10,0,,,,,,,,
0,7,10,0,,,,,,,,
55,7,10,2,786,3067,1470,1441,858,1503,,
34,7,11,1,1786,1280,2770,3423,1379,2265,,
0,7,11,0,,,,,,,,
0,7,11,0,,,,,,,,
0,7,12,0,,,,,,,,
47,7,12,2,1472,1810,2322,1532,1164,833,,
0,7,12,0,,,,,,,,
68,7,13,1,2315,1244,2198,3052,833,1099,211,
0,7,13,0,,,,,,,,
0,7,13,0,,,,,,,,
0,7,14,0,,,,,,,,
28,7,14,2,1768,2170,1914,1271,2574,1409,113,
0,7,14,0,,,,,,,,
66,7,15,1,594,1501,1059,1231,800,1335,,
0,7,15,0,,,,,,,,
0,7,15,0,,,,,,,,
0,7,16,0,,,,,,,,
16,7,16,2,3492,2869,2079,1661,936,818,,
0,7,16,0,,,,,,,,
27,7,17,1,2019,2421,1686,1624,1929,2514,,
0,7,17,0,,,,,,,,
0,7,17,0,,,,,,,,
0,7,18,0,,,,,,,,
25,7,18,2,1763,2933,1497,1425,1449,2237,,
0,7,18,0,,,,,,,,
31,7,19,1,1568,2010,1473,197,1780,3184,,
0,7,19,0,,,,,,,,
0,7,19,0,,,,,,,,
0,7,20,0,,,,,,,,
9,7,20,2,2443,3803,2836,1502,1420,2493,,
0,7,20,0,,,,,,,,
40,7,21,1,612,1736,1316,2792,626,1849,,
0,7,21,0,,,,,,,,
0,7,21,0,,,,,,,,
0,7,22,0,,,,,,,,
30,7,22,2,1429,1759,2117,2041,1277,1553,,
0,7,22,0,,,,,,,,
36,7,23,1,2388,1883,1088,2314,877,2560,,
0,7,23,0,,,,,,,,
0,7,23,0,,,,,,,,
0,7,24,0,,,,,,,,
35,7,24,2,722,3189,545,1981,599,1417,,
0,7,24,0,,,,,,,,
52,7,25,1,274,2766,1740,2516,1037,776,,
0,7,25,0,,,,,,,,
0,7,25,0,,,,,,,,
0,7,26,0,,,,,,,,
23,7,26,2,1841,1826,1642,2177,1821,2062,,
0,7,26,0,,,,,,,,
37,7,27,1,1218,1547,1326,1064,2446,1809,,
0,7,27,0,,,,,,,,
0,7,27,0,,,,,,,,
0,7,28,0,,,,,,,,
5,7,28,2,3423,2226,1730,2210,1905,2855,,
0,7,28,0,,,,,,,,
24,7,29,1,1203,2853,2223,3102,923,2533,261,
0,7,29,0,,,,,,,,
0,7,29,0,,,,,,,,
0,7,30,0,,,,,,,,
20,7,30,2,696,2738,2580,2535,1285,1260,,
0,7,30,0,,,,,,,,
8,7,31,1,2143,1748,1781,2157,1461,2144,,
0,7,31,0,,,,,,,,
0,7,31,0,,,,,,,,
0,7,32,0,,,,,,,,
29,7,32,2,698,2731,1608,1021,1307,730,,
0,7,32,0,,,,,,,,
59,8,1,1,1283,7954,2835,1633,1757,2266,231,
0,8,1,0,,,,,,,,
0,8,1,0,,,,,,,,
0,8,2,0,,,,,,,,
0,8,2,0,,,,,,,,
39,8,2,2,5398,1371,1699,1462,1886,893,142,
57,8,3,1,2650,3220,2235,1014,859,3441,,
0,8,3,0,,,,,,,,
0,8,3,0,,,,,,,,
0,8,4,0,,,,,,,,
0,8,4,0,,,,,,,,
40,8,4,2,7466,2606,1566,968,1519,1342,,
43,8,5,1,4168,1593,2046,2114,1432,1514,,
0,8,5,0,,,,,,,,
0,8,5,0,,,,,,,,
0,8,6,0,,,,,,,,
0,8,6,0,,,,,,,,
48,8,6,2,4080,4549,2231,1510,2594,1019,,
8,8,7,1,4327,3195,2167,1357,1420,1229,,
0,8,7,0,,,,,,,,
0,8,7,0,,,,,,,,
0,8,8,0,,,,,,,,
0,8,8,0,,,,,,,,
24,8,8,2,6451,1647,1272,2209,2174,1871,,
55,8,9,1,2256,4895,1405,938,530,2028,368,
0,8,9,0,,,,,,,,
0,8,9,0,,,,,,,,
0,8,10,0,,,,,,,,
0,8,10,0,,,,,,,,
20,8,10,2,2725,1996,1149,1271,1552,738,,
16,8,11,1,5749,1905,1581,990,1751,1437,,
0,8,11,0,,,,,,,,
0,8,11,0,,,,,,,,
0,8,12,0,,,,,,,,
11,8,12,2,5007,3142,1056,1374,1534,1057,,
0,8,12,0,,,,,,,,
51,8,13,1,2678,2485,1565,1145,928,2360,617,
0,8,13,0,,,,,,,,
0,8,13,0,,,,,,,,
0,8,14,0,,,,,,,,
58,8,14,2,2209,1853,2888,1658,1592,2591,1348,
0,8,14,0,,,,,,,,
56,8,15,1,424,3498,1219,1397,481,2625,,
0,8,15,0,,,,,,,,
0,8,15,0,,,,,,,,
0,8,16,0,,,,,,,,
18,8,16,2,6289,2760,2649,1728,1732,1402,,
0,8,16,0,,,,,,,,
65,8,17,1,2757,4953,2459,1269,1486,2007,,
0,8,17,0,,,,,,,,
0,8,17,0,,,,,,,,
0,8,18,0,,,,,,,,
13,8,18,2,5817,3081,2914,1683,1846,1900,,
0,8,18,0,,,,,,,,
21,8,19,1,3468,2011,2302,1187,1716,1870,,
0,8,19,0,,,,,,,,
0,8,19,0,,,,,,,,
0,8,20,0,,,,,,,,
5,8,20,2,4445,1915,3228,2581,1170,1403,,
0,8,20,0,,,,,,,,
64,8,21,1,812,1833,2951,1291,931,3221,,
0,8,21,0,,,,,,,,
0,8,21,0,,,,,,,,
0,8,22,0,,,,,,,,
33,8,22,2,5188,2564,1918,1426,1227,2483,,
0,8,22,0,,,,,,,,
41,8,23,1,2771,1105,2701,1741,1541,2035,,
0,8,23,0,,,,,,,,
0,8,23,0,,,,,,,,
0,8,24,0,,,,,,,,
26,8,24,2,3631,1397,766,1929,914,1977,,
0,8,24,0,,,,,,,,
6,8,25,1,2717,2814,3052,2689,3623,1914,,
0,8,25,0,,,,,,,,
0,8,25,0,,,,,,,,
0,8,26,0,,,,,,,,
49,8,26,2,3159,1703,1693,2890,2138,1050,,
0,8,26,0,,,,,,,,
12,8,27,1,6176,1764,4495,1883,1523,2934,,
0,8,27,0,,,,,,,,
0,8,27,0,,,,,,,,
0,8,28,0,,,,,,,,
28,8,28,2,6743,2871,3483,1457,1744,2853,,
0,8,28,0,,,,,,,,
30,8,29,1,5306,1949,1531,1518,1480,1465,,
0,8,29,0,,,,,,,,
0,8,29,0,,,,,,,,
0,8,30,0,,,,,,,,
53,8,30,2,2872,4332,1336,1893,1027,4105,,
0,8,30,0,,,,,,,,
50,8,31,1,2114,9947,1150,2539,2405,2141,287,
0,8,31,0,,,,,,,,
0,8,31,0,,,,,,,,
0,8,32,0,,,,,,,,
10,8,32,2,5893,2260,1765,948,803,1064,,
0,8,32,0,,,,,,,,
15,9,1,1,4023,5563,1940,1572,1945,1410,,
0,9,1,0,,,,,,,,
0,9,1,0,,,,,,,,
0,9,2,0,,,,,,,,
0,9,2,0,,,,,,,,
63,9,2,2,3015,2949,2702,3327,2128,2371,,
40,9,3,1,1778,2760,3848,1844,1479,2703,,
0,9,3,0,,,,,,,,
0,9,3,0,,,,,,,,
0,9,4,0,,,,,,,,
0,9,4,0,,,,,,,,
24,9,4,2,4038,2411,3714,2504,2232,2386,114,
34,9,5,1,2074,3071,1293,1646,2060,2343,,
0,9,5,0,,,,,,,,
0,9,5,0,,,,,,,,
0,9,6,0,,,,,,,,
0,9,6,0,,,,,,,,
26,9,6,2,3520,1883,3678,2712,1746,2734,,
7,9,7,1,1937,1459,2792,1814,2067,2585,,
0,9,7,0,,,,,,,,
0,9,7,0,,,,,,,,
0,9,8,0,,,,,,,,
0,9,8,0,,,,,,,,
43,9,8,2,2028,1781,1915,2711,1767,3930,,
60,9,9,1,3202,2563,2131,1322,2776,1532,146,
0,9,9,0,,,,,,,,
0,9,9,0,,,,,,,,
0,9,10,0,,,,,,,,
0,9,10,0,,,,,,,,
33,9,10,2,2085,1943,1115,289,2597,3816,,
31,9,11,1,2962,3843,2911,1367,1336,1596,,
0,9,11,0,,,,,,,,
0,9,11,0,,,,,,,,
0,9,12,0,,,,,,,,
21,9,12,2,3897,7465,2058,2831,1585,1745,,
0,9,12,0,,,,,,,,
64,9,13,1,2741,1977,1976,5207,1825,2849,,
0,9,13,0,,,,,,,,
0,9,13,0,,,,,,,,
0,9,14,0,,,,,,,,
66,9,14,2,2633,1479,1965,1419,2780,1791,221,
0,9,14,0,,,,,,,,
61,9,15,1,1444,1318,1682,1402,1157,1253,,
0,9,15,0,,,,,,,,
0,9,15,0,,,,,,,,
0,9,16,0,,,,,,,,
53,9,16,2,2612,1884,2454,1584,750,1870,,
0,9,16,0,,,,,,,,
51,9,17,1,1494,2827,2867,2560,2025,2280,,
0,9,17,0,,,,,,,,
0,9,17,0,,,,,,,,
0,9,18,0,,,,,,,,
9,9,18,2,3810,3820,3333,3152,1911,1965,,
0,9,18,0,,,,,,,,
20,9,19,1,2353,2149,2688,1406,1821,1700,,
0,9,19,0,,,,,,,,
0,9,19,0,,,,,,,,
0,9,20,0,,,,,,,,
36,9,20,2,3004,1695,3302,2067,1468,3080,,
0,9,20,0,,,,,,,,
14,9,21,1,2897,1353,1754,2353,1188,886,95,
0,9,21,0,,,,,,,,
0,9,21,0,,,,,,,,
0,9,22,0,,,,,,,,
17,9,22,2,2237,2592,1504,3089,2876,2413,,
0,9,22,0,,,,,,,,
59,9,23,1,3193,1245,3514,1462,1288,3452,,
0,9,23,0,,,,,,,,
0,9,23,0,,,,,,,,
0,9,24,0,,,,,,,,
39,9,24,2,3464,1923,1892,1713,1358,3260,,
0,9,24,0,,,,,,,,
32,9,25,1,3104,1305,1815,2434,2506,1986,,
0,9,25,0,,,,,,,,
0,9,25,0,,,,,,,,
0,9,26,0,,,,,,,,
67,9,26,2,4575,3568,1468,1837,3346,2407,,
0,9,26,0,,,,,,,,
56,9,27,1,2117,2418,2624,703,3026,2322,,
0,9,27,0,,,,,,,,
0,9,27,0,,,,,,,,
0,9,28,0,,,,,,,,
22,9,28,2,4059,1766,2981,3294,3162,2673,,
0,9,28,0,,,,,,,,
46,9,29,1,2488,2887,3495,1187,2116,1837,,
0,9,29,0,,,,,,,,
0,9,29,0,,,,,,,,
0,9,30,0,,,,,,,,
5,9,30,2,3704,2146,2279,2407,2637,4598,,
0,9,30,0,,,,,,,,
10,9,31,1,1953,3165,2231,1520,1832,2086,,
0,9,31,0,,,,,,,,
0,9,31,0,,,,,,,,
0,9,32,0,,,,,,,,
28,9,32,2,1896,2686,3338,2418,983,1287,,
0,9,32,0,,,,,,,,
35,10,1,1,2379,2137,1696,2647,1611,1694,,
0,10,1,0,,,,,,,,
0,10,1,0,,,,,,,,
0,10,2,0,,,,,,,,
0,10,2,0,,,,,,,,
45,10,2,2,2724,1979,1646,2320,2165,1717,,
30,10,3,1,3354,1465,2505,2084,1063,1740,,
0,10,3,0,,,,,,,,
0,10,3,0,,,,,,,,
0,10,4,0,,,,,,,,
0,10,4,0,,,,,,,,
33,10,4,2,3071,4614,1439,1834,1594,1729,,
21,10,5,1,2885,1692,1626,1578,935,1053,,
0,10,5,0,,,,,,,,
0,10,5,0,,,,,,,,
0,10,6,0,,,,,,,,
0,10,6,0,,,,,,,,
50,10,6,2,1888,1848,2783,2261,1316,1438,,
58,10,7,1,2282,1523,2061,1707,1243,719,,
0,10,7,0,,,,,,,,
0,10,7,0,,,,,,,,
0,10,8,0,,,,,,,,
0,10,8,0,,,,,,,,
47,10,8,2,1230,2212,2287,1441,1598,1363,,
65,10,9,1,1274,2541,1560,1145,1027,1047,,
0,10,9,0,,,,,,,,
0,10,9,0,,,,,,,,
0,10,10,0,,,,,,,,
0,10,10,0,,,,,,,,
8,10,10,2,1648,2667,1475,1165,1738,1536,,
29,10,11,1,3747,2308,1961,1017,1861,3045,,
0,10,11,0,,,,,,,,
0,10,11,0,,,,,,,,
0,10,12,0,,,,,,,,
39,10,12,2,1547,2740,1502,2105,1841,1039,,
0,10,12,0,,,,,,,,
55,10,13,1,2551,1281,1906,2163,1801,768,,
0,10,13,0,,,,,,,,
0,10,13,0,,,,,,,,
0,10,14,0,,,,,,,,
17,10,14,2,3485,1825,4216,2468,2260,2281,,
0,10,14,0,,,,,,,,
61,10,15,1,1668,1480,1694,2140,2200,1084,,
0,10,15,0,,,,,,,,
0,10,15,0,,,,,,,,
0,10,16,0,,,,,,,,
57,10,16,2,2322,2629,2360,1602,1303,813,,
0,10,16,0,,,,,,,,
64,10,17,1,2211,1679,1788,1002,2583,1481,,
0,10,17,0,,,,,,,,
0,10,17,0,,,,,,,,
0,10,18,0,,,,,,,,
32,10,18,2,1550,2126,2783,1536,1228,2165,,
0,10,18,0,,,,,,,,
14,10,19,1,2899,3350,1945,1860,1676,1789,,
0,10,19,0,,,,,,,,
0,10,19,0,,,,,,,,
0,10,20,0,,,,,,,,
12,10,20,2,4909,3017,1925,2956,805,1107,,
0,10,20,0,,,,,,,,
49,10,21,1,2039,1552,1526,1480,1341,873,,
0,10,21,0,,,,,,,,
0,10,21,0,,,,,,,,
0,10,22,0,,,,,,,,
25,10,22,2,1663,1418,1753,997,2331,960,,
0,10,22,0,,,,,,,,
40,10,23,1,2466,2586,1758,1139,1464,1138,,
0,10,23,0,,,,,,,,
0,10,23,0,,,,,,,,
0,10,24,0,,,,,,,,
26,10,24,2,2381,1359,1267,1588,1390,1203,,
0,10,24,0,,,,,,,,
44,10,25,1,2439,1802,2623,2371,1215,1274,,
0,10,25,0,,,,,,,,
0,10,25,0,,,,,,,,
0,10,26,0,,,,,,,,
54,10,26,2,1679,2204,2042,1329,1650,1217,,
0,10,26,0,,,,,,,,
53,10,27,1,2778,1861,2233,1298,1597,1644,,
0,10,27,0,,,,,,,,
0,10,27,0,,,,,,,,
0,10,28,0,,,,,,,,
60,10,28,2,2340,2073,2387,2774,1125,2038,,
0,10,28,0,,,,,,,,
5,10,29,1,2798,2403,2144,1748,2039,1684,,
0,10,29,0,,,,,,,,
0,10,29,0,,,,,,,,
0,10,30,0,,,,,,,,
52,10,30,2,2295,1944,1349,1948,1502,2532,,
0,10,30,0,,,,,,,,
6,10,31,1,3696,5571,3029,1495,1792,1492,,
0,10,31,0,,,,,,,,
0,10,31,0,,,,,,,,
0,10,32,0,,,,,,,,
23,10,32,2,2075,2283,1688,1636,1109,1254,,
0,10,32,0,,,,,,,,
10,11,1,1,3495,1780,1198,1047,1546,1175,,
0,11,1,0,,,,,,,,
0,11,1,0,,,,,,,,
0,11,2,0,,,,,,,,
0,11,2,0,,,,,,,,
22,11,2,2,1786,2625,2818,3547,1158,634,,
57,11,3,1,1820,1098,832,817,481,1526,,
0,11,3,0,,,,,,,,
0,11,3,0,,,,,,,,
0,11,4,0,,,,,,,,
0,11,4,0,,,,,,,,
61,11,4,2,900,2804,1733,1263,1593,1542,,
46,11,5,1,1206,1070,866,775,775,747,,
0,11,5,0,,,,,,,,
0,11,5,0,,,,,,,,
0,11,6,0,,,,,,,,
0,11,6,0,,,,,,,,
64,11,6,2,1370,736,2113,684,1164,641,,
17,11,7,1,1661,1543,1899,1309,986,993,,
0,11,7,0,,,,,,,,
0,11,7,0,,,,,,,,
0,11,8,0,,,,,,,,
0,11,8,0,,,,,,,,
6,11,8,2,1739,2247,831,1603,1723,1983,,
29,11,9,1,941,1463,1158,1598,2180,1485,,
0,11,9,0,,,,,,,,
0,11,9,0,,,,,,,,
0,11,10,0,,,,,,,,
0,11,10,0,,,,,,,,
44,11,10,2,952,1764,1309,1185,1020,676,,
24,11,11,1,1803,1780,1837,650,1623,1043,,
0,11,11,0,,,,,,,,
0,11,11,0,,,,,,,,
0,11,12,0,,,,,,,,
26,11,12,2,1050,1257,1173,1446,1114,876,,
0,11,12,0,,,,,,,,
51,11,13,1,1781,939,1121,780,2020,978,,
0,11,13,0,,,,,,,,
0,11,13,0,,,,,,,,
0,11,14,0,,,,,,,,
52,11,14,2,1300,698,1697,1965,744,499,,
0,11,14,0,,,,,,,,
34,11,15,1,948,1334,1028,838,854,764,,
0,11,15,0,,,,,,,,
0,11,15,0,,,,,,,,
0,11,16,0,,,,,,,,
33,11,16,2,1500,1158,1951,1497,1567,968,,
0,11,16,0,,,,,,,,
20,11,17,1,2584,2535,2222,989,1036,937,,
0,11,17,0,,,,,,,,
0,11,17,0,,,,,,,,
0,11,18,0,,,,,,,,
12,11,18,2,1372,1778,3465,2431,1401,1634,,
0,11,18,0,,,,,,,,
21,11,19,1,1332,2422,1433,754,1088,1267,,
0,11,19,0,,,,,,,,
0,11,19,0,,,,,,,,
0,11,20,0,,,,,,,,
67,11,20,2,1653,1675,2406,1864,1375,716,,
0,11,20,0,,,,,,,,
32,11,21,1,1405,813,1984,988,1572,707,,
0,11,21,0,,,,,,,,
0,11,21,0,,,,,,,,
0,11,22,0,,,,,,,,
13,11,22,2,1428,1531,1096,1065,1470,744,,
0,11,22,0,,,,,,,,
54,11,23,1,1724,857,1020,1189,819,966,,
0,11,23,0,,,,,,,,
0,11,23,0,,,,,,,,
0,11,24,0,,,,,,,,
25,11,24,2,1829,1977,1586,1784,1294,1112,,
0,11,24,0,,,,,,,,
39,11,25,1,1787,1941,1181,935,795,949,,
0,11,25,0,,,,,,,,
0,11,25,0,,,,,,,,
0,11,26,0,,,,,,,,
55,11,26,2,651,690,949,1314,1642,883,,
0,11,26,0,,,,,,,,
50,11,27,1,1088,900,688,664,1382,952,,
0,11,27,0,,,,,,,,
0,11,27,0,,,,,,,,
0,11,28,0,,,,,,,,
48,11,28,2,2172,1071,2607,1182,1386,1523,,
0,11,28,0,,,,,,,,
40,11,29,1,2980,1168,1332,1160,1358,731,,
0,11,29,0,,,,,,,,
0,11,29,0,,,,,,,,
0,11,30,0,,,,,,,,
31,11,30,2,3377,1958,1470,908,1230,669,,
0,11,30,0,,,,,,,,
53,11,31,1,1685,2048,2167,1324,730,727,,
0,11,31,0,,,,,,,,
0,11,31,0,,,,,,,,
0,11,32,0,,,,,,,,
35,11,32,2,754,1551,1735,1283,1166,449,,
0,11,32,0,,,,,,,,
5,12,1,1,3873,2390,1169,1315,2199,1254,,
0,12,1,0,,,,,,,,
0,12,1,0,,,,,,,,
0,12,2,0,,,,,,,,
0,12,2,0,,,,,,,,
46,12,2,2,2042,3314,1377,1122,1320,1420,,
55,12,3,1,1493,1118,1056,1244,811,1148,,
0,12,3,0,,,,,,,,
0,12,3,0,,,,,,,,
0,12,4,0,,,,,,,,
0,12,4,0,,,,,,,,
34,12,4,2,1192,1986,1343,1372,1318,1573,,
31,12,5,1,2859,2696,2764,1018,967,1185,,
0,12,5,0,,,,,,,,
0,12,5,0,,,,,,,,
0,12,6,0,,,,,,,,
0,12,6,0,,,,,,,,
61,12,6,2,2180,1147,1234,3038,833,1413,,
17,12,7,1,2333,1220,1525,1287,1919,1454,,
0,12,7,0,,,,,,,,
0,12,7,0,,,,,,,,
0,12,8,0,,,,,,,,
0,12,8,0,,,,,,,,
38,12,8,2,2891,1216,894,926,939,1533,,
23,12,9,1,1257,1620,908,983,1371,1770,,
0,12,9,0,,,,,,,,
0,12,9,0,,,,,,,,
0,12,10,0,,,,,,,,
0,12,10,0,,,,,,,,
12,12,10,2,2047,1153,1644,1120,1611,1927,,
67,12,11,1,2280,3085,1799,1248,766,1175,,
0,12,11,0,,,,,,,,
0,12,11,0,,,,,,,,
0,12,12,0,,,,,,,,
11,12,12,2,1257,1713,1272,1900,2839,614,,
0,12,12,0,,,,,,,,
15,12,13,1,2842,950,1771,2664,3324,812,,
0,12,13,0,,,,,,,,
0,12,13,0,,,,,,,,
0,12,14,0,,,,,,,,
41,12,14,2,1771,2002,2094,554,1819,2630,,
0,12,14,0,,,,,,,,
26,12,15,1,2128,1399,1162,1948,2404,1978,,
0,12,15,0,,,,,,,,
0,12,15,0,,,,,,,,
0,12,16,0,,,,,,,,
33,12,16,2,2378,2368,2236,1232,1550,860,,
0,12,16,0,,,,,,,,
48,12,17,1,3083,3252,2582,1018,899,1104,,
0,12,17,0,,,,,,,,
0,12,17,0,,,,,,,,
0,12,18,0,,,,,,,,
42,12,18,2,1192,2386,1339,1836,774,1293,,
0,12,18,0,,,,,,,,
66,12,19,1,1942,1835,1213,913,1359,1693,,
0,12,19,0,,,,,,,,
0,12,19,0,,,,,,,,
0,12,20,0,,,,,,,,
22,12,20,2,3095,1917,1380,1038,1102,1103,,
0,12,20,0,,,,,,,,
58,12,21,1,2652,822,1392,641,860,942,,
0,12,21,0,,,,,,,,
0,12,21,0,,,,,,,,
0,12,22,0,,,,,,,,
8,12,22,2,2502,3010,2883,2048,989,1550,,
0,12,22,0,,,,,,,,
57,12,23,1,1488,975,1808,915,705,1035,,
0,12,23,0,,,,,,,,
0,12,23,0,,,,,,,,
0,12,24,0,,,,,,,,
21,12,24,2,1953,1166,1647,1161,1927,1894,,
0,12,24,0,,,,,,,,
14,12,25,1,2613,2087,1264,1138,1253,2252,,
0,12,25,0,,,,,,,,
0,12,25,0,,,,,,,,
0,12,26,0,,,,,,,,
19,12,26,2,3725,3045,1813,1431,1676,797,,
0,12,26,0,,,,,,,,
30,12,27,1,4000,2474,2370,994,1960,1715,,
0,12,27,0,,,,,,,,
0,12,27,0,,,,,,,,
0,12,28,0,,,,,,,,
10,12,28,2,2282,2613,1716,1686,2463,2286,,
0,12,28,0,,,,,,,,
9,12,29,1,3283,2242,2674,2977,2310,837,,
0,12,29,0,,,,,,,,
0,12,29,0,,,,,,,,
0,12,30,0,,,,,,,,
63,12,30,2,2822,1636,1760,2948,901,1123,,
0,12,30,0,,,,,,,,
49,12,31,1,1431,1805,2018,1172,945,1122,,
0,12,31,0,,,,,,,,
0,12,31,0,,,,,,,,
0,12,32,0,,,,,,,,
45,12,32,2,2605,3218,2347,1567,1028,832,,
0,12,32,0,,,,,,,,
27,13,1,1,1898,2174,1414,1716,1439,1532,,
0,13,1,0,,,,,,,,
0,13,1,0,,,,,,,,
0,13,2,0,,,,,,,,
0,13,2,0,,,,,,,,
44,13,2,2,2392,4233,5121,4180,3702,1239,,
58,13,3,1,2722,2211,1831,2844,1886,2907,,
0,13,3,0,,,,,,,,
0,13,3,0,,,,,,,,
0,13,4,0,,,,,,,,
0,13,4,0,,,,,,,,
52,13,4,2,1991,2762,2130,3212,2162,1393,,
10,13,5,1,2918,2784,2276,1003,2376,1224,,
0,13,5,0,,,,,,,,
0,13,5,0,,,,,,,,
0,13,6,0,,,,,,,,
0,13,6,0,,,,,,,,
14,13,6,2,3713,3159,1770,1528,1003,1641,,
41,13,7,1,1916,1454,2050,1460,1356,1588,,
0,13,7,0,,,,,,,,
0,13,7,0,,,,,,,,
0,13,8,0,,,,,,,,
0,13,8,0,,,,,,,,
12,13,8,2,2931,2238,1267,1634,1692,3922,,
21,13,9,1,1852,3283,2438,1193,1386,1728,,
0,13,9,0,,,,,,,,
0,13,9,0,,,,,,,,
0,13,10,0,,,,,,,,
0,13,10,0,,,,,,,,
56,13,10,2,1377,1650,1374,1624,1378,1508,,
7,13,11,1,1734,2315,1854,1276,1123,2155,,
0,13,11,0,,,,,,,,
0,13,11,0,,,,,,,,
0,13,12,0,,,,,,,,
8,13,12,2,2057,2952,2003,2232,659,1613,,
0,13,12,0,,,,,,,,
54,13,13,1,5563,3197,3418,2401,3340,1454,,
0,13,13,0,,,,,,,,
0,13,13,0,,,,,,,,
0,13,14,0,,,,,,,,
15,13,14,2,2302,1604,2142,2643,1513,862,,
0,13,14,0,,,,,,,,
30,13,15,1,1440,1212,1561,2058,1803,1412,,
0,13,15,0,,,,,,,,
0,13,15,0,,,,,,,,
0,13,16,0,,,,,,,,
28,13,16,2,2282,2404,2443,2015,1062,1176,,
0,13,16,0,,,,,,,,
20,13,17,1,3607,4114,2625,1387,1117,1714,,
0,13,17,0,,,,,,,,
0,13,17,0,,,,,,,,
0,13,18,0,,,,,,,,
47,13,18,2,2427,2406,1369,1326,1337,1525,,
0,13,18,0,,,,,,,,
38,13,19,1,6048,2201,2326,1381,1666,2333,,
0,13,19,0,,,,,,,,
0,13,19,0,,,,,,,,
0,13,20,0,,,,,,,,
66,13,20,2,2041,1895,2664,2841,1251,1921,,
0,13,20,0,,,,,,,,
50,13,21,1,2009,1904,2330,2660,2011,1497,,
0,13,21,0,,,,,,,,
0,13,21,0,,,,,,,,
0,13,22,0,,,,,,,,
32,13,22,2,2304,1563,1912,1282,2130,1479,,
0,13,22,0,,,,,,,,
45,13,23,1,3869,4397,1660,2068,1614,1710,,
0,13,23,0,,,,,,,,
0,13,23,0,,,,,,,,
0,13,24,0,,,,,,,,
49,13,24,2,2786,1929,1993,1147,949,2167,,
0,13,24,0,,,,,,,,
65,13,25,1,2434,1956,3276,1504,1187,1368,,
0,13,25,0,,,,,,,,
0,13,25,0,,,,,,,,
0,13,26,0,,,,,,,,
23,13,26,2,2740,1457,1556,1747,2741,1567,,
0,13,26,0,,,,,,,,
60,13,27,1,1915,1786,2067,1850,1585,2579,,
0,13,27,0,,,,,,,,
0,13,27,0,,,,,,,,
0,13,28,0,,,,,,,,
33,13,28,2,2085,1449,1793,1484,1367,2589,,
0,13,28,0,,,,,,,,
48,13,29,1,2035,2098,2098,1440,1914,1255,,
0,13,29,0,,,,,,,,
0,13,29,0,,,,,,,,
0,13,30,0,,,,,,,,
37,13,30,2,3648,2465,2160,1842,1368,1853,,
0,13,30,0,,,,,,,,
42,13,31,1,2251,1891,2026,2428,1644,1933,,
0,13,31,0,,,,,,,,
0,13,31,0,,,,,,,,
0,13,32,0,,,,,,,,
17,13,32,2,1662,1784,1733,1424,1601,919,,
0,13,32,0,,,,,,,,
22,14,1,1,1378,1710,1920,749,1321,1480,,
0,14,1,0,,,,,,,,
0,14,1,0,,,,,,,,
0,14,2,0,,,,,,,,
0,14,2,0,,,,,,,,
8,14,2,2,2861,2997,3212,1666,1437,921,,
57,14,3,1,2455,1757,1035,1048,679,1346,,
0,14,3,0,,,,,,,,
0,14,3,0,,,,,,,,
0,14,4,0,,,,,,,,
0,14,4,0,,,,,,,,
13,14,4,2,3133,1800,1539,1309,799,1254,,
44,14,5,1,4186,2262,1102,993,644,927,,
0,14,5,0,,,,,,,,
0,14,5,0,,,,,,,,
0,14,6,0,,,,,,,,
0,14,6,0,,,,,,,,
18,14,6,2,1338,1141,1381,633,970,1291,,
24,14,7,1,3138,1442,1725,1426,742,1256,,
0,14,7,0,,,,,,,,
0,14,7,0,,,,,,,,
0,14,8,0,,,,,,,,
0,14,8,0,,,,,,,,
39,14,8,2,963,1085,760,788,1292,1675,,
5,14,9,1,1606,1576,1372,1380,1505,1579,,
0,14,9,0,,,,,,,,
0,14,9,0,,,,,,,,
0,14,10,0,,,,,,,,
0,14,10,0,,,,,,,,
15,14,10,2,2225,2548,1426,1154,1460,1055,,
32,14,11,1,1534,1229,1543,501,906,1608,,
0,14,11,0,,,,,,,,
0,14,11,0,,,,,,,,
0,14,12,0,,,,,,,,
46,14,12,2,1871,1692,1412,1471,1379,471,,
0,14,12,0,,,,,,,,
49,14,13,1,1891,1176,1640,1010,2235,860,,
0,14,13,0,,,,,,,,
0,14,13,0,,,,,,,,
0,14,14,0,,,,,,,,
65,14,14,2,721,886,1208,1725,992,2378,,
0,14,14,0,,,,,,,,
17,14,15,1,1127,1837,962,1232,1456,1500,,
0,14,15,0,,,,,,,,
0,14,15,0,,,,,,,,
0,14,16,0,,,,,,,,
43,14,16,2,1191,1135,2308,1182,1150,1105,,
0,14,16,0,,,,,,,,
26,14,17,1,1275,1108,1054,954,2356,1681,,
0,14,17,0,,,,,,,,
0,14,17,0,,,,,,,,
0,14,18,0,,,,,,,,
41,14,18,2,1191,1742,1237,1165,939,1359,,
0,14,18,0,,,,,,,,
12,14,19,1,2544,1854,2943,1245,1391,1791,,
0,14,19,0,,,,,,,,
0,14,19,0,,,,,,,,
0,14,20,0,,,,,,,,
53,14,20,2,1354,1755,2377,1337,1026,1613,,
0,14,20,0,,,,,,,,
61,14,21,1,1752,883,1492,1423,1137,1118,,
0,14,21,0,,,,,,,,
0,14,21,0,,,,,,,,
0,14,22,0,,,,,,,,
66,14,22,2,3011,2202,1705,1399,2206,1246,,
0,14,22,0,,,,,,,,
67,14,23,1,3918,1666,1691,1137,867,1431,,
0,14,23,0,,,,,,,,
0,14,23,0,,,,,,,,
0,14,24,0,,,,,,,,
55,14,24,2,1442,712,1415,899,563,1605,,
0,14,24,0,,,,,,,,
52,14,25,1,944,954,857,972,762,2228,,
0,14,25,0,,,,,,,,
0,14,25,0,,,,,,,,
0,14,26,0,,,,,,,,
28,14,26,2,1471,1212,1918,1587,1376,2658,,
0,14,26,0,,,,,,,,
60,14,27,1,2322,868,2741,1882,647,2064,,
0,14,27,0,,,,,,,,
0,14,27,0,,,,,,,,
0,14,28,0,,,,,,,,
10,14,28,2,2516,2313,2216,1491,1476,1621,,
0,14,28,0,,,,,,,,
54,14,29,1,2626,2824,1536,1094,1234,2462,,
0,14,29,0,,,,,,,,
0,14,29,0,,,,,,,,
0,14,30,0,,,,,,,,
20,14,30,2,1690,2674,1696,1646,1629,2364,,
0,14,30,0,,,,,,,,
36,14,31,1,1686,2335,2263,819,1145,1363,,
0,14,31,0,,,,,,,,
0,14,31,0,,,,,,,,
0,14,32,0,,,,,,,,
21,14,32,2,1799,3194,1538,2283,1514,672,,
0,14,32,0,,,,,,,,
63,15,1,1,1272,1414,732,1140,874,1187,,
0,15,1,0,,,,,,,,
0,15,1,0,,,,,,,,
0,15,2,0,,,,,,,,
0,15,2,0,,,,,,,,
23,15,2,2,1396,1110,2421,1296,1365,464,,
41,15,3,1,1403,825,849,870,809,877,,
0,15,3,0,,,,,,,,
0,15,3,0,,,,,,,,
0,15,4,0,,,,,,,,
0,15,4,0,,,,,,,,
45,15,4,2,1287,1832,1511,1105,779,904,,
39,15,5,1,1081,653,524,802,741,784,,
0,15,5,0,,,,,,,,
0,15,5,0,,,,,,,,
0,15,6,0,,,,,,,,
0,15,6,0,,,,,,,,
10,15,6,2,1361,1244,1108,1063,929,1255,,
5,15,7,1,1727,889,841,898,1104,1892,,
0,15,7,0,,,,,,,,
0,15,7,0,,,,,,,,
0,15,8,0,,,,,,,,
0,15,8,0,,,,,,,,
55,15,8,2,974,1155,1052,921,1097,1019,,
59,15,9,1,1196,1150,1011,885,897,831,,
0,15,9,0,,,,,,,,
0,15,9,0,,,,,,,,
0,15,10,0,,,,,,,,
0,15,10,0,,,,,,,,
57,15,10,2,1421,2053,1719,1947,1326,918,,
65,15,11,1,1449,2265,2356,1167,968,1276,,
0,15,11,0,,,,,,,,
0,15,11,0,,,,,,,,
0,15,12,0,,,,,,,,
26,15,12,2,1046,749,1181,1633,1348,931,,
0,15,12,0,,,,,,,,
30,15,13,1,1238,673,1374,619,973,1041,,
0,15,13,0,,,,,,,,
0,15,13,0,,,,,,,,
0,15,14,0,,,,,,,,
53,15,14,2,934,571,1305,1086,1151,852,,
0,15,14,0,,,,,,,,
43,15,15,1,796,736,792,863,724,953,,
0,15,15,0,,,,,,,,
0,15,15,0,,,,,,,,
0,15,16,0,,,,,,,,
18,15,16,2,1469,767,2777,1077,574,864,,
0,15,16,0,,,,,,,,
8,15,17,1,1279,1181,1320,1039,1015,1709,,
0,15,17,0,,,,,,,,
0,15,17,0,,,,,,,,
0,15,18,0,,,,,,,,
37,15,18,2,1085,832,1717,1444,953,1100,,
0,15,18,0,,,,,,,,
27,15,19,1,1228,1350,1020,1015,1000,1537,,
0,15,19,0,,,,,,,,
0,15,19,0,,,,,,,,
0,15,20,0,,,,,,,,
49,15,20,2,1637,1140,1768,945,859,507,,
0,15,20,0,,,,,,,,
17,15,21,1,1369,1010,870,1333,864,871,,
0,15,21,0,,,,,,,,
0,15,21,0,,,,,,,,
0,15,22,0,,,,,,,,
54,15,22,2,837,1272,1542,1094,1155,704,,
0,15,22,0,,,,,,,,
22,15,23,1,1157,946,1000,982,744,690,,
0,15,23,0,,,,,,,,
0,15,23,0,,,,,,,,
0,15,24,0,,,,,,,,
7,15,24,2,1889,1135,1352,1079,1124,1898,,
0,15,24,0,,,,,,,,
12,15,25,1,2270,1693,1490,1615,1089,960,,
0,15,25,0,,,,,,,,
0,15,25,0,,,,,,,,
0,15,26,0,,,,,,,,
36,15,26,2,1742,1525,1007,777,1089,846,,
0,15,26,0,,,,,,,,
9,15,27,1,1409,1279,1116,1773,2084,1710,,
0,15,27,0,,,,,,,,
0,15,27,0,,,,,,,,
0,15,28,0,,,,,,,,
20,15,28,2,1290,1086,2936,1485,1509,1076,,
0,15,28,0,,,,,,,,
19,15,29,1,1862,1182,1932,1184,1271,983,,
0,15,29,0,,,,,,,,
0,15,29,0,,,,,,,,
0,15,30,0,,,,,,,,
33,15,30,2,1574,1426,1300,1234,1023,772,,
0,15,30,0,,,,,,,,
62,15,31,1,908,1289,1005,1105,786,546,,
0,15,31,0,,,,,,,,
0,15,31,0,,,,,,,,
0,15,32,0,,,,,,,,
25,15,32,2,1166,1014,2343,1558,1271,654,,
0,15,32,0,,,,,,,,
59,16,1,1,2147,3052,1185,1369,1702,1385,,
0,16,1,0,,,,,,,,
0,16,1,0,,,,,,,,
0,16,2,0,,,,,,,,
0,16,2,0,,,,,,,,
19,16,2,2,2196,2004,1571,2451,2016,1310,,
33,16,3,1,4122,2263,1849,2230,1777,1878,,
0,16,3,0,,,,,,,,
0,16,3,0,,,,,,,,
0,16,4,0,,,,,,,,
0,16,4,0,,,,,,,,
24,16,4,2,1408,2682,1741,1249,1609,1895,,
5,16,5,1,2325,2030,1692,1917,1275,2519,,
0,16,5,0,,,,,,,,
0,16,5,0,,,,,,,,
0,16,6,0,,,,,,,,
0,16,6,0,,,,,,,,
31,16,6,2,2048,2251,1515,1287,2382,4225,,
41,16,7,1,2007,1098,2278,1609,2002,1444,,
0,16,7,0,,,,,,,,
0,16,7,0,,,,,,,,
0,16,8,0,,,,,,,,
0,16,8,0,,,,,,,,
47,16,8,2,2043,1917,996,1587,1509,1800,,
49,16,9,1,1399,1997,993,1238,1260,1434,,
0,16,9,0,,,,,,,,
0,16,9,0,,,,,,,,
0,16,10,0,,,,,,,,
0,16,10,0,,,,,,,,
37,16,10,2,1672,2051,1635,1738,1024,1046,,
15,16,11,1,1880,1740,1496,1334,1013,1699,,
0,16,11,0,,,,,,,,
0,16,11,0,,,,,,,,
0,16,12,0,,,,,,,,
36,16,12,2,1752,2501,1756,2102,2789,1683,,
0,16,12,0,,,,,,,,
26,16,13,1,2206,1628,1703,1393,1923,1202,,
0,16,13,0,,,,,,,,
0,16,13,0,,,,,,,,
0,16,14,0,,,,,,,,
14,16,14,2,2346,2085,1224,1489,2507,3230,,
0,16,14,0,,,,,,,,
45,16,15,1,1787,1131,1514,2384,3012,1896,,
0,16,15,0,,,,,,,,
0,16,15,0,,,,,,,,
0,16,16,0,,,,,,,,
7,16,16,2,2725,2133,2807,1721,1180,1641,,
0,16,16,0,,,,,,,,
18,16,17,1,2567,2506,1657,2109,2138,2938,,
0,16,17,0,,,,,,,,
0,16,17,0,,,,,,,,
0,16,18,0,,,,,,,,
46,16,18,2,1694,2595,2613,2014,1727,2696,,
0,16,18,0,,,,,,,,
13,16,19,1,2021,3366,2566,1343,1573,3332,,
0,16,19,0,,,,,,,,
0,16,19,0,,,,,,,,
0,16,20,0,,,,,,,,
23,16,20,2,1993,2136,2115,1928,1089,1557,,
0,16,20,0,,,,,,,,
27,16,21,1,2524,1269,2228,1716,1703,1133,,
0,16,21,0,,,,,,,,
0,16,21,0,,,,,,,,
0,16,22,0,,,,,,,,
30,16,22,2,1628,1588,1372,1323,1086,1570,,
0,16,22,0,,,,,,,,
28,16,23,1,2112,1612,1470,1609,1426,2358,,
0,16,23,0,,,,,,,,
0,16,23,0,,,,,,,,
0,16,24,0,,,,,,,,
40,16,24,2,1918,1957,1364,1095,1059,1799,,
0,16,24,0,,,,,,,,
43,16,25,1,1678,1654,1457,1864,970,1202,,
0,16,25,0,,,,,,,,
0,16,25,0,,,,,,,,
0,16,26,0,,,,,,,,
53,16,26,2,1814,1279,1350,1258,1162,1373,,
0,16,26,0,,,,,,,,
8,16,27,1,2037,2287,2128,2551,1879,2138,,
0,16,27,0,,,,,,,,
0,16,27,0,,,,,,,,
0,16,28,0,,,,,,,,
44,16,28,2,2822,1276,1416,1311,1535,2337,,
0,16,28,0,,,,,,,,
16,16,29,1,3709,1503,2268,1514,2217,2951,,
0,16,29,0,,,,,,,,
0,16,29,0,,,,,,,,
0,16,30,0,,,,,,,,
12,16,30,2,3236,2389,1976,2515,2292,2959,,
0,16,30,0,,,,,,,,
17,16,31,1,1624,1874,1762,2188,1093,1750,,
0,16,31,0,,,,,,,,
0,16,31,0,,,,,,,,
0,16,32,0,,,,,,,,
35,16,32,2,2504,2127,1787,1369,1017,1242,,
0,16,32,0,,,,,,,,
63,17,1,1,2286,2660,1441,1545,851,862,,
0,17,1,0,,,,,,,,
0,17,1,0,,,,,,,,
0,17,2,0,,,,,,,,
0,17,2,0,,,,,,,,
10,17,2,2,3498,2213,4358,1276,1167,773,,
56,17,3,1,3255,820,1383,756,736,2559,,
0,17,3,0,,,,,,,,
0,17,3,0,,,,,,,,
0,17,4,0,,,,,,,,
0,17,4,0,,,,,,,,
26,17,4,2,1934,2911,3761,2547,1434,1052,,
44,17,5,1,2554,1799,1135,1629,700,877,,
0,17,5,0,,,,,,,,
0,17,5,0,,,,,,,,
0,17,6,0,,,,,,,,
0,17,6,0,,,,,,,,
27,17,6,2,2155,1958,1924,1311,1078,1350,,
22,17,7,1,2680,1637,1686,1358,1416,2520,,
0,17,7,0,,,,,,,,
0,17,7,0,,,,,,,,
0,17,8,0,,,,,,,,
0,17,8,0,,,,,,,,
60,17,8,2,1387,1210,925,828,1405,1887,,
18,17,9,1,1606,1334,1148,416,585,971,,
0,17,9,0,,,,,,,,
0,17,9,0,,,,,,,,
0,17,10,0,,,,,,,,
0,17,10,0,,,,,,,,
17,17,10,2,1341,1392,764,930,1489,1330,,
36,17,11,1,1724,1412,1221,1653,916,1285,,
0,17,11,0,,,,,,,,
0,17,11,0,,,,,,,,
0,17,12,0,,,,,,,,
42,17,12,2,2086,1464,995,605,1374,592,,
0,17,12,0,,,,,,,,
57,17,13,1,2216,1548,1700,933,1219,374,,
0,17,13,0,,,,,,,,
0,17,13,0,,,,,,,,
0,17,14,0,,,,,,,,
20,17,14,2,1827,1095,1659,1013,1083,487,,
0,17,14,0,,,,,,,,
16,17,15,1,2636,2129,1654,1123,1604,1240,,
0,17,15,0,,,,,,,,
0,17,15,0,,,,,,,,
0,17,16,0,,,,,,,,
15,17,16,2,1837,2114,2783,1914,1228,629,,
0,17,16,0,,,,,,,,
6,17,17,1,1646,2655,1904,1422,573,1284,,
0,17,17,0,,,,,,,,
0,17,17,0,,,,,,,,
0,17,18,0,,,,,,,,
37,17,18,2,2193,1938,1250,920,849,936,,
0,17,18,0,,,,,,,,
48,17,19,1,2231,1173,1328,609,1510,892,,
0,17,19,0,,,,,,,,
0,17,19,0,,,,,,,,
0,17,20,0,,,,,,,,
23,17,20,2,4533,1807,1813,1835,1015,1014,,
0,17,20,0,,,,,,,,
43,17,21,1,1544,631,971,1109,1097,2345,,
0,17,21,0,,,,,,,,
0,17,21,0,,,,,,,,
0,17,22,0,,,,,,,,
13,17,22,2,2045,2899,4209,2249,750,2383,,
0,17,22,0,,,,,,,,
12,17,23,1,2010,2263,1534,901,984,827,,
0,17,23,0,,,,,,,,
0,17,23,0,,,,,,,,
0,17,24,0,,,,,,,,
25,17,24,2,2079,1211,1018,938,870,1212,,
0,17,24,0,,,,,,,,
59,17,25,1,1875,1486,817,850,852,1888,,
0,17,25,0,,,,,,,,
0,17,25,0,,,,,,,,
0,17,26,0,,,,,,,,
29,17,26,2,1650,1601,1270,1483,495,475,,
0,17,26,0,,,,,,,,
41,17,27,1,2380,1472,1330,589,1417,1721,,
0,17,27,0,,,,,,,,
0,17,27,0,,,,,,,,
0,17,28,0,,,,,,,,
33,17,28,2,3400,1360,2473,1204,2087,4196,,
0,17,28,0,,,,,,,,
39,17,29,1,2050,1244,1241,824,1044,700,,
0,17,29,0,,,,,,,,
0,17,29,0,,,,,,,,
0,17,30,0,,,,,,,,
55,17,30,2,3177,1283,1635,1418,1794,863,,
0,17,30,0,,,,,,,,
31,17,31,1,1851,3048,1036,1244,1260,952,,
0,17,31,0,,,,,,,,
0,17,31,0,,,,,,,,
0,17,32,0,,,,,,,,
14,17,32,2,1802,1552,871,769,821,540,,
0,17,32,0,,,,,,,,
6,18,1,1,6254,5286,2203,2997,1094,2385,,
0,18,1,0,,,,,,,,
0,18,1,0,,,,,,,,
0,18,2,0,,,,,,,,
0,18,2,0,,,,,,,,
42,18,2,2,3453,2316,1617,2358,3460,1794,,
63,18,3,1,2069,1748,1191,4683,2336,3261,,
0,18,3,0,,,,,,,,
0,18,3,0,,,,,,,,
0,18,4,0,,,,,,,,
0,18,4,0,,,,,,,,
12,18,4,2,2647,6012,3273,1465,2243,1967,,
48,18,5,1,3594,2302,1629,2965,1513,1241,,
0,18,5,0,,,,,,,,
0,18,5,0,,,,,,,,
0,18,6,0,,,,,,,,
0,18,6,0,,,,,,,,
59,18,6,2,3341,3719,1663,1358,1685,1425,,
22,18,7,1,1989,2188,1465,3322,1788,1880,,
0,18,7,0,,,,,,,,
0,18,7,0,,,,,,,,
0,18,8,0,,,,,,,,
0,18,8,0,,,,,,,,
47,18,8,2,1039,2539,856,2930,2072,2082,,
35,18,9,1,2270,2304,4305,1810,2111,2248,,
0,18,9,0,,,,,,,,
0,18,9,0,,,,,,,,
0,18,10,0,,,,,,,,
0,18,10,0,,,,,,,,
16,18,10,2,2611,3501,2665,1756,2296,2030,,
14,18,11,1,2129,2460,1579,1244,3042,1241,,
0,18,11,0,,,,,,,,
0,18,11,0,,,,,,,,
0,18,12,0,,,,,,,,
39,18,12,2,2258,3336,3212,4397,2214,1385,,
0,18,12,0,,,,,,,,
15,18,13,1,2311,3063,1887,2468,2339,2067,,
0,18,13,0,,,,,,,,
0,18,13,0,,,,,,,,
0,18,14,0,,,,,,,,
25,18,14,2,2257,2203,3202,2853,2890,1568,,
0,18,14,0,,,,,,,,
53,18,15,1,1219,1552,3942,2876,2988,1987,,
0,18,15,0,,,,,,,,
0,18,15,0,,,,,,,,
0,18,16,0,,,,,,,,
65,18,16,2,2985,2113,3209,3877,2621,960,,
0,18,16,0,,,,,,,,
27,18,17,1,1971,2756,2137,997,3823,3208,,
0,18,17,0,,,,,,,,
0,18,17,0,,,,,,,,
0,18,18,0,,,,,,,,
26,18,18,2,1654,4569,4524,2719,2749,2690,,
0,18,18,0,,,,,,,,
24,18,19,1,2076,2487,2897,2574,2381,1750,,
0,18,19,0,,,,,,,,
0,18,19,0,,,,,,,,
0,18,20,0,,,,,,,,
34,18,20,2,2232,2625,2530,1844,1073,2244,,
0,18,20,0,,,,,,,,
33,18,21,1,2644,2801,2065,1815,3191,2509,,
0,18,21,0,,,,,,,,
0,18,21,0,,,,,,,,
0,18,22,0,,,,,,,,
37,18,22,2,1655,3067,2984,1334,1480,1331,,
0,18,22,0,,,,,,,,
31,18,23,1,3142,3426,3519,1821,1245,2983,,
0,18,23,0,,,,,,,,
0,18,23,0,,,,,,,,
0,18,24,0,,,,,,,,
55,18,24,2,1966,1482,2276,3721,3114,2616,,
0,18,24,0,,,,,,,,
20,18,25,1,1954,2314,2642,2180,1536,1562,,
0,18,25,0,,,,,,,,
0,18,25,0,,,,,,,,
0,18,26,0,,,,,,,,
58,18,26,2,3151,1713,3228,2042,1560,1661,,
0,18,26,0,,,,,,,,
32,18,27,1,3275,1711,1487,1276,2056,2817,,
0,18,27,0,,,,,,,,
0,18,27,0,,,,,,,,
0,18,28,0,,,,,,,,
51,18,28,2,2444,1454,3181,1450,2004,4673,,
0,18,28,0,,,,,,,,
21,18,29,1,4226,2167,2193,2581,1960,2329,,
0,18,29,0,,,,,,,,
0,18,29,0,,,,,,,,
0,18,30,0,,,,,,,,
62,18,30,2,5229,3643,4444,3704,2693,2434,,
0,18,30,0,,,,,,,,
66,18,31,1,1610,2954,3197,1486,1158,2859,,
0,18,31,0,,,,,,,,
0,18,31,0,,,,,,,,
0,18,32,0,,,,,,,,
18,18,32,2,3641,3782,2004,1146,2280,935,,
0,18,32,0,,,,,,,,
25,19,1,1,4708,2230,1982,1450,1944,1225,,
0,19,1,0,,,,,,,,
0,19,1,0,,,,,,,,
0,19,2,0,,,,,,,,
0,19,2,0,,,,,,,,
16,19,2,2,5692,2414,2933,2056,2469,1306,,
39,19,3,1,2817,2274,2751,1562,1987,1632,,
0,19,3,0,,,,,,,,
0,19,3,0,,,,,,,,
0,19,4,0,,,,,,,,
0,19,4,0,,,,,,,,
46,19,4,2,4009,4608,1960,1119,2378,1606,,
21,19,5,1,3432,5005,5116,2531,1188,1519,,
0,19,5,0,,,,,,,,
0,19,5,0,,,,,,,,
0,19,6,0,,,,,,,,
0,19,6,0,,,,,,,,
9,19,6,2,4267,2686,2528,3464,2087,1085,158,
34,19,7,1,4823,2796,3132,2122,2584,1556,,
0,19,7,0,,,,,,,,
0,19,7,0,,,,,,,,
0,19,8,0,,,,,,,,
0,19,8,0,,,,,,,,
65,19,8,2,2680,5303,3144,1775,4526,3492,,
60,19,9,1,2006,4611,1666,1202,1595,1353,,
0,19,9,0,,,,,,,,
0,19,9,0,,,,,,,,
0,19,10,0,,,,,,,,
0,19,10,0,,,,,,,,
7,19,10,2,2307,4354,3395,1944,1820,1344,,
63,19,11,1,4028,3822,2949,3490,1467,2447,,
0,19,11,0,,,,,,,,
0,19,11,0,,,,,,,,
0,19,12,0,,,,,,,,
13,19,12,2,4542,2537,2746,1681,1634,1236,,
0,19,12,0,,,,,,,,
20,19,13,1,5271,4014,3501,1229,1602,1738,,
0,19,13,0,,,,,,,,
0,19,13,0,,,,,,,,
0,19,14,0,,,,,,,,
32,19,14,2,3268,2058,1689,1338,2141,867,,
0,19,14,0,,,,,,,,
48,19,15,1,4493,4387,2298,1886,1274,1846,,
0,19,15,0,,,,,,,,
0,19,15,0,,,,,,,,
0,19,16,0,,,,,,,,
24,19,16,2,4553,2216,1915,2847,998,1277,,
0,19,16,0,,,,,,,,
54,19,17,1,4079,3050,3545,2583,1629,2383,,
0,19,17,0,,,,,,,,
0,19,17,0,,,,,,,,
0,19,18,0,,,,,,,,
12,19,18,2,2821,2916,3418,3571,1891,1425,,
0,19,18,0,,,,,,,,
64,19,19,1,,7010,3604,1552,1631,1753,,
0,19,19,0,,,,,,,,
0,19,19,0,,,,,,,,
0,19,20,0,,,,,,,,
30,19,20,2,3782,1696,3244,1757,1338,1294,,
0,19,20,0,,,,,,,,
37,19,21,1,2834,3628,3427,3456,2307,1326,,
0,19,21,0,,,,,,,,
0,19,21,0,,,,,,,,
0,19,22,0,,,,,,,,
62,19,22,2,7783,2152,4615,3022,1843,1336,,
0,19,22,0,,,,,,,,
43,19,23,1,5496,2371,1155,1104,1034,1087,,
0,19,23,0,,,,,,,,
0,19,23,0,,,,,,,,
0,19,24,0,,,,,,,,
29,19,24,2,2931,3278,2088,1427,1342,1639,,
0,19,24,0,,,,,,,,
36,19,25,1,5891,4956,1750,2008,1265,1620,,
0,19,25,0,,,,,,,,
0,19,25,0,,,,,,,,
0,19,26,0,,,,,,,,
58,19,26,2,2838,4062,3260,1862,1947,2041,,
0,19,26,0,,,,,,,,
6,19,27,1,4585,2773,2207,4770,2376,2862,,
0,19,27,0,,,,,,,,
0,19,27,0,,,,,,,,
0,19,28,0,,,,,,,,
11,19,28,2,5512,2187,3453,4575,2775,2076,,
0,19,28,0,,,,,,,,
38,19,29,1,3883,2099,3745,3033,2445,1723,,
0,19,29,0,,,,,,,,
0,19,29,0,,,,,,,,
0,19,30,0,,,,,,,,
27,19,30,2,2678,2936,1728,1666,1540,1558,,
0,19,30,0,,,,,,,,
33,19,31,1,6253,2182,2265,2089,3156,855,,
0,19,31,0,,,,,,,,
0,19,31,0,,,,,,,,
0,19,32,0,,,,,,,,
45,19,32,2,2554,3146,2907,1453,1102,646,,
0,19,32,0,,,,,,,,
40,20,1,1,4233,4611,1918,3147,5142,3391,,
0,20,1,0,,,,,,,,
0,20,1,0,,,,,,,,
0,20,2,0,,,,,,,,
0,20,2,0,,,,,,,,
6,20,2,2,5599,3991,4176,5483,5663,3331,,
20,20,3,1,6165,2771,4433,4260,2859,3907,,
0,20,3,0,,,,,,,,
0,20,3,0,,,,,,,,
0,20,4,0,,,,,,,,
0,20,4,0,,,,,,,,
38,20,4,2,6509,5344,3689,4303,4083,3477,,
58,20,5,1,5340,3094,2161,3254,2453,2772,,
0,20,5,0,,,,,,,,
0,20,5,0,,,,,,,,
0,20,6,0,,,,,,,,
0,20,6,0,,,,,,,,
23,20,6,2,4181,3122,3423,3785,4006,3201,289,
16,20,7,1,4260,4016,3902,6490,6841,4120,,
0,20,7,0,,,,,,,,
0,20,7,0,,,,,,,,
0,20,8,0,,,,,,,,
0,20,8,0,,,,,,,,
51,20,8,2,,3586,3511,3123,4109,3077,,
32,20,9,1,3182,3401,2444,2393,2827,4713,,
0,20,9,0,,,,,,,,
0,20,9,0,,,,,,,,
0,20,10,0,,,,,,,,
0,20,10,0,,,,,,,,
47,20,10,2,3909,3000,2438,2217,3803,2547,,
56,20,11,1,3754,3838,2833,2140,3216,2554,,
0,20,11,0,,,,,,,,
0,20,11,0,,,,,,,,
0,20,12,0,,,,,,,,
54,20,12,2,4271,3762,2880,5621,3231,2120,,
0,20,12,0,,,,,,,,
64,20,13,1,5495,3192,4918,2460,3603,1132,,
0,20,13,0,,,,,,,,
0,20,13,0,,,,,,,,
0,20,14,0,,,,,,,,
12,20,14,2,5252,5826,5469,2817,5543,5166,,
0,20,14,0,,,,,,,,
45,20,15,1,,3343,3465,3282,2820,3260,,
0,20,15,0,,,,,,,,
0,20,15,0,,,,,,,,
0,20,16,0,,,,,,,,
67,20,16,2,3808,2962,3239,2364,3090,2352,,
0,20,16,0,,,,,,,,
50,20,17,1,5165,4921,3675,2966,5023,3895,,
0,20,17,0,,,,,,,,
0,20,17,0,,,,,,,,
0,20,18,0,,,,,,,,
5,20,18,2,4373,4136,4457,7305,3968,5500,,
0,20,18,0,,,,,,,,
34,20,19,1,5468,3759,5174,7189,5541,4272,,
0,20,19,0,,,,,,,,
0,20,19,0,,,,,,,,
0,20,20,0,,,,,,,,
25,20,20,2,7575,5049,4160,3878,3543,3647,,
0,20,20,0,,,,,,,,
35,20,21,1,458,3482,2565,4444,3742,2629,,
0,20,21,0,,,,,,,,
0,20,21,0,,,,,,,,
0,20,22,0,,,,,,,,
37,20,22,2,3764,3118,3357,2880,3915,3744,,
0,20,22,0,,,,,,,,
53,20,23,1,490,4151,2758,2997,3600,3496,,
0,20,23,0,,,,,,,,
0,20,23,0,,,,,,,,
0,20,24,0,,,,,,,,
28,20,24,2,5480,2367,2883,3429,2512,5269,,
0,20,24,0,,,,,,,,
49,20,25,1,3344,3943,3714,4633,3295,3891,,
0,20,25,0,,,,,,,,
0,20,25,0,,,,,,,,
0,20,26,0,,,,,,,,
60,20,26,2,2608,2043,3535,3946,2919,1846,,
0,20,26,0,,,,,,,,
57,20,27,1,4184,2843,3019,2734,4231,3917,,
0,20,27,0,,,,,,,,
0,20,27,0,,,,,,,,
0,20,28,0,,,,,,,,
19,20,28,2,4329,2719,3156,4908,4062,7087,,
0,20,28,0,,,,,,,,
61,20,29,1,5687,2343,3371,3541,3305,4001,,
0,20,29,0,,,,,,,,
0,20,29,0,,,,,,,,
0,20,30,0,,,,,,,,
63,20,30,2,4892,4589,2640,3607,3257,4036,,
0,20,30,0,,,,,,,,
36,20,31,1,5331,3328,2628,3898,3034,2828,,
0,20,31,0,,,,,,,,
0,20,31,0,,,,,,,,
0,20,32,0,,,,,,,,
65,20,32,2,2760,2986,4887,3203,2949,1029,,
0,20,32,0,,,,,,,,
