seq,subj,item,cond,R1,R2,R3,R4,R5,R6,R7,R8
25,1,1,1,4027,5727,1512,1996,2250,1914,,
0,1,1,0,,,,,,,,
0,1,1,0,,,,,,,,
0,1,2,0,,,,,,,,
0,1,2,0,,,,,,,,
28,1,2,2,1968,2481,1930,1796,1469,978,,
47,1,3,1,2798,2243,3102,3040,1257,2718,,
0,1,3,0,,,,,,,,
0,1,3,0,,,,,,,,
0,1,4,0,,,,,,,,
0,1,4,0,,,,,,,,
30,1,4,2,2553,5073,3597,1538,1170,1369,,
19,1,5,1,2277,3849,2565,2192,1498,1003,,
0,1,5,0,,,,,,,,
0,1,5,0,,,,,,,,
0,1,6,0,,,,,,,,
0,1,6,0,,,,,,,,
9,1,6,2,6157,4568,3364,1339,1048,1093,,
40,1,7,1,3327,1770,3212,1167,2090,4712,,
0,1,7,0,,,,,,,,
0,1,7,0,,,,,,,,
0,1,8,0,,,,,,,,
0,1,8,0,,,,,,,,
64,1,8,2,1436,2497,1328,1255,1333,1567,,
51,1,9,1,428,2663,1353,1071,978,1664,,
0,1,9,0,,,,,,,,
0,1,9,0,,,,,,,,
0,1,10,0,,,,,,,,
0,1,10,0,,,,,,,,
12,1,10,2,1462,1677,1678,1087,811,820,,
66,1,11,1,302,868,4002,3824,1970,2659,,
0,1,11,0,,,,,,,,
0,1,11,0,,,,,,,,
0,1,12,0,,,,,,,,
45,1,12,2,1924,5425,2891,2565,1436,723,,
0,1,12,0,,,,,,,,
44,1,13,1,3689,3254,2690,2299,1936,1200,,
0,1,13,0,,,,,,,,
0,1,13,0,,,,,,,,
0,1,14,0,,,,,,,,
57,1,14,2,4235,3068,2550,2230,2406,1443,,
0,1,14,0,,,,,,,,
35,1,15,1,1414,2959,2376,2236,705,2205,,
0,1,15,0,,,,,,,,
0,1,15,0,,,,,,,,
0,1,16,0,,,,,,,,
50,1,16,2,1358,5265,3008,1886,1303,793,,
0,1,16,0,,,,,,,,
14,1,17,1,5078,6245,3754,2605,923,1169,,
0,1,17,0,,,,,,,,
0,1,17,0,,,,,,,,
0,1,18,0,,,,,,,,
58,1,18,2,1750,3971,4138,2244,1479,731,,
0,1,18,0,,,,,,,,
67,1,19,1,1404,4846,6466,1112,1689,1771,,
0,1,19,0,,,,,,,,
0,1,19,0,,,,,,,,
0,1,20,0,,,,,,,,
21,1,20,2,3551,6071,4561,1751,1070,1523,,
0,1,20,0,,,,,,,,
8,1,21,1,7497,4878,1500,1646,1348,1371,,
0,1,21,0,,,,,,,,
0,1,21,0,,,,,,,,
0,1,22,0,,,,,,,,
7,1,22,2,2949,3266,2012,1384,1063,1306,,
0,1,22,0,,,,,,,,
33,1,23,1,3326,2955,2616,1124,1370,1824,,
0,1,23,0,,,,,,,,
0,1,23,0,,,,,,,,
0,1,24,0,,,,,,,,
5,1,24,2,5731,5251,5291,3516,1514,2448,,
0,1,24,0,,,,,,,,
32,1,25,1,2091,3832,2150,1906,788,675,,
0,1,25,0,,,,,,,,
0,1,25,0,,,,,,,,
0,1,26,0,,,,,,,,
59,1,26,2,2510,2506,2898,1420,1409,625,,
0,1,26,0,,,,,,,,
60,1,27,1,2700,1579,2098,934,2716,3114,,
0,1,27,0,,,,,,,,
0,1,27,0,,,,,,,,
0,1,28,0,,,,,,,,
68,1,28,2,611,6051,7527,2240,1600,2350,,
0,1,28,0,,,,,,,,
15,1,29,1,3041,1979,2525,1908,1603,1500,,
0,1,29,0,,,,,,,,
0,1,29,0,,,,,,,,
0,1,30,0,,,,,,,,
49,1,30,2,2234,3711,2913,1673,1324,1046,,
0,1,30,0,,,,,,,,
18,1,31,1,2615,3113,2029,1606,803,1194,,
0,1,31,0,,,,,,,,
0,1,31,0,,,,,,,,
0,1,32,0,,,,,,,,
63,1,32,2,1034,3087,2186,1256,1145,952,,
0,1,32,0,,,,,,,,
33,2,1,1,969,1047,751,886,937,679,,
0,2,1,0,,,,,,,,
0,2,1,0,,,,,,,,
0,2,2,0,,,,,,,,
0,2,2,0,,,,,,,,
39,2,2,2,1722,1037,2140,1221,1004,551,,
19,2,3,1,2739,855,859,914,1020,964,,
0,2,3,0,,,,,,,,
0,2,3,0,,,,,,,,
0,2,4,0,,,,,,,,
0,2,4,0,,,,,,,,
25,2,4,2,1003,1163,797,989,714,434,,
12,2,5,1,339,834,1066,965,1119,1150,,
0,2,5,0,,,,,,,,
0,2,5,0,,,,,,,,
0,2,6,0,,,,,,,,
0,2,6,0,,,,,,,,
54,2,6,2,1460,898,1334,734,805,680,,
18,2,7,1,1062,1022,747,,,,,
0,2,7,0,,,,,,,,
0,2,7,0,,,,,,,,
0,2,8,0,,,,,,,,
0,2,8,0,,,,,,,,
34,2,8,2,897,874,662,855,1363,1129,,
57,2,9,1,877,1368,625,818,454,480,,
0,2,9,0,,,,,,,,
0,2,9,0,,,,,,,,
0,2,10,0,,,,,,,,
0,2,10,0,,,,,,,,
5,2,10,2,595,1747,826,1214,652,748,86,
14,2,11,1,,943,1307,845,816,1213,,
0,2,11,0,,,,,,,,
0,2,11,0,,,,,,,,
0,2,12,0,,,,,,,,
65,2,12,2,745,1331,825,516,961,240,,
0,2,12,0,,,,,,,,
29,2,13,1,1254,989,1009,803,1022,405,,
0,2,13,0,,,,,,,,
0,2,13,0,,,,,,,,
0,2,14,0,,,,,,,,
44,2,14,2,1247,576,1620,797,2080,668,,
0,2,14,0,,,,,,,,
21,2,15,1,714,745,757,855,583,941,,
0,2,15,0,,,,,,,,
0,2,15,0,,,,,,,,
0,2,16,0,,,,,,,,
15,2,16,2,306,1538,2961,936,711,611,,
0,2,16,0,,,,,,,,
46,2,17,1,1047,1153,1193,775,503,620,,
0,2,17,0,,,,,,,,
0,2,17,0,,,,,,,,
0,2,18,0,,,,,,,,
27,2,18,2,911,1099,1106,435,680,772,,
0,2,18,0,,,,,,,,
53,2,19,1,796,1633,768,750,682,609,,
0,2,19,0,,,,,,,,
0,2,19,0,,,,,,,,
0,2,20,0,,,,,,,,
22,2,20,2,1173,1034,1503,1286,634,653,,
0,2,20,0,,,,,,,,
37,2,21,1,1299,412,880,892,1090,713,,
0,2,21,0,,,,,,,,
0,2,21,0,,,,,,,,
0,2,22,0,,,,,,,,
49,2,22,2,895,1026,873,732,705,479,,
0,2,22,0,,,,,,,,
24,2,23,1,728,835,709,790,552,470,,
0,2,23,0,,,,,,,,
0,2,23,0,,,,,,,,
0,2,24,0,,,,,,,,
52,2,24,2,944,1365,995,1123,249,542,,
0,2,24,0,,,,,,,,
62,2,25,1,762,931,1010,1076,775,693,,
0,2,25,0,,,,,,,,
0,2,25,0,,,,,,,,
0,2,26,0,,,,,,,,
16,2,26,2,528,763,1579,664,699,983,,
0,2,26,0,,,,,,,,
31,2,27,1,1229,1009,804,958,1156,1058,,
0,2,27,0,,,,,,,,
0,2,27,0,,,,,,,,
0,2,28,0,,,,,,,,
50,2,28,2,866,691,1069,932,977,1132,,
0,2,28,0,,,,,,,,
17,2,29,1,250,1592,790,1449,862,808,,
0,2,29,0,,,,,,,,
0,2,29,0,,,,,,,,
0,2,30,0,,,,,,,,
11,2,30,2,174,2682,1704,1468,758,1291,,
0,2,30,0,,,,,,,,
9,2,31,1,693,1048,1745,1012,512,751,,
0,2,31,0,,,,,,,,
0,2,31,0,,,,,,,,
0,2,32,0,,,,,,,,
41,2,32,2,1285,1302,981,893,698,646,,
0,2,32,0,,,,,,,,
50,3,1,1,4455,3554,1694,2095,1921,2095,,
0,3,1,0,,,,,,,,
0,3,1,0,,,,,,,,
0,3,2,0,,,,,,,,
0,3,2,0,,,,,,,,
12,3,2,2,6763,4080,2462,3240,2678,1674,,
58,3,3,1,4685,4285,3448,2491,1501,1366,,
0,3,3,0,,,,,,,,
0,3,3,0,,,,,,,,
0,3,4,0,,,,,,,,
0,3,4,0,,,,,,,,
6,3,4,2,6411,4190,3390,2027,1858,2514,,
19,3,5,1,3708,1834,2119,3365,2569,2621,,
0,3,5,0,,,,,,,,
0,3,5,0,,,,,,,,
0,3,6,0,,,,,,,,
0,3,6,0,,,,,,,,
62,3,6,2,3895,2547,4004,3452,1344,926,,
53,3,7,1,5033,2506,3656,1730,1654,1521,,
0,3,7,0,,,,,,,,
0,3,7,0,,,,,,,,
0,3,8,0,,,,,,,,
0,3,8,0,,,,,,,,
38,3,8,2,2236,2338,1357,1096,2963,3397,,
43,3,9,1,3056,2636,1408,2640,1713,2306,,
0,3,9,0,,,,,,,,
0,3,9,0,,,,,,,,
0,3,10,0,,,,,,,,
0,3,10,0,,,,,,,,
44,3,10,2,2218,3411,2321,2890,2165,1150,,
11,3,11,1,7170,4034,3798,1284,1054,1687,,
0,3,11,0,,,,,,,,
0,3,11,0,,,,,,,,
0,3,12,0,,,,,,,,
49,3,12,2,3503,5927,2380,2305,1292,1840,321,
0,3,12,0,,,,,,,,
24,3,13,1,4113,3123,2768,4175,2279,2039,,
0,3,13,0,,,,,,,,
0,3,13,0,,,,,,,,
0,3,14,0,,,,,,,,
39,3,14,2,3160,3463,3610,2963,3597,1577,,
0,3,14,0,,,,,,,,
30,3,15,1,4914,2099,2242,1777,1723,2503,,
0,3,15,0,,,,,,,,
0,3,15,0,,,,,,,,
0,3,16,0,,,,,,,,
21,3,16,2,4929,5308,4389,2173,1214,672,,
0,3,16,0,,,,,,,,
68,3,17,1,4906,2037,2303,1144,1023,927,,
0,3,17,0,,,,,,,,
0,3,17,0,,,,,,,,
0,3,18,0,,,,,,,,
35,3,18,2,2225,4829,1770,2063,1744,1612,,
0,3,18,0,,,,,,,,
9,3,19,1,8702,4115,2589,2028,2257,2222,,
0,3,19,0,,,,,,,,
0,3,19,0,,,,,,,,
0,3,20,0,,,,,,,,
47,3,20,2,5764,3747,3340,3186,1908,1687,,
0,3,20,0,,,,,,,,
33,3,21,1,3950,2009,2385,1971,2041,1127,,
0,3,21,0,,,,,,,,
0,3,21,0,,,,,,,,
0,3,22,0,,,,,,,,
37,3,22,2,3640,2819,2016,2111,2505,1491,,
0,3,22,0,,,,,,,,
25,3,23,1,3242,2980,3487,2539,1195,1920,,
0,3,23,0,,,,,,,,
0,3,23,0,,,,,,,,
0,3,24,0,,,,,,,,
36,3,24,2,2693,2372,1765,1933,913,1613,,
0,3,24,0,,,,,,,,
5,3,25,1,7190,2968,5576,1845,1657,1756,,
0,3,25,0,,,,,,,,
0,3,25,0,,,,,,,,
0,3,26,0,,,,,,,,
56,3,26,2,6909,2519,4347,1135,1946,1432,,
0,3,26,0,,,,,,,,
17,3,27,1,4472,2419,1920,2005,1847,2240,,
0,3,27,0,,,,,,,,
0,3,27,0,,,,,,,,
0,3,28,0,,,,,,,,
8,3,28,2,7118,5029,5244,4343,3348,2760,,
0,3,28,0,,,,,,,,
10,3,29,1,6725,3740,2225,2831,2534,1708,,
0,3,29,0,,,,,,,,
0,3,29,0,,,,,,,,
0,3,30,0,,,,,,,,
23,3,30,2,4287,2874,2039,1995,1722,2189,,
0,3,30,0,,,,,,,,
51,3,31,1,2604,1894,2441,2510,1810,1835,,
0,3,31,0,,,,,,,,
0,3,31,0,,,,,,,,
0,3,32,0,,,,,,,,
34,3,32,2,1794,3414,2813,2924,1319,1281,,
0,3,32,0,,,,,,,,
61,4,1,1,1736,2256,2210,1342,1444,1297,,
0,4,1,0,,,,,,,,
0,4,1,0,,,,,,,,
0,4,2,0,,,,,,,,
0,4,2,0,,,,,,,,
31,4,2,2,2186,1753,2985,1712,1345,830,,
55,4,3,1,2529,1173,3453,1717,1272,2130,,
0,4,3,0,,,,,,,,
0,4,3,0,,,,,,,,
0,4,4,0,,,,,,,,
0,4,4,0,,,,,,,,
16,4,4,2,1978,1984,1735,1688,1550,1270,,
12,4,5,1,2148,1707,1316,1539,1460,1371,,
0,4,5,0,,,,,,,,
0,4,5,0,,,,,,,,
0,4,6,0,,,,,,,,
0,4,6,0,,,,,,,,
52,4,6,2,1412,879,2117,1450,1789,1230,,
45,4,7,1,1645,1243,1407,3045,444,2435,,
0,4,7,0,,,,,,,,
0,4,7,0,,,,,,,,
0,4,8,0,,,,,,,,
0,4,8,0,,,,,,,,
28,4,8,2,1344,1489,1374,1453,1307,1756,,
67,4,9,1,1383,1423,1988,1311,1439,1328,,
0,4,9,0,,,,,,,,
0,4,9,0,,,,,,,,
0,4,10,0,,,,,,,,
0,4,10,0,,,,,,,,
18,4,10,2,1967,1538,1216,1970,2227,1774,,
10,4,11,1,1700,2735,2024,1786,2404,681,,
0,4,11,0,,,,,,,,
0,4,11,0,,,,,,,,
0,4,12,0,,,,,,,,
51,4,12,2,1226,2953,1182,1347,1726,1025,,
0,4,12,0,,,,,,,,
57,4,13,1,936,2096,3155,5746,1644,1357,,
0,4,13,0,,,,,,,,
0,4,13,0,,,,,,,,
0,4,14,0,,,,,,,,
15,4,14,2,1660,1279,1975,1180,1521,957,,
0,4,14,0,,,,,,,,
40,4,15,1,1016,1277,1466,1485,1849,1208,,
0,4,15,0,,,,,,,,
0,4,15,0,,,,,,,,
0,4,16,0,,,,,,,,
43,4,16,2,1166,3621,3149,1607,1318,995,,
0,4,16,0,,,,,,,,
24,4,17,1,1428,1222,1427,1222,1105,1849,,
0,4,17,0,,,,,,,,
0,4,17,0,,,,,,,,
0,4,18,0,,,,,,,,
63,4,18,2,992,3159,1637,2390,1082,1416,,
0,4,18,0,,,,,,,,
42,4,19,1,1688,3749,1701,1033,1208,1300,,
0,4,19,0,,,,,,,,
0,4,19,0,,,,,,,,
0,4,20,0,,,,,,,,
23,4,20,2,2054,1367,2494,2259,973,1140,,
0,4,20,0,,,,,,,,
66,4,21,1,1518,996,1546,1591,1579,1225,,
0,4,21,0,,,,,,,,
0,4,21,0,,,,,,,,
0,4,22,0,,,,,,,,
8,4,22,2,2934,2523,1705,2314,1696,2267,,
0,4,22,0,,,,,,,,
11,4,23,1,1782,2484,1502,1912,1301,1875,,
0,4,23,0,,,,,,,,
0,4,23,0,,,,,,,,
0,4,24,0,,,,,,,,
65,4,24,2,1972,1243,1071,1047,1464,1437,,
0,4,24,0,,,,,,,,
38,4,25,1,1555,1577,1984,2057,1579,1435,,
0,4,25,0,,,,,,,,
0,4,25,0,,,,,,,,
0,4,26,0,,,,,,,,
25,4,26,2,1315,2210,1400,1128,1418,1411,,
0,4,26,0,,,,,,,,
6,4,27,1,2367,2228,2123,2292,3931,1783,,
0,4,27,0,,,,,,,,
0,4,27,0,,,,,,,,
0,4,28,0,,,,,,,,
49,4,28,2,2215,1333,2575,2345,2182,2318,,
0,4,28,0,,,,,,,,
30,4,29,1,1198,2367,4094,1889,2003,1332,,
0,4,29,0,,,,,,,,
0,4,29,0,,,,,,,,
0,4,30,0,,,,,,,,
39,4,30,2,1772,1944,1644,1831,1670,2212,,
0,4,30,0,,,,,,,,
60,4,31,1,581,2625,2358,2173,1391,1094,,
0,4,31,0,,,,,,,,
0,4,31,0,,,,,,,,
0,4,32,0,,,,,,,,
50,4,32,2,625,2092,2408,1735,1378,842,,
0,4,32,0,,,,,,,,
18,5,1,1,6335,2431,3042,1387,2775,380,366,
0,5,1,0,,,,,,,,
0,5,1,0,,,,,,,,
0,5,2,0,,,,,,,,
0,5,2,0,,,,,,,,
46,5,2,2,1719,2873,4092,2116,612,487,,
53,5,3,1,1256,2759,1774,1118,1067,2465,,
0,5,3,0,,,,,,,,
0,5,3,0,,,,,,,,
0,5,4,0,,,,,,,,
0,5,4,0,,,,,,,,
35,5,4,2,548,1475,2388,1438,2192,2123,326,
55,5,5,1,2709,2141,1741,848,1828,1039,,
0,5,5,0,,,,,,,,
0,5,5,0,,,,,,,,
0,5,6,0,,,,,,,,
0,5,6,0,,,,,,,,
36,5,6,2,450,2366,2774,1867,3309,513,,
59,5,7,1,1403,1761,1559,1201,776,1072,,
0,5,7,0,,,,,,,,
0,5,7,0,,,,,,,,
0,5,8,0,,,,,,,,
0,5,8,0,,,,,,,,
33,5,8,2,,2536,3042,1849,2614,2811,,
24,5,9,1,2791,2938,1136,2893,2837,125,469,
0,5,9,0,,,,,,,,
0,5,9,0,,,,,,,,
0,5,10,0,,,,,,,,
0,5,10,0,,,,,,,,
25,5,10,2,2339,3466,4266,1936,660,1367,,
41,5,11,1,1288,2823,2467,2010,634,937,,
0,5,11,0,,,,,,,,
0,5,11,0,,,,,,,,
0,5,12,0,,,,,,,,
9,5,12,2,2868,4762,3178,2836,1455,2471,,
0,5,12,0,,,,,,,,
60,5,13,1,2198,1534,2957,927,765,1750,,
0,5,13,0,,,,,,,,
0,5,13,0,,,,,,,,
0,5,14,0,,,,,,,,
8,5,14,2,6378,4955,1919,2584,3860,1304,,
0,5,14,0,,,,,,,,
16,5,15,1,2852,1441,976,1752,1253,815,,
0,5,15,0,,,,,,,,
0,5,15,0,,,,,,,,
0,5,16,0,,,,,,,,
34,5,16,2,937,4211,2006,2726,1769,1222,,
0,5,16,0,,,,,,,,
30,5,17,1,2517,2983,6830,5214,1283,1974,,
0,5,17,0,,,,,,,,
0,5,17,0,,,,,,,,
0,5,18,0,,,,,,,,
62,5,18,2,449,2982,2636,1045,1200,818,,
0,5,18,0,,,,,,,,
49,5,19,1,1363,1928,2093,1745,3586,1804,,
0,5,19,0,,,,,,,,
0,5,19,0,,,,,,,,
0,5,20,0,,,,,,,,
38,5,20,2,477,2585,6361,7325,3464,2650,441,
0,5,20,0,,,,,,,,
54,5,21,1,1885,4214,2704,1564,1984,1890,,
0,5,21,0,,,,,,,,
0,5,21,0,,,,,,,,
0,5,22,0,,,,,,,,
51,5,22,2,3138,1122,1480,1527,1772,2372,,
0,5,22,0,,,,,,,,
39,5,23,1,236,636,4634,3373,3861,1802,,
0,5,23,0,,,,,,,,
0,5,23,0,,,,,,,,
0,5,24,0,,,,,,,,
23,5,24,2,2407,739,1749,1287,1083,297,,
0,5,24,0,,,,,,,,
56,5,25,1,1656,2309,3595,2418,690,1018,,
0,5,25,0,,,,,,,,
0,5,25,0,,,,,,,,
0,5,26,0,,,,,,,,
47,5,26,2,2191,1640,1668,978,980,753,,
0,5,26,0,,,,,,,,
48,5,27,1,2085,1851,1649,1239,1368,1696,,
0,5,27,0,,,,,,,,
0,5,27,0,,,,,,,,
0,5,28,0,,,,,,,,
19,5,28,2,4695,2673,2273,2438,2142,353,,
0,5,28,0,,,,,,,,
15,5,29,1,4896,1755,1039,1478,2945,1072,,
0,5,29,0,,,,,,,,
0,5,29,0,,,,,,,,
0,5,30,0,,,,,,,,
17,5,30,2,4007,2849,2558,948,4548,2673,,
0,5,30,0,,,,,,,,
45,5,31,1,3511,5177,569,169,880,1340,,
0,5,31,0,,,,,,,,
0,5,31,0,,,,,,,,
0,5,32,0,,,,,,,,
57,5,32,2,1314,5505,2073,2648,485,2203,997,
0,5,32,0,,,,,,,,
11,6,1,1,2249,3067,2585,2086,1426,2918,,
0,6,1,0,,,,,,,,
0,6,1,0,,,,,,,,
0,6,2,0,,,,,,,,
0,6,2,0,,,,,,,,
32,6,2,2,2823,3873,2313,1866,2525,1624,,
55,6,3,1,2013,1304,2741,1832,1180,2523,,
0,6,3,0,,,,,,,,
0,6,3,0,,,,,,,,
0,6,4,0,,,,,,,,
0,6,4,0,,,,,,,,
16,6,4,2,2568,2836,2845,1500,1866,2714,,
41,6,5,1,2161,2276,1530,2711,1225,1765,,
0,6,5,0,,,,,,,,
0,6,5,0,,,,,,,,
0,6,6,0,,,,,,,,
0,6,6,0,,,,,,,,
45,6,6,2,2025,2256,1973,1398,1126,2276,131,
34,6,7,1,2201,2743,2106,2287,1853,2597,,
0,6,7,0,,,,,,,,
0,6,7,0,,,,,,,,
0,6,8,0,,,,,,,,
0,6,8,0,,,,,,,,
60,6,8,2,1398,2066,2022,1507,2134,4051,,
19,6,9,1,3598,2582,1397,788,1868,2340,,
0,6,9,0,,,,,,,,
0,6,9,0,,,,,,,,
0,6,10,0,,,,,,,,
0,6,10,0,,,,,,,,
8,6,10,2,2340,3260,2017,1854,2890,2226,,
18,6,11,1,3240,2851,2448,1981,2414,2561,,
0,6,11,0,,,,,,,,
0,6,11,0,,,,,,,,
0,6,12,0,,,,,,,,
53,6,12,2,1449,2100,2213,1459,1155,2009,129,
0,6,12,0,,,,,,,,
29,6,13,1,4543,2425,4703,4180,2021,1780,,
0,6,13,0,,,,,,,,
0,6,13,0,,,,,,,,
0,6,14,0,,,,,,,,
22,6,14,2,2216,1495,2048,969,1980,2503,,
0,6,14,0,,,,,,,,
66,6,15,1,1587,2731,1662,1265,1736,1159,,
0,6,15,0,,,,,,,,
0,6,15,0,,,,,,,,
0,6,16,0,,,,,,,,
31,6,16,2,2957,2911,2189,1281,1240,1397,,
0,6,16,0,,,,,,,,
59,6,17,1,1584,4462,2749,2191,655,3017,,
0,6,17,0,,,,,,,,
0,6,17,0,,,,,,,,
0,6,18,0,,,,,,,,
48,6,18,2,3685,3377,1733,1454,1385,2721,,
0,6,18,0,,,,,,,,
26,6,19,1,2106,3292,2398,1741,1996,2562,,
0,6,19,0,,,,,,,,
0,6,19,0,,,,,,,,
0,6,20,0,,,,,,,,
38,6,20,2,4222,1705,2025,2255,984,2557,,
0,6,20,0,,,,,,,,
52,6,21,1,2493,1387,2086,2270,1371,2657,,
0,6,21,0,,,,,,,,
0,6,21,0,,,,,,,,
0,6,22,0,,,,,,,,
67,6,22,2,2305,1688,1733,1282,1865,1684,,
0,6,22,0,,,,,,,,
64,6,23,1,2071,2089,2027,1713,1105,2217,,
0,6,23,0,,,,,,,,
0,6,23,0,,,,,,,,
0,6,24,0,,,,,,,,
25,6,24,2,3594,3856,3088,3061,2270,4383,,
0,6,24,0,,,,,,,,
27,6,25,1,3801,3824,3831,4389,2316,2745,,
0,6,25,0,,,,,,,,
0,6,25,0,,,,,,,,
0,6,26,0,,,,,,,,
47,6,26,2,2961,3121,2309,2997,2587,1706,,
0,6,26,0,,,,,,,,
54,6,27,1,2211,4241,2101,1481,1400,1900,,
0,6,27,0,,,,,,,,
0,6,27,0,,,,,,,,
0,6,28,0,,,,,,,,
30,6,28,2,5244,3794,4179,1875,2384,2567,,
0,6,28,0,,,,,,,,
13,6,29,1,4648,2449,3223,1331,2544,3107,,
0,6,29,0,,,,,,,,
0,6,29,0,,,,,,,,
0,6,30,0,,,,,,,,
61,6,30,2,3977,2302,2095,1693,1641,1595,,
0,6,30,0,,,,,,,,
6,6,31,1,3052,1962,2815,2370,1878,2368,,
0,6,31,0,,,,,,,,
0,6,31,0,,,,,,,,
0,6,32,0,,,,,,,,
28,6,32,2,2143,3658,2568,2449,2161,2859,,
0,6,32,0,,,,,,,,
43,7,1,1,1620,2209,1596,1557,1987,2772,123,
0,7,1,0,,,,,,,,
0,7,1,0,,,,,,,,
0,7,2,0,,,,,,,,
0,7,2,0,,,,,,,,
12,7,2,2,7084,3237,2051,2355,2807,1472,,
65,7,3,1,2956,2638,1708,2339,889,2074,,
0,7,3,0,,,,,,,,
0,7,3,0,,,,,,,,
0,7,4,0,,,,,,,,
0,7,4,0,,,,,,,,
21,7,4,2,4395,4052,2761,1953,1586,3654,98,
51,7,5,1,621,2695,2797,1533,2865,3795,,
0,7,5,0,,,,,,,,
0,7,5,0,,,,,,,,
0,7,6,0,,,,,,,,
0,7,6,0,,,,,,,,
46,7,6,2,950,2054,2025,2788,2231,3050,224,
35,7,7,1,1617,1920,2413,3354,2062,5349,,
0,7,7,0,,,,,,,,
0,7,7,0,,,,,,,,
0,7,8,0,,,,,,,,
0,7,8,0,,,,,,,,
32,7,8,2,1312,1393,1598,2644,1273,4941,,
5,7,9,1,3286,1697,4794,578,2876,2132,,
0,7,9,0,,,,,,,,
0,7,9,0,,,,,,,,
0,7,10,0,,,,,,,,
0,7,10,0,,,,,,,,
38,7,10,2,1795,118,1488,2539,1781,3022,,
11,7,11,1,3904,6353,1028,3158,1618,1507,,
0,7,11,0,,,,,,,,
0,7,11,0,,,,,,,,
0,7,12,0,,,,,,,,
19,7,12,2,1361,4046,4270,2500,1251,1646,175,
0,7,12,0,,,,,,,,
24,7,13,1,2346,3828,3320,2139,1517,2035,197,
0,7,13,0,,,,,,,,
0,7,13,0,,,,,,,,
0,7,14,0,,,,,,,,
42,7,14,2,555,2974,1616,3462,2676,1932,,
0,7,14,0,,,,,,,,
68,7,15,1,1695,1661,2053,1873,1117,1442,,
0,7,15,0,,,,,,,,
0,7,15,0,,,,,,,,
0,7,16,0,,,,,,,,
67,7,16,2,2568,3049,3363,2001,3469,1871,,
0,7,16,0,,,,,,,,
23,7,17,1,2476,3239,4380,976,2084,2871,,
0,7,17,0,,,,,,,,
0,7,17,0,,,,,,,,
0,7,18,0,,,,,,,,
63,7,18,2,2861,2428,1980,1582,1244,1597,,
0,7,18,0,,,,,,,,
10,7,19,1,2638,2761,8951,687,3451,2473,,
0,7,19,0,,,,,,,,
0,7,19,0,,,,,,,,
0,7,20,0,,,,,,,,
64,7,20,2,5720,2054,2004,1406,1004,1219,,
0,7,20,0,,,,,,,,
9,7,21,1,2797,3591,2367,1915,1781,2182,,
0,7,21,0,,,,,,,,
0,7,21,0,,,,,,,,
0,7,22,0,,,,,,,,
17,7,22,2,3431,1733,3961,3235,1704,2029,,
0,7,22,0,,,,,,,,
49,7,23,1,959,4248,3259,4620,2653,2893,,
0,7,23,0,,,,,,,,
0,7,23,0,,,,,,,,
0,7,24,0,,,,,,,,
62,7,24,2,3183,2050,1792,1274,1039,1672,,
0,7,24,0,,,,,,,,
16,7,25,1,5382,1715,2875,1835,1206,2791,,
0,7,25,0,,,,,,,,
0,7,25,0,,,,,,,,
0,7,26,0,,,,,,,,
27,7,26,2,2744,1079,3621,1155,4233,2151,,
0,7,26,0,,,,,,,,
37,7,27,1,1281,2601,3395,3998,1519,3266,,
0,7,27,0,,,,,,,,
0,7,27,0,,,,,,,,
0,7,28,0,,,,,,,,
20,7,28,2,2987,4193,1918,1724,2079,6074,,
0,7,28,0,,,,,,,,
45,7,29,1,1236,3099,1650,2372,1819,4414,312,
0,7,29,0,,,,,,,,
0,7,29,0,,,,,,,,
0,7,30,0,,,,,,,,
26,7,30,2,10163,2299,4219,4569,1573,2715,,
0,7,30,0,,,,,,,,
28,7,31,1,4916,3958,6544,5810,2897,1403,,
0,7,31,0,,,,,,,,
0,7,31,0,,,,,,,,
0,7,32,0,,,,,,,,
53,7,32,2,1543,2950,5715,5440,2721,2693,639,
0,7,32,0,,,,,,,,
13,8,1,1,1926,2547,1053,1968,2107,918,,
0,8,1,0,,,,,,,,
0,8,1,0,,,,,,,,
0,8,2,0,,,,,,,,
0,8,2,0,,,,,,,,
19,8,2,2,1584,2128,2571,1874,1021,1069,,
42,8,3,1,1197,799,379,1191,195,1847,,
0,8,3,0,,,,,,,,
0,8,3,0,,,,,,,,
0,8,4,0,,,,,,,,
0,8,4,0,,,,,,,,
48,8,4,2,906,1192,1452,657,846,1569,,
57,8,5,1,717,1775,455,809,107,1121,,
0,8,5,0,,,,,,,,
0,8,5,0,,,,,,,,
0,8,6,0,,,,,,,,
0,8,6,0,,,,,,,,
32,8,6,2,1380,743,915,782,1225,1048,,
49,8,7,1,1389,571,1105,844,528,1746,,
0,8,7,0,,,,,,,,
0,8,7,0,,,,,,,,
0,8,8,0,,,,,,,,
0,8,8,0,,,,,,,,
22,8,8,2,816,1064,1144,814,1516,1331,,
44,8,9,1,686,966,285,935,683,1027,,
0,8,9,0,,,,,,,,
0,8,9,0,,,,,,,,
0,8,10,0,,,,,,,,
0,8,10,0,,,,,,,,
10,8,10,2,1442,1892,1100,757,1250,1183,,
62,8,11,1,911,2003,1187,677,311,1255,,
0,8,11,0,,,,,,,,
0,8,11,0,,,,,,,,
0,8,12,0,,,,,,,,
53,8,12,2,1735,1706,2192,2872,976,879,257,
0,8,12,0,,,,,,,,
33,8,13,1,1482,861,543,1342,873,1995,150,
0,8,13,0,,,,,,,,
0,8,13,0,,,,,,,,
0,8,14,0,,,,,,,,
55,8,14,2,1515,462,670,762,669,893,316,
0,8,14,0,,,,,,,,
51,8,15,1,1222,725,1379,333,755,767,,
0,8,15,0,,,,,,,,
0,8,15,0,,,,,,,,
0,8,16,0,,,,,,,,
24,8,16,2,879,1294,1188,1218,506,940,,
0,8,16,0,,,,,,,,
28,8,17,1,1197,486,1309,1319,849,2102,,
0,8,17,0,,,,,,,,
0,8,17,0,,,,,,,,
0,8,18,0,,,,,,,,
12,8,18,2,1010,1775,1544,679,1542,1297,,
0,8,18,0,,,,,,,,
18,8,19,1,1347,1316,3284,480,864,1383,,
0,8,19,0,,,,,,,,
0,8,19,0,,,,,,,,
0,8,20,0,,,,,,,,
26,8,20,2,2127,1387,165,1099,824,1247,,
0,8,20,0,,,,,,,,
5,8,21,1,2821,1123,1606,598,1006,1342,,
0,8,21,0,,,,,,,,
0,8,21,0,,,,,,,,
0,8,22,0,,,,,,,,
15,8,22,2,1124,1416,1013,1224,995,668,,
0,8,22,0,,,,,,,,
21,8,23,1,1558,1312,1015,1139,439,1242,,
0,8,23,0,,,,,,,,
0,8,23,0,,,,,,,,
0,8,24,0,,,,,,,,
25,8,24,2,1147,763,533,698,443,843,,
0,8,24,0,,,,,,,,
58,8,25,1,1396,526,1274,2063,865,1002,,
0,8,25,0,,,,,,,,
0,8,25,0,,,,,,,,
0,8,26,0,,,,,,,,
61,8,26,2,1606,926,1458,2153,270,1249,,
0,8,26,0,,,,,,,,
46,8,27,1,1668,588,662,1005,326,1560,,
0,8,27,0,,,,,,,,
0,8,27,0,,,,,,,,
0,8,28,0,,,,,,,,
8,8,28,2,2832,1193,1631,1419,1293,1600,,
0,8,28,0,,,,,,,,
56,8,29,1,3444,2647,640,1507,840,1036,,
0,8,29,0,,,,,,,,
0,8,29,0,,,,,,,,
0,8,30,0,,,,,,,,
31,8,30,2,1703,1540,1369,1225,902,964,,
0,8,30,0,,,,,,,,
9,8,31,1,2304,1563,1688,892,637,798,,
0,8,31,0,,,,,,,,
0,8,31,0,,,,,,,,
0,8,32,0,,,,,,,,
63,8,32,2,1581,890,2451,909,578,538,,
0,8,32,0,,,,,,,,
13,9,1,1,4171,2415,1542,1910,1375,1364,,
0,9,1,0,,,,,,,,
0,9,1,0,,,,,,,,
0,9,2,0,,,,,,,,
0,9,2,0,,,,,,,,
61,9,2,2,2859,2013,3363,1560,2059,1404,,
49,9,3,1,3758,1890,2333,1924,1465,2242,,
0,9,3,0,,,,,,,,
0,9,3,0,,,,,,,,
0,9,4,0,,,,,,,,
0,9,4,0,,,,,,,,
48,9,4,2,1410,2177,2442,1228,1907,1417,,
23,9,5,1,3196,2068,1479,1662,1897,2147,,
0,9,5,0,,,,,,,,
0,9,5,0,,,,,,,,
0,9,6,0,,,,,,,,
0,9,6,0,,,,,,,,
25,9,6,2,1589,1809,1781,1445,1727,1616,,
42,9,7,1,2234,1473,2119,2384,1586,991,,
0,9,7,0,,,,,,,,
0,9,7,0,,,,,,,,
0,9,8,0,,,,,,,,
0,9,8,0,,,,,,,,
31,9,8,2,2794,1506,5494,1795,1853,2424,,
9,9,9,1,1315,1561,1364,1479,1688,1553,,
0,9,9,0,,,,,,,,
0,9,9,0,,,,,,,,
0,9,10,0,,,,,,,,
0,9,10,0,,,,,,,,
45,9,10,2,1491,1912,2081,1368,1621,1435,,
35,9,11,1,1746,2701,2690,1323,890,1475,,
0,9,11,0,,,,,,,,
0,9,11,0,,,,,,,,
0,9,12,0,,,,,,,,
56,9,12,2,2113,2432,2298,1689,1778,1217,,
0,9,12,0,,,,,,,,
5,9,13,1,3824,2344,2346,2004,2058,2971,,
0,9,13,0,,,,,,,,
0,9,13,0,,,,,,,,
0,9,14,0,,,,,,,,
6,9,14,2,2781,1452,2053,2303,2349,1533,,
0,9,14,0,,,,,,,,
62,9,15,1,1225,1443,1469,1032,1094,952,,
0,9,15,0,,,,,,,,
0,9,15,0,,,,,,,,
0,9,16,0,,,,,,,,
47,9,16,2,1693,2359,2373,1722,1076,913,,
0,9,16,0,,,,,,,,
27,9,17,1,2689,2689,1838,3837,1325,2216,,
0,9,17,0,,,,,,,,
0,9,17,0,,,,,,,,
0,9,18,0,,,,,,,,
36,9,18,2,2612,2360,3758,2428,1409,1578,,
0,9,18,0,,,,,,,,
53,9,19,1,4189,2529,2625,2325,2382,1823,,
0,9,19,0,,,,,,,,
0,9,19,0,,,,,,,,
0,9,20,0,,,,,,,,
55,9,20,2,1964,2445,1994,2170,1033,1634,,
0,9,20,0,,,,,,,,
57,9,21,1,1966,4922,1611,1477,1723,1617,,
0,9,21,0,,,,,,,,
0,9,21,0,,,,,,,,
0,9,22,0,,,,,,,,
54,9,22,2,2162,1699,4197,2085,1916,2301,,
0,9,22,0,,,,,,,,
22,9,23,1,1622,1531,1734,2051,1110,1592,,
0,9,23,0,,,,,,,,
0,9,23,0,,,,,,,,
0,9,24,0,,,,,,,,
51,9,24,2,4716,1674,1957,1538,1024,2321,,
0,9,24,0,,,,,,,,
19,9,25,1,2163,1702,1352,2113,1142,2086,,
0,9,25,0,,,,,,,,
0,9,25,0,,,,,,,,
0,9,26,0,,,,,,,,
58,9,26,2,1490,1410,1857,1923,1251,1337,,
0,9,26,0,,,,,,,,
40,9,27,1,1873,1942,1823,1285,2389,1679,,
0,9,27,0,,,,,,,,
0,9,27,0,,,,,,,,
0,9,28,0,,,,,,,,
7,9,28,2,2066,1685,2235,1781,1997,2276,,
0,9,28,0,,,,,,,,
34,9,29,1,3130,1355,2556,1653,1647,1598,,
0,9,29,0,,,,,,,,
0,9,29,0,,,,,,,,
0,9,30,0,,,,,,,,
17,9,30,2,2594,1463,2591,1817,1604,2013,,
0,9,30,0,,,,,,,,
33,9,31,1,1621,1120,1537,2238,1428,1666,,
0,9,31,0,,,,,,,,
0,9,31,0,,,,,,,,
0,9,32,0,,,,,,,,
8,9,32,2,1910,1760,1656,1653,1406,878,,
0,9,32,0,,,,,,,,
26,10,1,1,2483,4316,1974,1431,2806,1058,,
0,10,1,0,,,,,,,,
0,10,1,0,,,,,,,,
0,10,2,0,,,,,,,,
0,10,2,0,,,,,,,,
49,10,2,2,2105,1912,3544,1993,2440,,,
23,10,3,1,2751,2047,2357,1352,1217,1677,,
0,10,3,0,,,,,,,,
0,10,3,0,,,,,,,,
0,10,4,0,,,,,,,,
0,10,4,0,,,,,,,,
13,10,4,2,1899,3444,1673,1871,2287,1009,,
21,10,5,1,1710,1265,1379,1270,936,1139,,
0,10,5,0,,,,,,,,
0,10,5,0,,,,,,,,
0,10,6,0,,,,,,,,
0,10,6,0,,,,,,,,
11,10,6,2,1678,2513,1327,1765,1013,1246,,
66,10,7,1,1972,1389,1714,1485,1035,1142,,
0,10,7,0,,,,,,,,
0,10,7,0,,,,,,,,
0,10,8,0,,,,,,,,
0,10,8,0,,,,,,,,
36,10,8,2,1353,3006,1357,945,1079,1285,,
17,10,9,1,1953,1613,1192,906,1246,1453,,
0,10,9,0,,,,,,,,
0,10,9,0,,,,,,,,
0,10,10,0,,,,,,,,
0,10,10,0,,,,,,,,
5,10,10,2,2795,2035,2616,1458,2090,1435,,
16,10,11,1,4385,2530,3666,1624,1648,1576,,
0,10,11,0,,,,,,,,
0,10,11,0,,,,,,,,
0,10,12,0,,,,,,,,
29,10,12,2,2713,3499,1514,1447,1722,748,,
0,10,12,0,,,,,,,,
30,10,13,1,2284,1538,1906,1302,1196,1136,,
0,10,13,0,,,,,,,,
0,10,13,0,,,,,,,,
0,10,14,0,,,,,,,,
15,10,14,2,1283,1662,1541,1893,1308,902,,
0,10,14,0,,,,,,,,
19,10,15,1,262,4166,1825,1553,1222,1833,,
0,10,15,0,,,,,,,,
0,10,15,0,,,,,,,,
0,10,16,0,,,,,,,,
38,10,16,2,1498,1873,4503,1764,954,1018,,
0,10,16,0,,,,,,,,
32,10,17,1,1643,2664,2385,1363,1987,1724,,
0,10,17,0,,,,,,,,
0,10,17,0,,,,,,,,
0,10,18,0,,,,,,,,
28,10,18,2,3023,3788,3402,2728,2123,2675,,
0,10,18,0,,,,,,,,
53,10,19,1,1303,1844,2792,1026,1347,1477,,
0,10,19,0,,,,,,,,
0,10,19,0,,,,,,,,
0,10,20,0,,,,,,,,
8,10,20,2,2811,1834,2055,1348,1032,1641,,
0,10,20,0,,,,,,,,
39,10,21,1,3344,1701,2006,1300,1670,1121,,
0,10,21,0,,,,,,,,
0,10,21,0,,,,,,,,
0,10,22,0,,,,,,,,
44,10,22,2,2590,1613,1846,1506,1735,1689,,
0,10,22,0,,,,,,,,
51,10,23,1,2478,2830,3729,2486,1152,1604,,
0,10,23,0,,,,,,,,
0,10,23,0,,,,,,,,
0,10,24,0,,,,,,,,
31,10,24,2,2687,1485,1701,1156,899,1267,,
0,10,24,0,,,,,,,,
62,10,25,1,1770,1488,1692,1468,1465,1440,,
0,10,25,0,,,,,,,,
0,10,25,0,,,,,,,,
0,10,26,0,,,,,,,,
40,10,26,2,2780,2494,1941,1502,1537,1314,,
0,10,26,0,,,,,,,,
61,10,27,1,2168,1875,1341,850,1126,2306,,
0,10,27,0,,,,,,,,
0,10,27,0,,,,,,,,
0,10,28,0,,,,,,,,
48,10,28,2,2505,1387,1841,2592,3035,1850,,
0,10,28,0,,,,,,,,
10,10,29,1,2220,5288,2814,1430,1535,1049,,
0,10,29,0,,,,,,,,
0,10,29,0,,,,,,,,
0,10,30,0,,,,,,,,
33,10,30,2,2745,2102,1361,1841,1917,2326,,
0,10,30,0,,,,,,,,
56,10,31,1,4397,4963,5833,1848,872,1124,,
0,10,31,0,,,,,,,,
0,10,31,0,,,,,,,,
0,10,32,0,,,,,,,,
52,10,32,2,1611,2031,1611,1317,1198,670,,
0,10,32,0,,,,,,,,
22,11,1,1,2851,4100,2780,1335,1096,828,,
0,11,1,0,,,,,,,,
0,11,1,0,,,,,,,,
0,11,2,0,,,,,,,,
0,11,2,0,,,,,,,,
43,11,2,2,2125,2639,2500,2411,2028,1597,337,
12,11,3,1,2143,1410,2969,1382,1130,2318,,
0,11,3,0,,,,,,,,
0,11,3,0,,,,,,,,
0,11,4,0,,,,,,,,
0,11,4,0,,,,,,,,
38,11,4,2,2351,3168,1424,1740,1594,1422,,
25,11,5,1,2099,1470,1199,941,1538,1000,,
0,11,5,0,,,,,,,,
0,11,5,0,,,,,,,,
0,11,6,0,,,,,,,,
0,11,6,0,,,,,,,,
59,11,6,2,1912,1591,1703,1196,1239,1139,,
51,11,7,1,2507,1286,1908,1306,1443,2038,,
0,11,7,0,,,,,,,,
0,11,7,0,,,,,,,,
0,11,8,0,,,,,,,,
0,11,8,0,,,,,,,,
66,11,8,2,1845,4601,1197,1012,1479,1308,,
18,11,9,1,2195,2290,1776,1148,1144,831,153,
0,11,9,0,,,,,,,,
0,11,9,0,,,,,,,,
0,11,10,0,,,,,,,,
0,11,10,0,,,,,,,,
31,11,10,2,1565,1522,1171,1226,1665,1164,,
47,11,11,1,4469,4885,1554,1256,1042,1096,,
0,11,11,0,,,,,,,,
0,11,11,0,,,,,,,,
0,11,12,0,,,,,,,,
50,11,12,2,2964,2896,762,1344,1134,529,,
0,11,12,0,,,,,,,,
8,11,13,1,4666,5096,1980,1270,1254,1142,,
0,11,13,0,,,,,,,,
0,11,13,0,,,,,,,,
0,11,14,0,,,,,,,,
15,11,14,2,1958,1617,1857,1084,1223,983,,
0,11,14,0,,,,,,,,
54,11,15,1,5673,1912,1715,1673,918,1382,,
0,11,15,0,,,,,,,,
0,11,15,0,,,,,,,,
0,11,16,0,,,,,,,,
28,11,16,2,2300,1671,4190,1065,1264,973,,
0,11,16,0,,,,,,,,
41,11,17,1,1672,1861,2067,1061,819,1711,,
0,11,17,0,,,,,,,,
0,11,17,0,,,,,,,,
0,11,18,0,,,,,,,,
65,11,18,2,1667,2636,1439,2301,2086,1825,,
0,11,18,0,,,,,,,,
5,11,19,1,3089,1684,3290,3779,1772,2453,,
0,11,19,0,,,,,,,,
0,11,19,0,,,,,,,,
0,11,20,0,,,,,,,,
48,11,20,2,2062,1353,1889,1199,833,480,,
0,11,20,0,,,,,,,,
9,11,21,1,4031,2137,1329,1619,1672,1960,,
0,11,21,0,,,,,,,,
0,11,21,0,,,,,,,,
0,11,22,0,,,,,,,,
46,11,22,2,3332,2358,1826,1351,995,996,,
0,11,22,0,,,,,,,,
36,11,23,1,5210,2357,1679,1201,969,776,,
0,11,23,0,,,,,,,,
0,11,23,0,,,,,,,,
0,11,24,0,,,,,,,,
16,11,24,2,2753,1196,1173,1487,1016,1689,,
0,11,24,0,,,,,,,,
14,11,25,1,1992,1773,1742,2203,992,1077,,
0,11,25,0,,,,,,,,
0,11,25,0,,,,,,,,
0,11,26,0,,,,,,,,
10,11,26,2,3508,1565,2925,2959,1443,1415,,
0,11,26,0,,,,,,,,
62,11,27,1,5851,2069,1655,1278,1572,1977,,
0,11,27,0,,,,,,,,
0,11,27,0,,,,,,,,
0,11,28,0,,,,,,,,
20,11,28,2,4707,3050,2469,1598,1275,3470,,
0,11,28,0,,,,,,,,
53,11,29,1,3475,1773,1636,1184,1103,1402,,
0,11,29,0,,,,,,,,
0,11,29,0,,,,,,,,
0,11,30,0,,,,,,,,
42,11,30,2,2302,2426,1834,1673,1717,1408,,
0,11,30,0,,,,,,,,
30,11,31,1,8356,4399,2595,1156,917,876,,
0,11,31,0,,,,,,,,
0,11,31,0,,,,,,,,
0,11,32,0,,,,,,,,
37,11,32,2,8477,7760,6030,1596,1184,301,,
0,11,32,0,,,,,,,,
24,12,1,1,1534,1902,669,531,577,687,,
0,12,1,0,,,,,,,,
0,12,1,0,,,,,,,,
0,12,2,0,,,,,,,,
0,12,2,0,,,,,,,,
25,12,2,2,1830,1404,1768,962,1080,710,,
34,12,3,1,1875,1480,1039,1124,191,1246,,
0,12,3,0,,,,,,,,
0,12,3,0,,,,,,,,
0,12,4,0,,,,,,,,
0,12,4,0,,,,,,,,
27,12,4,2,632,3870,1653,1528,714,1577,,
7,12,5,1,1954,1974,575,707,347,1024,,
0,12,5,0,,,,,,,,
0,12,5,0,,,,,,,,
0,12,6,0,,,,,,,,
0,12,6,0,,,,,,,,
61,12,6,2,1853,1665,1100,846,864,1389,,
33,12,7,1,2165,1857,863,750,347,607,,
0,12,7,0,,,,,,,,
0,12,7,0,,,,,,,,
0,12,8,0,,,,,,,,
0,12,8,0,,,,,,,,
51,12,8,2,841,988,337,516,786,530,,
53,12,9,1,2215,1747,706,367,532,995,,
0,12,9,0,,,,,,,,
0,12,9,0,,,,,,,,
0,12,10,0,,,,,,,,
0,12,10,0,,,,,,,,
59,12,10,2,951,937,1254,1099,522,884,,
6,12,11,1,3580,990,1226,766,164,1611,,
0,12,11,0,,,,,,,,
0,12,11,0,,,,,,,,
0,12,12,0,,,,,,,,
38,12,12,2,1550,1126,754,1091,949,607,,
0,12,12,0,,,,,,,,
21,12,13,1,2498,1178,1232,658,775,1028,,
0,12,13,0,,,,,,,,
0,12,13,0,,,,,,,,
0,12,14,0,,,,,,,,
48,12,14,2,785,1501,998,782,549,377,,
0,12,14,0,,,,,,,,
56,12,15,1,796,937,912,848,2696,1262,,
0,12,15,0,,,,,,,,
0,12,15,0,,,,,,,,
0,12,16,0,,,,,,,,
14,12,16,2,2223,940,1195,1194,496,1826,,
0,12,16,0,,,,,,,,
40,12,17,1,1059,1214,1323,715,652,968,,
0,12,17,0,,,,,,,,
0,12,17,0,,,,,,,,
0,12,18,0,,,,,,,,
20,12,18,2,2053,1980,1018,874,894,509,,
0,12,18,0,,,,,,,,
60,12,19,1,1782,557,2338,428,520,1780,,
0,12,19,0,,,,,,,,
0,12,19,0,,,,,,,,
0,12,20,0,,,,,,,,
52,12,20,2,1395,1660,1397,853,634,747,,
0,12,20,0,,,,,,,,
45,12,21,1,832,3119,669,579,485,1589,,
0,12,21,0,,,,,,,,
0,12,21,0,,,,,,,,
0,12,22,0,,,,,,,,
32,12,22,2,1067,1441,946,612,261,1076,,
0,12,22,0,,,,,,,,
22,12,23,1,1987,1216,641,596,286,678,,
0,12,23,0,,,,,,,,
0,12,23,0,,,,,,,,
0,12,24,0,,,,,,,,
49,12,24,2,965,919,,1000,178,1378,,
0,12,24,0,,,,,,,,
63,12,25,1,967,677,1189,934,394,1331,,
0,12,25,0,,,,,,,,
0,12,25,0,,,,,,,,
0,12,26,0,,,,,,,,
9,12,26,2,3354,537,1696,1637,1233,1190,,
0,12,26,0,,,,,,,,
19,12,27,1,1847,893,761,716,918,726,,
0,12,27,0,,,,,,,,
0,12,27,0,,,,,,,,
0,12,28,0,,,,,,,,
29,12,28,2,2645,1347,2538,778,909,378,,
0,12,28,0,,,,,,,,
15,12,29,1,1671,1823,1373,1316,1528,805,,
0,12,29,0,,,,,,,,
0,12,29,0,,,,,,,,
0,12,30,0,,,,,,,,
46,12,30,2,1063,1438,1905,617,291,2793,,
0,12,30,0,,,,,,,,
47,12,31,1,1275,1713,1698,1600,141,1726,,
0,12,31,0,,,,,,,,
0,12,31,0,,,,,,,,
0,12,32,0,,,,,,,,
55,12,32,2,1432,2007,601,613,461,474,,
0,12,32,0,,,,,,,,
66,13,1,1,2462,2520,1027,1194,1085,1162,,
0,13,1,0,,,,,,,,
0,13,1,0,,,,,,,,
0,13,2,0,,,,,,,,
0,13,2,0,,,,,,,,
34,13,2,2,2861,4415,3261,2664,1754,1040,,
59,13,3,1,3444,2083,2108,2490,944,810,,
0,13,3,0,,,,,,,,
0,13,3,0,,,,,,,,
0,13,4,0,,,,,,,,
0,13,4,0,,,,,,,,
5,13,4,2,2383,3270,2606,1264,1846,1536,,
51,13,5,1,4667,3951,1905,1379,1049,983,,
0,13,5,0,,,,,,,,
0,13,5,0,,,,,,,,
0,13,6,0,,,,,,,,
0,13,6,0,,,,,,,,
42,13,6,2,2343,1418,1813,2107,1861,870,,
16,13,7,1,4412,4457,3085,2713,1822,804,,
0,13,7,0,,,,,,,,
0,13,7,0,,,,,,,,
0,13,8,0,,,,,,,,
0,13,8,0,,,,,,,,
8,13,8,2,3741,3985,1947,2928,1294,2316,,
62,13,9,1,2922,3321,1765,990,1125,811,,
0,13,9,0,,,,,,,,
0,13,9,0,,,,,,,,
0,13,10,0,,,,,,,,
0,13,10,0,,,,,,,,
25,13,10,2,1409,2680,1180,1315,1386,1352,,
13,13,11,1,2593,1544,1752,961,1100,2025,,
0,13,11,0,,,,,,,,
0,13,11,0,,,,,,,,
0,13,12,0,,,,,,,,
41,13,12,2,2119,2512,1821,1220,826,,,
0,13,12,0,,,,,,,,
56,13,13,1,4240,2864,3168,2743,1337,1062,,
0,13,13,0,,,,,,,,
0,13,13,0,,,,,,,,
0,13,14,0,,,,,,,,
64,13,14,2,1627,3104,2132,1143,1010,1093,,
0,13,14,0,,,,,,,,
18,13,15,1,1517,1336,1780,2324,1972,1118,,
0,13,15,0,,,,,,,,
0,13,15,0,,,,,,,,
0,13,16,0,,,,,,,,
38,13,16,2,2390,3436,2378,2302,1989,1191,,
0,13,16,0,,,,,,,,
43,13,17,1,4121,2972,1814,2174,1081,948,,
0,13,17,0,,,,,,,,
0,13,17,0,,,,,,,,
0,13,18,0,,,,,,,,
60,13,18,2,2604,4863,2074,1557,1088,771,,
0,13,18,0,,,,,,,,
37,13,19,1,2825,2542,4694,3804,618,,,
0,13,19,0,,,,,,,,
0,13,19,0,,,,,,,,
0,13,20,0,,,,,,,,
32,13,20,2,5413,3330,4344,1663,845,1089,,
0,13,20,0,,,,,,,,
57,13,21,1,3511,1824,1502,1814,1077,729,,
0,13,21,0,,,,,,,,
0,13,21,0,,,,,,,,
0,13,22,0,,,,,,,,
24,13,22,2,3224,3045,3238,3274,2371,893,,
0,13,22,0,,,,,,,,
49,13,23,1,2927,1527,3427,1971,1114,1015,,
0,13,23,0,,,,,,,,
0,13,23,0,,,,,,,,
0,13,24,0,,,,,,,,
10,13,24,2,3543,2389,2682,1575,1054,2199,,
0,13,24,0,,,,,,,,
50,13,25,1,5736,5535,2483,4355,967,953,,
0,13,25,0,,,,,,,,
0,13,25,0,,,,,,,,
0,13,26,0,,,,,,,,
40,13,26,2,3236,3461,3210,1351,179,,,
0,13,26,0,,,,,,,,
45,13,27,1,4000,1548,1622,2173,1391,1888,,
0,13,27,0,,,,,,,,
0,13,27,0,,,,,,,,
0,13,28,0,,,,,,,,
33,13,28,2,5923,3252,2115,1521,1881,3001,,
0,13,28,0,,,,,,,,
52,13,29,1,3818,1537,2610,1259,1135,1070,,
0,13,29,0,,,,,,,,
0,13,29,0,,,,,,,,
0,13,30,0,,,,,,,,
48,13,30,2,4645,3628,1521,1723,1179,813,,
0,13,30,0,,,,,,,,
19,13,31,1,5602,3043,1849,955,879,1935,,
0,13,31,0,,,,,,,,
0,13,31,0,,,,,,,,
0,13,32,0,,,,,,,,
27,13,32,2,3240,2624,2158,2325,968,586,,
0,13,32,0,,,,,,,,
43,14,1,1,1262,1332,838,1268,975,815,,
0,14,1,0,,,,,,,,
0,14,1,0,,,,,,,,
0,14,2,0,,,,,,,,
0,14,2,0,,,,,,,,
62,14,2,2,1269,1552,1179,1899,1831,889,,
51,14,3,1,1691,1376,1294,1064,905,2986,,
0,14,3,0,,,,,,,,
0,14,3,0,,,,,,,,
0,14,4,0,,,,,,,,
0,14,4,0,,,,,,,,
17,14,4,2,2299,2697,2063,1889,2719,2365,,
15,14,5,1,2782,2638,1186,959,1710,970,,
0,14,5,0,,,,,,,,
0,14,5,0,,,,,,,,
0,14,6,0,,,,,,,,
0,14,6,0,,,,,,,,
45,14,6,2,1217,951,1640,933,812,781,181,
49,14,7,1,1472,634,1146,1119,1225,923,,
0,14,7,0,,,,,,,,
0,14,7,0,,,,,,,,
0,14,8,0,,,,,,,,
0,14,8,0,,,,,,,,
24,14,8,2,1581,1667,672,854,890,1292,,
41,14,9,1,804,1460,912,575,911,973,,
0,14,9,0,,,,,,,,
0,14,9,0,,,,,,,,
0,14,10,0,,,,,,,,
0,14,10,0,,,,,,,,
35,14,10,2,939,1231,699,739,983,801,,
61,14,11,1,1920,1599,2250,542,666,2085,,
0,14,11,0,,,,,,,,
0,14,11,0,,,,,,,,
0,14,12,0,,,,,,,,
64,14,12,2,1483,1839,1334,1727,902,573,,
0,14,12,0,,,,,,,,
21,14,13,1,1968,948,1002,865,1710,1200,,
0,14,13,0,,,,,,,,
0,14,13,0,,,,,,,,
0,14,14,0,,,,,,,,
38,14,14,2,1125,839,1127,1281,1613,1505,,
0,14,14,0,,,,,,,,
39,14,15,1,967,1152,1125,1599,1640,1753,,
0,14,15,0,,,,,,,,
0,14,15,0,,,,,,,,
0,14,16,0,,,,,,,,
8,14,16,2,3457,1379,2174,1880,1051,682,,
0,14,16,0,,,,,,,,
14,14,17,1,2076,1135,1255,1234,903,2259,,
0,14,17,0,,,,,,,,
0,14,17,0,,,,,,,,
0,14,18,0,,,,,,,,
40,14,18,2,1168,1364,1222,1330,1253,1032,,
0,14,18,0,,,,,,,,
31,14,19,1,1167,1041,1426,725,870,649,,
0,14,19,0,,,,,,,,
0,14,19,0,,,,,,,,
0,14,20,0,,,,,,,,
66,14,20,2,2069,2075,1452,1198,875,1009,,
0,14,20,0,,,,,,,,
12,14,21,1,2637,2174,1342,940,1204,882,,
0,14,21,0,,,,,,,,
0,14,21,0,,,,,,,,
0,14,22,0,,,,,,,,
30,14,22,2,1374,1140,971,1101,920,842,,
0,14,22,0,,,,,,,,
53,14,23,1,1829,1481,1212,904,745,1226,,
0,14,23,0,,,,,,,,
0,14,23,0,,,,,,,,
0,14,24,0,,,,,,,,
29,14,24,2,2621,987,1127,1213,1225,1356,,
0,14,24,0,,,,,,,,
22,14,25,1,2420,1287,1051,1570,857,1045,,
0,14,25,0,,,,,,,,
0,14,25,0,,,,,,,,
0,14,26,0,,,,,,,,
47,14,26,2,1385,850,1458,1532,955,657,,
0,14,26,0,,,,,,,,
56,14,27,1,1084,834,1129,695,1000,1854,,
0,14,27,0,,,,,,,,
0,14,27,0,,,,,,,,
0,14,28,0,,,,,,,,
5,14,28,2,4236,1102,3540,1465,2424,1510,,
0,14,28,0,,,,,,,,
26,14,29,1,3089,1979,2130,1340,1290,823,,
0,14,29,0,,,,,,,,
0,14,29,0,,,,,,,,
0,14,30,0,,,,,,,,
54,14,30,2,1446,2093,1041,1465,1063,776,,
0,14,30,0,,,,,,,,
27,14,31,1,1664,2663,1734,1259,1113,1469,,
0,14,31,0,,,,,,,,
0,14,31,0,,,,,,,,
0,14,32,0,,,,,,,,
28,14,32,2,1302,1011,930,975,853,1337,,
0,14,32,0,,,,,,,,
63,15,1,1,3215,4715,3862,3292,2852,921,,
0,15,1,0,,,,,,,,
0,15,1,0,,,,,,,,
0,15,2,0,,,,,,,,
0,15,2,0,,,,,,,,
23,15,2,2,3342,4388,2146,2529,2089,1225,,
41,15,3,1,2676,1703,1905,1808,676,1699,,
0,15,3,0,,,,,,,,
0,15,3,0,,,,,,,,
0,15,4,0,,,,,,,,
0,15,4,0,,,,,,,,
45,15,4,2,1639,3139,3027,1160,1724,2959,,
39,15,5,1,2251,2240,1874,1582,1477,987,,
0,15,5,0,,,,,,,,
0,15,5,0,,,,,,,,
0,15,6,0,,,,,,,,
0,15,6,0,,,,,,,,
10,15,6,2,2433,3157,2909,1837,1731,1246,,
5,15,7,1,3783,3043,2920,3582,1449,1048,,
0,15,7,0,,,,,,,,
0,15,7,0,,,,,,,,
0,15,8,0,,,,,,,,
0,15,8,0,,,,,,,,
55,15,8,2,1221,2166,1350,363,1535,2100,,
59,15,9,1,2334,1682,1530,1614,1636,1518,318,
0,15,9,0,,,,,,,,
0,15,9,0,,,,,,,,
0,15,10,0,,,,,,,,
0,15,10,0,,,,,,,,
57,15,10,2,1732,2075,1620,1460,2008,1378,,
65,15,11,1,2265,1656,2849,1494,751,1502,,
0,15,11,0,,,,,,,,
0,15,11,0,,,,,,,,
0,15,12,0,,,,,,,,
26,15,12,2,2302,7521,2522,2603,1719,809,,
0,15,12,0,,,,,,,,
30,15,13,1,2334,3631,1521,3092,3153,1504,,
0,15,13,0,,,,,,,,
0,15,13,0,,,,,,,,
0,15,14,0,,,,,,,,
53,15,14,2,2645,1840,2344,1715,1761,841,,
0,15,14,0,,,,,,,,
43,15,15,1,890,1605,1560,1868,1199,2174,,
0,15,15,0,,,,,,,,
0,15,15,0,,,,,,,,
0,15,16,0,,,,,,,,
18,15,16,2,2740,3579,5330,2487,1060,1011,,
0,15,16,0,,,,,,,,
8,15,17,1,2361,3272,3367,2279,1091,1453,,
0,15,17,0,,,,,,,,
0,15,17,0,,,,,,,,
0,15,18,0,,,,,,,,
37,15,18,2,808,2692,3214,2573,2550,1634,,
0,15,18,0,,,,,,,,
27,15,19,1,1023,2350,2979,2405,3637,1045,,
0,15,19,0,,,,,,,,
0,15,19,0,,,,,,,,
0,15,20,0,,,,,,,,
49,15,20,2,5437,2309,2972,1448,1068,1560,,
0,15,20,0,,,,,,,,
17,15,21,1,2535,2447,2266,2217,1174,898,,
0,15,21,0,,,,,,,,
0,15,21,0,,,,,,,,
0,15,22,0,,,,,,,,
54,15,22,2,2832,1543,3184,1768,1114,1520,,
0,15,22,0,,,,,,,,
22,15,23,1,2037,2655,2294,2122,1872,1601,,
0,15,23,0,,,,,,,,
0,15,23,0,,,,,,,,
0,15,24,0,,,,,,,,
7,15,24,2,3242,2308,2499,2341,1892,1508,,
0,15,24,0,,,,,,,,
12,15,25,1,3437,3382,2974,2824,911,1459,,
0,15,25,0,,,,,,,,
0,15,25,0,,,,,,,,
0,15,26,0,,,,,,,,
36,15,26,2,3306,2142,1677,2740,1072,3005,,
0,15,26,0,,,,,,,,
9,15,27,1,3279,3147,1899,2614,1433,1682,,
0,15,27,0,,,,,,,,
0,15,27,0,,,,,,,,
0,15,28,0,,,,,,,,
20,15,28,2,1280,4981,1698,3323,2290,2686,,
0,15,28,0,,,,,,,,
19,15,29,1,3707,2980,1731,2263,1783,1314,282,
0,15,29,0,,,,,,,,
0,15,29,0,,,,,,,,
0,15,30,0,,,,,,,,
33,15,30,2,4169,2113,3166,2794,1836,2940,,
0,15,30,0,,,,,,,,
62,15,31,1,1865,3216,2461,2608,1384,617,,
0,15,31,0,,,,,,,,
0,15,31,0,,,,,,,,
0,15,32,0,,,,,,,,
25,15,32,2,2696,2433,1554,1201,939,1136,,
0,15,32,0,,,,,,,,
6,16,1,1,6254,5286,2203,2997,1094,2385,,
0,16,1,0,,,,,,,,
0,16,1,0,,,,,,,,
0,16,2,0,,,,,,,,
0,16,2,0,,,,,,,,
42,16,2,2,3453,2316,1617,2358,3460,1794,,
63,16,3,1,2069,1748,1191,4683,2336,3261,,
0,16,3,0,,,,,,,,
0,16,3,0,,,,,,,,
0,16,4,0,,,,,,,,
0,16,4,0,,,,,,,,
12,16,4,2,2647,6012,3273,1465,2243,1967,,
48,16,5,1,3594,2302,1629,2965,1513,1241,,
0,16,5,0,,,,,,,,
0,16,5,0,,,,,,,,
0,16,6,0,,,,,,,,
0,16,6,0,,,,,,,,
59,16,6,2,3341,3719,1663,1358,1685,1425,,
22,16,7,1,1989,2188,1465,3322,1788,1880,,
0,16,7,0,,,,,,,,
0,16,7,0,,,,,,,,
0,16,8,0,,,,,,,,
0,16,8,0,,,,,,,,
47,16,8,2,1039,2539,856,2930,2072,2082,,
35,16,9,1,2270,2304,4305,1810,2111,2248,,
0,16,9,0,,,,,,,,
0,16,9,0,,,,,,,,
0,16,10,0,,,,,,,,
0,16,10,0,,,,,,,,
16,16,10,2,2611,3501,2665,1756,2296,2030,,
14,16,11,1,2129,2460,1579,1244,3042,1241,,
0,16,11,0,,,,,,,,
0,16,11,0,,,,,,,,
0,16,12,0,,,,,,,,
39,16,12,2,2258,3336,3212,4397,2214,1385,,
0,16,12,0,,,,,,,,
15,16,13,1,2311,3063,1887,2468,2339,2067,,
0,16,13,0,,,,,,,,
0,16,13,0,,,,,,,,
0,16,14,0,,,,,,,,
25,16,14,2,2257,2203,3202,2853,2890,1568,,
0,16,14,0,,,,,,,,
53,16,15,1,1219,1552,3942,2876,2988,1987,,
0,16,15,0,,,,,,,,
0,16,15,0,,,,,,,,
0,16,16,0,,,,,,,,
65,16,16,2,2985,2113,3209,3877,2621,960,,
0,16,16,0,,,,,,,,
27,16,17,1,1971,2756,2137,997,3823,3208,,
0,16,17,0,,,,,,,,
0,16,17,0,,,,,,,,
0,16,18,0,,,,,,,,
26,16,18,2,1654,4569,4524,2719,2749,2690,,
0,16,18,0,,,,,,,,
24,16,19,1,2076,2487,2897,2574,2381,1750,,
0,16,19,0,,,,,,,,
0,16,19,0,,,,,,,,
0,16,20,0,,,,,,,,
34,16,20,2,2232,2625,2530,1844,1073,2244,,
0,16,20,0,,,,,,,,
33,16,21,1,2644,2801,2065,1815,3191,2509,,
0,16,21,0,,,,,,,,
0,16,21,0,,,,,,,,
0,16,22,0,,,,,,,,
37,16,22,2,1655,3067,2984,1334,1480,1331,,
0,16,22,0,,,,,,,,
31,16,23,1,3142,3426,3519,1821,1245,2983,,
0,16,23,0,,,,,,,,
0,16,23,0,,,,,,,,
0,16,24,0,,,,,,,,
55,16,24,2,1966,1482,2276,3721,3114,2616,,
0,16,24,0,,,,,,,,
20,16,25,1,1954,2314,2642,2180,1536,1562,,
0,16,25,0,,,,,,,,
0,16,25,0,,,,,,,,
0,16,26,0,,,,,,,,
58,16,26,2,3151,1713,3228,2042,1560,1661,,
0,16,26,0,,,,,,,,
32,16,27,1,3275,1711,1487,1276,2056,2817,,
0,16,27,0,,,,,,,,
0,16,27,0,,,,,,,,
0,16,28,0,,,,,,,,
51,16,28,2,2444,1454,3181,1450,2004,4673,,
0,16,28,0,,,,,,,,
21,16,29,1,4226,2167,2193,2581,1960,2329,,
0,16,29,0,,,,,,,,
0,16,29,0,,,,,,,,
0,16,30,0,,,,,,,,
62,16,30,2,5229,3643,4444,3704,2693,2434,,
0,16,30,0,,,,,,,,
66,16,31,1,1610,2954,3197,1486,1158,2859,,
0,16,31,0,,,,,,,,
0,16,31,0,,,,,,,,
0,16,32,0,,,,,,,,
18,16,32,2,3641,3782,2004,1146,2280,935,,
0,16,32,0,,,,,,,,
